[0.0013216614024713635, 0.031771689653396606, 0.966906726360321]
[0.0041780476458370686, 0.05455993860960007, 0.9412620067596436]
[0.7999281883239746, 0.1765221506357193, 0.023549646139144897]
[0.030408941209316254, 0.17921577394008636, 0.790375292301178]
[0.6256906986236572, 0.2915870249271393, 0.08272234350442886]
[0.038877081125974655, 0.3416922688484192, 0.619430661201477]
[0.029531819745898247, 0.5644674301147461, 0.4060007929801941]
[0.0725136250257492, 0.41211679577827454, 0.5153695940971375]
[0.5918629169464111, 0.3437296152114868, 0.06440746784210205]
[0.42326828837394714, 0.5011500716209412, 0.0755816400051117]
[0.16055743396282196, 0.438957154750824, 0.40048545598983765]
[0.39672592282295227, 0.5000856518745422, 0.1031884104013443]
[0.002533264923840761, 0.015857916325330734, 0.9816088080406189]
