[0.001937065040692687, 0.031743668019771576, 0.9663192629814148]
[0.004168523009866476, 0.1221206784248352, 0.8737108707427979]
[0.04122156649827957, 0.24040934443473816, 0.7183691263198853]
[0.007054026238620281, 0.30000150203704834, 0.6929444670677185]
[0.004002587869763374, 0.14834226667881012, 0.8476551175117493]
[0.034851767122745514, 0.283539742231369, 0.6816085577011108]
[0.007641115691512823, 0.07774201780557632, 0.9146168828010559]
[0.12938804924488068, 0.4266479015350342, 0.44396403431892395]
[0.011860091239213943, 0.10824572294950485, 0.8798941373825073]
[0.027543671429157257, 0.4627687633037567, 0.5096875429153442]
[0.003379743779078126, 0.03874887526035309, 0.9578713178634644]
[0.011191599071025848, 0.09797916561365128, 0.8908292651176453]
[0.1313037872314453, 0.7244601249694824, 0.14423608779907227]
[0.007360886316746473, 0.09791131317615509, 0.8947277665138245]
[0.0022618884686380625, 0.02843976579606533, 0.9692983031272888]
[0.00472243083640933, 0.04773527756333351, 0.9475423097610474]
[0.06068353354930878, 0.526936411857605, 0.41238000988960266]
