[0.004447939805686474, 0.14975537359714508, 0.8457966446876526]
[0.00864165648818016, 0.10904520004987717, 0.8823131322860718]
[0.00646278215572238, 0.13625872135162354, 0.8572784662246704]
[0.23905901610851288, 0.5360786318778992, 0.22486236691474915]
[0.009384287521243095, 0.10937127470970154, 0.881244421005249]
[0.03607138246297836, 0.27285000681877136, 0.6910786032676697]
[0.03941402584314346, 0.5468149185180664, 0.4137710630893707]
[0.0022035501897335052, 0.029172411188483238, 0.9686240553855896]
[0.03577013313770294, 0.27976876497268677, 0.6844611167907715]
[0.03318517655134201, 0.2203386127948761, 0.7464762330055237]
[0.019861964508891106, 0.38211381435394287, 0.5980241298675537]
[0.02854469045996666, 0.21291343867778778, 0.7585418224334717]
[0.0025683750864118338, 0.014587655663490295, 0.9828439950942993]
