[0.0038723894394934177, 0.33121150732040405, 0.6649160981178284]
[0.0016938672633841634, 0.015456070192158222, 0.9828501343727112]
[0.01256010215729475, 0.2610906660556793, 0.7263491749763489]
[0.02234562486410141, 0.30014458298683167, 0.6775097846984863]
[0.1819469928741455, 0.5145508050918579, 0.3035021424293518]
[0.06309844553470612, 0.4970845580101013, 0.43981704115867615]
[0.011734052561223507, 0.08848193287849426, 0.8997840285301208]
[0.04117374122142792, 0.6668940782546997, 0.2919321656227112]
[0.06585647910833359, 0.44027209281921387, 0.49387145042419434]
[0.017357831820845604, 0.4043809473514557, 0.5782612562179565]
[0.22907763719558716, 0.5063403844833374, 0.26458191871643066]
[0.0049428087659180164, 0.07843668013811111, 0.9166204929351807]
[0.016900325194001198, 0.10874620079994202, 0.8743534088134766]
[0.00455252593383193, 0.4703088700771332, 0.5251386761665344]
