[0.01117134839296341, 0.10277478396892548, 0.8860539197921753]
[0.01609344407916069, 0.4479445517063141, 0.5359619855880737]
[0.0069675385020673275, 0.13406798243522644, 0.8589645028114319]
[0.004016218241304159, 0.03394234552979469, 0.962041437625885]
[0.001972198486328125, 0.016166366636753082, 0.9818614721298218]
[0.015223774127662182, 0.06007114797830582, 0.9247050285339355]
[0.003005699720233679, 0.02869618870317936, 0.9682981371879578]
[0.03598029538989067, 0.35774317383766174, 0.6062765121459961]
[0.023249687626957893, 0.32349100708961487, 0.65325927734375]
[0.09321703761816025, 0.24455049633979797, 0.6622324585914612]
[0.02315240539610386, 0.4654165804386139, 0.5114309787750244]
[0.01833004131913185, 0.1398366391658783, 0.8418332934379578]
[0.43062451481819153, 0.3631881773471832, 0.20618724822998047]
[0.016734128817915916, 0.25641730427742004, 0.7268485426902771]
[0.012147135101258755, 0.34256088733673096, 0.6452919840812683]
[0.2406223863363266, 0.5111486911773682, 0.24822892248630524]
[0.3275335133075714, 0.41463491320610046, 0.2578316330909729]
[0.04732252657413483, 0.18058525025844574, 0.7720922827720642]
[0.008415297605097294, 0.18948489427566528, 0.8020998239517212]
[0.010509727522730827, 0.2017412632703781, 0.7877490520477295]
[0.020430682227015495, 0.132858544588089, 0.846710741519928]
[0.0679091289639473, 0.41558754444122314, 0.5165032744407654]
[0.019846562296152115, 0.658245325088501, 0.3219081461429596]
[0.02004653960466385, 0.19261103868484497, 0.787342369556427]
[0.48450514674186707, 0.44033628702163696, 0.07515855878591537]
[0.665600597858429, 0.29010552167892456, 0.04429393634200096]
[0.5224654078483582, 0.37148863077163696, 0.10604599863290787]
[0.007269635330885649, 0.1214657872915268, 0.871264636516571]
[0.010450854897499084, 0.09924235939979553, 0.890306830406189]
[0.003542335471138358, 0.03751721233129501, 0.9589405059814453]
[0.0016533706802874804, 0.024177387356758118, 0.9741691946983337]
