[0.002754976274445653, 0.06692906469106674, 0.9303159713745117]
[0.5159476399421692, 0.38586586713790894, 0.09818657487630844]
[0.06940540671348572, 0.6063550710678101, 0.324239581823349]
[0.035917989909648895, 0.6280405521392822, 0.33604153990745544]
[0.22918744385242462, 0.514154314994812, 0.2566581964492798]
[0.020469404757022858, 0.5186702609062195, 0.46086031198501587]
[0.3053218424320221, 0.4147942066192627, 0.2798839509487152]
[0.4781465530395508, 0.4369831681251526, 0.08487026393413544]
[0.46112480759620667, 0.42405468225479126, 0.11482053995132446]
[0.5781679749488831, 0.3577755391597748, 0.06405649334192276]
[0.01679210737347603, 0.12315075844526291, 0.8600570559501648]
[0.12074651569128036, 0.3322617709636688, 0.5469916462898254]
[0.07940420508384705, 0.3936782777309418, 0.526917576789856]
[0.015384380705654621, 0.2928348183631897, 0.6917807459831238]
[0.07058069854974747, 0.33540982007980347, 0.594009518623352]
[0.2849879860877991, 0.41875678300857544, 0.2962552011013031]
