[0.4062967002391815, 0.3885820209980011, 0.20512132346630096]
[0.025049788877367973, 0.13006500899791718, 0.8448851704597473]
[0.23662056028842926, 0.5324388146400452, 0.2309405654668808]
[0.006188171915709972, 0.049653925001621246, 0.9441578984260559]
[0.004329037386924028, 0.04519268870353699, 0.9504783153533936]
[0.0036537847481667995, 0.06033927574753761, 0.9360069036483765]
[0.008318889886140823, 0.164472758769989, 0.8272083401679993]
[0.44144290685653687, 0.46832722425460815, 0.090229831635952]
[0.00905498769134283, 0.18740828335285187, 0.8035367727279663]
[0.01988881453871727, 0.15242506563663483, 0.8276861310005188]
[0.020745782181620598, 0.19869589805603027, 0.7805583477020264]
[0.12085741013288498, 0.5674644708633423, 0.3116782009601593]
[0.13314633071422577, 0.4339663088321686, 0.43288731575012207]
[0.022443903610110283, 0.39449626207351685, 0.5830598473548889]
[0.048967886716127396, 0.28180623054504395, 0.669225811958313]
[0.13287904858589172, 0.351341187953949, 0.5157797336578369]
[0.00265892269089818, 0.03396540507674217, 0.9633756875991821]
[0.0909479409456253, 0.7231389880180359, 0.1859131008386612]
[0.16474513709545135, 0.5081654787063599, 0.32708939909935]
[0.0475645512342453, 0.29567399621009827, 0.6567614674568176]
[0.027957962825894356, 0.5117830038070679, 0.46025902032852173]
[0.008163059130311012, 0.05800951272249222, 0.9338274002075195]
