[0.022018983960151672, 0.1155216172337532, 0.8624594211578369]
[0.0016041621565818787, 0.028322618454694748, 0.9700731635093689]
[0.009932687506079674, 0.18438436090946198, 0.8056829571723938]
[0.03415551036596298, 0.1901036649942398, 0.7757408022880554]
[0.1023554727435112, 0.3629133999347687, 0.5347311496734619]
[0.10076458752155304, 0.3031860589981079, 0.5960493683815002]
[0.007553195580840111, 0.10102725028991699, 0.891419529914856]
[0.04255229979753494, 0.3307632803916931, 0.6266844272613525]
[0.004057268612086773, 0.03750449791550636, 0.9584382176399231]
[0.002699140924960375, 0.02726137265563011, 0.9700395464897156]
[0.0029073194600641727, 0.02859220840036869, 0.9685004949569702]
[0.0027690583374351263, 0.09957925975322723, 0.8976516723632812]
[0.0019221496768295765, 0.032936252653598785, 0.9651415348052979]
[0.015751328319311142, 0.261056125164032, 0.7231925129890442]
[0.043452467769384384, 0.3877769410610199, 0.5687705874443054]
[0.002758951624855399, 0.03274981305003166, 0.9644913077354431]
