[0.00352875585667789, 0.03241917863488197, 0.9640520215034485]
[0.0030174581333994865, 0.12810243666172028, 0.8688800930976868]
[0.012091770768165588, 0.2092028111219406, 0.7787054181098938]
[0.00645908247679472, 0.0725351870059967, 0.9210057854652405]
[0.0017143700970336795, 0.03118298575282097, 0.9671027064323425]
[0.018564673140645027, 0.19899174571037292, 0.7824435830116272]
[0.01106372382491827, 0.14588122069835663, 0.8430550694465637]
[0.08540933579206467, 0.4951781928539276, 0.41941240429878235]
[0.05270000547170639, 0.3896765112876892, 0.5576234459877014]
[0.02790326252579689, 0.16066303849220276, 0.8114336729049683]
[0.0015086894854903221, 0.043725233525037766, 0.954766035079956]
[0.0013579981168732047, 0.0323316864669323, 0.9663103818893433]
[0.4321402311325073, 0.4360789656639099, 0.1317807286977768]
[0.05830763280391693, 0.2375667542219162, 0.7041256427764893]
[0.04373883828520775, 0.2319413125514984, 0.7243198156356812]
[0.0015891387593001127, 0.013932399451732635, 0.9844784736633301]
