[0.6493772864341736, 0.3031025230884552, 0.04752012714743614]
[0.0014823098899796605, 0.017230955883860588, 0.9812867045402527]
[0.0033858874812722206, 0.04001645743846893, 0.9565976858139038]
[0.004008525051176548, 0.08368746191263199, 0.9123039841651917]
[0.001754565630108118, 0.02009287104010582, 0.9781525731086731]
[0.09387169778347015, 0.18806210160255432, 0.7180662155151367]
[0.0042911977507174015, 0.048517193645238876, 0.947191596031189]
[0.7780640721321106, 0.20090192556381226, 0.021034000441432]
[0.008233808912336826, 0.21791498363018036, 0.773851215839386]
[0.10210628807544708, 0.6020532846450806, 0.2958403527736664]
[0.03767538443207741, 0.3366955816745758, 0.6256290078163147]
[0.012128904461860657, 0.36495447158813477, 0.6229166388511658]
[0.05712834373116493, 0.21057526767253876, 0.732296347618103]
[0.0036962234880775213, 0.17685718834400177, 0.8194466233253479]
[0.0036126882769167423, 0.03293665498495102, 0.9634506702423096]
[0.0032631237991154194, 0.02063317783176899, 0.9761037230491638]
