[0.034508269280195236, 0.3490649163722992, 0.6164268851280212]
[0.017048155888915062, 0.33526426553726196, 0.647687554359436]
[0.1076107993721962, 0.4491181969642639, 0.44327110052108765]
[0.03015628084540367, 0.4083782136440277, 0.5614655017852783]
[0.5105727314949036, 0.44074714183807373, 0.048680130392313004]
[0.5775042176246643, 0.3809691369533539, 0.041526634246110916]
[0.06312573701143265, 0.48635849356651306, 0.4505157470703125]
[0.002198781818151474, 0.05375637486577034, 0.9440448880195618]
[0.10305817425251007, 0.6275811195373535, 0.26936081051826477]
[0.3752870559692383, 0.5607096552848816, 0.0640033632516861]
[0.2831745743751526, 0.5795953273773193, 0.1372300237417221]
[0.5620797276496887, 0.3599989712238312, 0.07792136818170547]
[0.05753086507320404, 0.2944820821285248, 0.6479870080947876]
[0.3025208115577698, 0.6234073638916016, 0.07407180964946747]
[0.12576130032539368, 0.7778527736663818, 0.0963859111070633]
[0.6998676657676697, 0.26728418469429016, 0.03284818306565285]
[0.7423642873764038, 0.24014076590538025, 0.017494922503829002]
[0.5886695384979248, 0.37226250767707825, 0.03906795009970665]
[0.6566035747528076, 0.28803950548171997, 0.05535685643553734]
[0.45890188217163086, 0.4196076989173889, 0.12149043381214142]
[0.7258725762367249, 0.2494903951883316, 0.024637052789330482]
[0.22841809689998627, 0.5433139801025391, 0.2282678633928299]
[0.5152437686920166, 0.3961935341358185, 0.08856268227100372]
[0.044465262442827225, 0.7235139012336731, 0.23202089965343475]
[0.015215619467198849, 0.20500634610652924, 0.779778003692627]
[0.36474576592445374, 0.5659336447715759, 0.06932061165571213]
[0.4830564260482788, 0.4304277300834656, 0.0865158960223198]
[0.558195948600769, 0.36254894733428955, 0.079255111515522]
[0.28442439436912537, 0.6149088740348816, 0.10066670924425125]
[0.26768213510513306, 0.4017176628112793, 0.33060017228126526]
[0.00892411358654499, 0.2018587291240692, 0.7892171740531921]
