[0.27595317363739014, 0.3687252998352051, 0.3553215265274048]
[0.06499489396810532, 0.2392178624868393, 0.695787250995636]
[0.0499003604054451, 0.42853260040283203, 0.5215670466423035]
[0.0036914178635925055, 0.05191650614142418, 0.9443920850753784]
[0.012876932509243488, 0.42246919870376587, 0.5646538138389587]
[0.018650205805897713, 0.7564722299575806, 0.22487767040729523]
[0.14135897159576416, 0.7194845080375671, 0.1391565352678299]
[0.005234748125076294, 0.08924394845962524, 0.9055212736129761]
[0.001275748130865395, 0.019657522439956665, 0.9790666699409485]
[0.0027552528772503138, 0.03639787435531616, 0.9608468413352966]
[0.1245729997754097, 0.32563039660453796, 0.5497966408729553]
[0.4671088457107544, 0.4754732847213745, 0.05741780623793602]
[0.011393447406589985, 0.12450538575649261, 0.8641011714935303]
[0.06013345718383789, 0.33558255434036255, 0.6042840480804443]
[0.016394540667533875, 0.5963594317436218, 0.38724595308303833]
[0.1457340270280838, 0.6824209094047546, 0.17184503376483917]
[0.03307190537452698, 0.6867097020149231, 0.2802183926105499]
[0.03505660966038704, 0.28878313302993774, 0.6761602759361267]
[0.7356492280960083, 0.24060142040252686, 0.023749403655529022]
[0.5270518064498901, 0.4009783864021301, 0.07196982204914093]
[0.016726762056350708, 0.6755004525184631, 0.30777278542518616]
[0.05292957276105881, 0.6424568295478821, 0.3046136200428009]
[0.0025639657396823168, 0.08067155629396439, 0.916764497756958]
[0.05291108042001724, 0.3834315538406372, 0.5636573433876038]
[0.1163327619433403, 0.6264782547950745, 0.2571888864040375]
[0.0010500627104192972, 0.04896320030093193, 0.9499867558479309]
[0.013221531175076962, 0.44603145122528076, 0.5407469868659973]
[0.545249342918396, 0.42222172021865845, 0.03252890333533287]
[0.10573368519544601, 0.2667308747768402, 0.6275354623794556]
[0.07518044859170914, 0.3233879804611206, 0.6014315485954285]
[0.006676605436950922, 0.1476675271987915, 0.8456557989120483]
[0.14631357789039612, 0.5106998085975647, 0.3429865539073944]
[0.020497994497418404, 0.1375030279159546, 0.8419989943504333]
[0.0874042734503746, 0.591406524181366, 0.3211892247200012]
[0.04827762395143509, 0.34312883019447327, 0.6085934638977051]
[0.03249956667423248, 0.15089114010334015, 0.816609263420105]
[0.05013596639037132, 0.46369317173957825, 0.48617085814476013]
[0.4193454086780548, 0.4553774297237396, 0.12527720630168915]
[0.04710127413272858, 0.5307391285896301, 0.42215967178344727]
[0.008367838338017464, 0.06933639198541641, 0.9222957491874695]
