[0.001988050527870655, 0.02559245191514492, 0.9724195003509521]
[0.007876690477132797, 0.24459457397460938, 0.7475287914276123]
[0.001145811635069549, 0.012271429412066936, 0.9865826964378357]
[0.0589609369635582, 0.6697177290916443, 0.27132144570350647]
[0.0027949470095336437, 0.024163736030459404, 0.9730413556098938]
[0.562515914440155, 0.35935720801353455, 0.07812687009572983]
[0.08303021639585495, 0.39458736777305603, 0.522382378578186]
[0.24021051824092865, 0.6324217319488525, 0.12736770510673523]
[0.007565638050436974, 0.07441551238298416, 0.9180188179016113]
[0.007250523194670677, 0.0868893712759018, 0.9058601260185242]
[0.00430655712261796, 0.0567774623632431, 0.938916027545929]
[0.06762471050024033, 0.6647080183029175, 0.2676672637462616]
[0.0021183022763580084, 0.04697546362876892, 0.9509062767028809]
[0.9445617198944092, 0.051207490265369415, 0.00423090485855937]
[0.19057190418243408, 0.6397607326507568, 0.1696673482656479]
[0.2061617225408554, 0.5894168615341187, 0.20442141592502594]
[0.005051228683441877, 0.0476418174803257, 0.9473069906234741]
