[0.2720753252506256, 0.5337916016578674, 0.19413305819034576]
[0.0378582626581192, 0.6958050727844238, 0.2663366496562958]
[0.47518688440322876, 0.4281906485557556, 0.09662245213985443]
[0.23062549531459808, 0.525398850440979, 0.2439756542444229]
[0.44265592098236084, 0.4616124629974365, 0.0957316979765892]
[0.035520076751708984, 0.8434602618217468, 0.12101960182189941]
[0.5982537269592285, 0.3696463704109192, 0.03209992125630379]
[0.15857453644275665, 0.6373752355575562, 0.2040501832962036]
[0.14521171152591705, 0.4261651039123535, 0.42862311005592346]
[0.8885971903800964, 0.0994853749871254, 0.011917478404939175]
[0.34237462282180786, 0.5100625157356262, 0.14756283164024353]
[0.3997167646884918, 0.49804094433784485, 0.1022423580288887]
[0.7247104048728943, 0.23273120820522308, 0.04255835711956024]
[0.02993828058242798, 0.2592940926551819, 0.7107676863670349]
[0.24448952078819275, 0.4415152668952942, 0.31399521231651306]
[0.35920611023902893, 0.5049636363983154, 0.13583025336265564]
[0.022237319499254227, 0.3338971436023712, 0.6438654661178589]
[0.008566970005631447, 0.20188826322555542, 0.7895447015762329]
[0.01637429930269718, 0.14704422652721405, 0.8365814685821533]
[0.013021521270275116, 0.3490503132343292, 0.6379281878471375]
