[0.007370255887508392, 0.08463765680789948, 0.9079920649528503]
[0.012449856847524643, 0.14889156818389893, 0.8386585116386414]
[0.017001397907733917, 0.17987164855003357, 0.8031269311904907]
[0.9092839360237122, 0.08051279932260513, 0.010203230194747448]
[0.011065355502068996, 0.1085093691945076, 0.8804253339767456]
[0.004677628166973591, 0.08269698172807693, 0.9126253724098206]
[0.08778882771730423, 0.46224385499954224, 0.44996732473373413]
[0.20905637741088867, 0.5887513160705566, 0.2021923065185547]
[0.0454980805516243, 0.4500581622123718, 0.5044437050819397]
[0.21705876290798187, 0.3722634017467499, 0.41067788004875183]
[0.07494577765464783, 0.42835599184036255, 0.49669820070266724]
[0.031160656362771988, 0.3246428072452545, 0.6441964507102966]
[0.3820996582508087, 0.4810445010662079, 0.13685590028762817]
[0.6767532229423523, 0.29288798570632935, 0.03035874478518963]
[0.38558363914489746, 0.36858534812927246, 0.2458309829235077]
[0.22209857404232025, 0.4070529639720917, 0.37084850668907166]
[0.0027984753251075745, 0.0411360040307045, 0.9560655355453491]
