[0.7750062942504883, 0.20864008367061615, 0.01635359786450863]
[0.04985228553414345, 0.33160510659217834, 0.6185426115989685]
[0.8437891006469727, 0.14097924530506134, 0.01523167546838522]
[0.002341887913644314, 0.022195568308234215, 0.9754624962806702]
[0.06410793215036392, 0.22034354507923126, 0.7155485153198242]
[0.4647987186908722, 0.49780580401420593, 0.03739556670188904]
[0.9235742688179016, 0.07062739133834839, 0.0057982951402664185]
[0.07043375074863434, 0.5798263549804688, 0.34973981976509094]
[0.5472581386566162, 0.3705660402774811, 0.08217579871416092]
[0.29400262236595154, 0.5469256043434143, 0.15907183289527893]
[0.5900762677192688, 0.3814168870449066, 0.028506914153695107]
[0.6672815680503845, 0.28301307559013367, 0.0497053824365139]
[0.8380802273750305, 0.15139447152614594, 0.010525306686758995]
[0.09149092435836792, 0.6084184646606445, 0.30009058117866516]
[0.1009412407875061, 0.4225514829158783, 0.4765072464942932]
[0.9481571316719055, 0.04858938604593277, 0.003253405215218663]
[0.05739764869213104, 0.4625948965549469, 0.48000749945640564]
[0.10242266952991486, 0.26202037930488586, 0.6355569958686829]
[0.16810712218284607, 0.42930305004119873, 0.4025897979736328]
[0.016916237771511078, 0.25002890825271606, 0.7330548763275146]
[0.004450744017958641, 0.030982501804828644, 0.9645668268203735]
