[0.03295834735035896, 0.1380748599767685, 0.8289668560028076]
[0.003156827762722969, 0.03395440801978111, 0.962888777256012]
[0.005809910595417023, 0.07356005907058716, 0.9206300377845764]
[0.34906619787216187, 0.5898227095603943, 0.06111113354563713]
[0.20604853332042694, 0.4228788912296295, 0.37107259035110474]
[0.10116862505674362, 0.3448082208633423, 0.5540230870246887]
[0.025772670283913612, 0.5991611480712891, 0.37506619095802307]
[0.4020001292228699, 0.40176334977149963, 0.1962365359067917]
[0.005334561690688133, 0.08834375441074371, 0.9063217043876648]
[0.33194199204444885, 0.5100464820861816, 0.15801149606704712]
[0.02507195621728897, 0.35702136158943176, 0.6179066300392151]
[0.32325097918510437, 0.4048738181591034, 0.2718752324581146]
[0.03676384687423706, 0.2890920341014862, 0.6741440892219543]
[0.05202522128820419, 0.3699673116207123, 0.5780074596405029]
[0.026233244687318802, 0.19270320236682892, 0.7810635566711426]
[0.16053999960422516, 0.42838025093078613, 0.4110797345638275]
[0.05321766063570976, 0.2475944608449936, 0.6991878747940063]
[0.20143693685531616, 0.5390421152114868, 0.2595210373401642]
[0.10402504354715347, 0.2658320367336273, 0.6301429867744446]
[0.004445756319910288, 0.06592530757188797, 0.9296289086341858]
[0.08345913887023926, 0.23368126153945923, 0.6828595995903015]
[0.1223740354180336, 0.6151027083396912, 0.26252317428588867]
