[0.8637325763702393, 0.12626074254512787, 0.010006657801568508]
[0.06260985136032104, 0.6162596344947815, 0.3211304843425751]
[0.040829241275787354, 0.3405526578426361, 0.6186180710792542]
[0.0934847965836525, 0.2525235414505005, 0.65399169921875]
[0.5088052153587341, 0.37071433663368225, 0.12048042565584183]
[0.2414325773715973, 0.4781148433685303, 0.2804526090621948]
[0.37814995646476746, 0.3530016243457794, 0.26884838938713074]
[0.21537724137306213, 0.5245349407196045, 0.260087788105011]
[0.06291891634464264, 0.3901497423648834, 0.5469313859939575]
[0.05504634976387024, 0.43052956461906433, 0.5144240260124207]
[0.0024065703619271517, 0.08297119289636612, 0.9146222472190857]
[0.8498181700706482, 0.11926745623350143, 0.030914368107914925]
[0.08450807631015778, 0.21774767339229584, 0.6977442502975464]
[0.9047664999961853, 0.08631081879138947, 0.008922658860683441]
[0.4430736005306244, 0.3999704420566559, 0.15695589780807495]
[0.01927156001329422, 0.42134371399879456, 0.5593847036361694]
[0.4811501204967499, 0.4541581869125366, 0.06469160318374634]
[0.6446240544319153, 0.2943424880504608, 0.06103343516588211]
[0.01295626163482666, 0.19252458214759827, 0.7945191860198975]
[0.09196063876152039, 0.21026456356048584, 0.6977747678756714]
[0.7377898097038269, 0.21135468780994415, 0.05085555091500282]
[0.5692250728607178, 0.372368186712265, 0.05840667709708214]
[0.8307324051856995, 0.1468878537416458, 0.02237975411117077]
[0.1760387420654297, 0.21896034479141235, 0.605000913143158]
[0.4702143967151642, 0.45290353894233704, 0.07688203454017639]
[0.6315268278121948, 0.2632463872432709, 0.1052267998456955]
