[0.07756742835044861, 0.4361131489276886, 0.48631933331489563]
[0.89529949426651, 0.09568312019109726, 0.009017381817102432]
[0.777768611907959, 0.2013627290725708, 0.02086859568953514]
[0.10643116384744644, 0.37391114234924316, 0.5196576714515686]
[0.1287260800600052, 0.732168436050415, 0.13910551369190216]
[0.013194398954510689, 0.33390265703201294, 0.6529029607772827]
[0.00842799711972475, 0.5442500114440918, 0.4473220407962799]
[0.2061730921268463, 0.5862748622894287, 0.20755206048488617]
[0.12201389670372009, 0.5754469633102417, 0.3025391697883606]
[0.210781529545784, 0.675654411315918, 0.113564133644104]
[0.265626460313797, 0.4910999536514282, 0.24327358603477478]
[0.013901368714869022, 0.2295449674129486, 0.7565536499023438]
[0.023736733943223953, 0.32147443294525146, 0.6547889113426208]
[0.04091060161590576, 0.33275923132896423, 0.6263301968574524]
[0.03999468684196472, 0.17721091210842133, 0.7827944159507751]
[0.0649218037724495, 0.639072060585022, 0.29600611329078674]
[0.037651482969522476, 0.4019370675086975, 0.5604113936424255]
[0.007735878229141235, 0.17179234325885773, 0.8204718232154846]
[0.02250330150127411, 0.4512365758419037, 0.5262600779533386]
[0.42660629749298096, 0.39799410104751587, 0.1753995716571808]
[0.008336493745446205, 0.1470547318458557, 0.8446087837219238]
[0.11410482972860336, 0.31459277868270874, 0.5713023543357849]
[0.006378257647156715, 0.04734472557902336, 0.9462770819664001]
