[0.03750676289200783, 0.2262948602437973, 0.736198365688324]
[0.08696212619543076, 0.42025455832481384, 0.49278324842453003]
[0.030144106596708298, 0.2595532536506653, 0.7103027105331421]
[0.020064756274223328, 0.6471876502037048, 0.3327476382255554]
[0.17878271639347076, 0.44256556034088135, 0.37865176796913147]
[0.009721175767481327, 0.12059426307678223, 0.8696845173835754]
[0.0196975227445364, 0.8012627959251404, 0.17903965711593628]
[0.01677967794239521, 0.23242008686065674, 0.7508001923561096]
[0.01370322983711958, 0.329188734292984, 0.6571080088615417]
[0.015056856907904148, 0.26640963554382324, 0.7185335159301758]
[0.39682862162590027, 0.47118884325027466, 0.1319824904203415]
[0.002420899225398898, 0.14800289273262024, 0.8495762348175049]
[0.14722348749637604, 0.6276610493659973, 0.22511552274227142]
[0.0174106415361166, 0.4171789288520813, 0.5654103755950928]
[0.08501440286636353, 0.5329495668411255, 0.382036030292511]
[0.010296296328306198, 0.11953574419021606, 0.8701679706573486]
[0.008876136504113674, 0.1770813763141632, 0.8140425086021423]
[0.07348621636629105, 0.42739495635032654, 0.4991188049316406]
[0.01336027029901743, 0.10073286294937134, 0.8859068751335144]
[0.13507197797298431, 0.6337997913360596, 0.2311282455921173]
[0.08541513979434967, 0.4854606091976166, 0.42912426590919495]
[0.086398184299469, 0.22271859645843506, 0.6908832788467407]
[0.08212205022573471, 0.7206864356994629, 0.19719146192073822]
[0.18348123133182526, 0.6465563774108887, 0.16996240615844727]
[0.11871935427188873, 0.3583681583404541, 0.5229125022888184]
