[0.0023106890730559826, 0.01580791547894478, 0.981881320476532]
[0.023275455459952354, 0.13822104036808014, 0.8385035395622253]
[0.0034949372056871653, 0.0466872863471508, 0.9498177766799927]
[0.013229128904640675, 0.1592119038105011, 0.8275589942932129]
[0.004930577706545591, 0.06680390238761902, 0.9282655119895935]
[0.030438540503382683, 0.31826072931289673, 0.6513007879257202]
[0.002033567288890481, 0.03344038501381874, 0.9645259976387024]
[0.38820865750312805, 0.5024965405464172, 0.10929476469755173]
[0.6386358141899109, 0.2882343828678131, 0.07312974333763123]
[0.001727549359202385, 0.03524727374315262, 0.9630251526832581]
[0.08412857353687286, 0.360240638256073, 0.5556308031082153]
[0.008967039175331593, 0.13283655047416687, 0.8581963777542114]
[0.006499375216662884, 0.08949191123247147, 0.9040087461471558]
[0.23776179552078247, 0.6918633580207825, 0.07037484645843506]
[0.008468440733850002, 0.08735723048448563, 0.904174268245697]
[0.011578226462006569, 0.3898385465145111, 0.5985831618309021]
[0.0051568010821938515, 0.09144129604101181, 0.9034019112586975]
[0.005877580493688583, 0.07302603870630264, 0.9210963845252991]
[0.8434271812438965, 0.13697277009487152, 0.01960001327097416]
[0.013701778836548328, 0.10153847187757492, 0.8847597241401672]
[0.00810303632169962, 0.03367419168353081, 0.9582228064537048]
[0.0827316865324974, 0.3081764876842499, 0.6090918779373169]
[0.0364408902823925, 0.3037532567977905, 0.6598058342933655]
[0.024762772023677826, 0.10961360484361649, 0.8656236529350281]
[0.7335421442985535, 0.24048106372356415, 0.025976866483688354]
[0.2793867588043213, 0.514818012714386, 0.2057952731847763]
[0.0319097526371479, 0.12881982326507568, 0.8392704725265503]
[0.10800241678953171, 0.3997116982936859, 0.49228590726852417]
[0.08571703732013702, 0.3559827208518982, 0.5583001971244812]
[0.01737697795033455, 0.22344711422920227, 0.7591758966445923]
