[0.4306900203227997, 0.39901289343833923, 0.17029714584350586]
[0.005624317564070225, 0.11841289699077606, 0.8759627342224121]
[0.00979265570640564, 0.17666329443454742, 0.8135440349578857]
[0.0013626172440126538, 0.022496383637189865, 0.9761409759521484]
[0.04546746239066124, 0.16438591480255127, 0.7901465892791748]
[0.3357611298561096, 0.5846021175384521, 0.07963668555021286]
[0.017311720177531242, 0.40075600147247314, 0.5819322466850281]
[0.15575824677944183, 0.3953585624694824, 0.44888314604759216]
[0.5600314736366272, 0.35105496644973755, 0.08891348540782928]
[0.4492659270763397, 0.499336302280426, 0.05139777436852455]
[0.04324209690093994, 0.1561794877052307, 0.8005784153938293]
[0.8892435431480408, 0.10223991423845291, 0.008516506291925907]
[0.05175751820206642, 0.6745753884315491, 0.2736670970916748]
[0.004209140315651894, 0.0750252828001976, 0.9207655787467957]
[0.002189796883612871, 0.0826461911201477, 0.9151639938354492]
[0.01123102381825447, 0.11218687146902084, 0.8765820264816284]
[0.021974332630634308, 0.10938531160354614, 0.8686404228210449]
[0.08189620822668076, 0.17129522562026978, 0.7468085885047913]
[0.028768423944711685, 0.11784466356039047, 0.8533868789672852]
[0.11524150520563126, 0.372033029794693, 0.5127254724502563]
[0.07098785042762756, 0.2835664749145508, 0.6454456448554993]
[0.062429267913103104, 0.21519745886325836, 0.7223732471466064]
[0.4250517785549164, 0.4894767701625824, 0.08547147363424301]
[0.17316706478595734, 0.3607972264289856, 0.46603575348854065]
