[0.00472951028496027, 0.316732794046402, 0.6785376667976379]
[0.008730289526283741, 0.11231224238872528, 0.8789574503898621]
[0.01219392940402031, 0.8446202874183655, 0.1431858092546463]
[0.002759111113846302, 0.05801067128777504, 0.93923020362854]
[0.005387577693909407, 0.12055584043264389, 0.8740566372871399]
[0.0062410482205450535, 0.2087559700012207, 0.7850030064582825]
[0.041979897767305374, 0.41596367955207825, 0.5420565009117126]
[0.011100533418357372, 0.11279920488595963, 0.8761002421379089]
[0.16047564148902893, 0.6244072318077087, 0.21511712670326233]
[0.003177371807396412, 0.06238829344511032, 0.9344343543052673]
[0.009188313968479633, 0.23665142059326172, 0.7541602253913879]
[0.013494768179953098, 0.25143325328826904, 0.7350719571113586]
[0.007856776006519794, 0.09562137722969055, 0.8965218663215637]
[0.029180144891142845, 0.2183411866426468, 0.7524786591529846]
[0.004082496743649244, 0.0629442036151886, 0.9329732656478882]
[0.005226575769484043, 0.10111633688211441, 0.8936570882797241]
