[0.010961806401610374, 0.24536824226379395, 0.7436699867248535]
[0.17347754538059235, 0.39291924238204956, 0.4336031973361969]
[0.002437517512589693, 0.021389536559581757, 0.9761728644371033]
[0.04730668291449547, 0.3073933720588684, 0.6452999114990234]
[0.005282407160848379, 0.024338865652680397, 0.9703787565231323]
[0.004830432124435902, 0.1237625852227211, 0.8714069724082947]
[0.030627189204096794, 0.26179617643356323, 0.7075766921043396]
[0.031118929386138916, 0.28605416417121887, 0.6828269362449646]
[0.07869536429643631, 0.34839802980422974, 0.5729066133499146]
[0.011322874575853348, 0.17467734217643738, 0.8139997720718384]
[0.016810690984129906, 0.1463116556406021, 0.8368776440620422]
[0.526066243648529, 0.35253509879112244, 0.1213986948132515]
[0.02159738354384899, 0.12193945050239563, 0.8564631938934326]
[0.010775594972074032, 0.08578124642372131, 0.9034431576728821]
[0.06069845333695412, 0.27237585186958313, 0.6669257283210754]
[0.011605994775891304, 0.06627841293811798, 0.9221155643463135]
[0.0046708844602108, 0.25275740027427673, 0.7425716519355774]
[0.00449669174849987, 0.058919284492731094, 0.9365839958190918]
[0.0037180425133556128, 0.0978793278336525, 0.8984026312828064]
[0.06276198476552963, 0.2887343764305115, 0.6485036611557007]
[0.0016435005236417055, 0.017770349979400635, 0.9805861711502075]
