[0.04082774743437767, 0.7507907748222351, 0.20838144421577454]
[0.013616329990327358, 0.2934585213661194, 0.6929251551628113]
[0.003333884058520198, 0.018549084663391113, 0.9781171083450317]
[0.010936279781162739, 0.08623529225587845, 0.9028284549713135]
[0.07131010293960571, 0.5672606825828552, 0.3614291846752167]
[0.5289750099182129, 0.42445799708366394, 0.046567026525735855]
[0.0016892331186681986, 0.020547427237033844, 0.977763295173645]
[0.015530426986515522, 0.18412461876869202, 0.8003449440002441]
[0.0022473116405308247, 0.07108700275421143, 0.926665723323822]
[0.05734837055206299, 0.7210559844970703, 0.22159571945667267]
[0.029966872185468674, 0.23277497291564941, 0.7372581362724304]
[0.0020568992476910353, 0.04443849250674248, 0.9535045623779297]
[0.030832063406705856, 0.25127094984054565, 0.7178969979286194]
[0.39103204011917114, 0.4890844225883484, 0.11988357454538345]
[0.23676180839538574, 0.4750286042690277, 0.28820958733558655]
[0.0068444749340415, 0.0920562669634819, 0.9010992646217346]
[0.007084611337631941, 0.04888942465186119, 0.9440259337425232]
[0.20645853877067566, 0.6788315176963806, 0.11470991373062134]
[0.2626834511756897, 0.47777995467185974, 0.2595366835594177]
[0.8340985774993896, 0.14688916504383087, 0.01901225931942463]
[0.2542159855365753, 0.5372599959373474, 0.20852400362491608]
[0.04436621814966202, 0.3576316833496094, 0.5980021357536316]
[0.3601877689361572, 0.49116984009742737, 0.14864236116409302]
[0.5463329553604126, 0.3863491714000702, 0.06731785088777542]
[0.2679676413536072, 0.5827699303627014, 0.1492624580860138]
[0.00417874613776803, 0.07681428641080856, 0.9190069437026978]
[0.15209154784679413, 0.33500993251800537, 0.5128985643386841]
[0.023910775780677795, 0.38129568099975586, 0.5947934985160828]
