[0.011170522309839725, 0.07478836923837662, 0.9140411615371704]
[0.10161618143320084, 0.6594447493553162, 0.23893915116786957]
[0.019040150567889214, 0.2560732364654541, 0.7248865962028503]
[0.01462471205741167, 0.17682407796382904, 0.8085511922836304]
[0.2358105331659317, 0.4755125939846039, 0.288676917552948]
[0.28570565581321716, 0.47623369097709656, 0.23806065320968628]
[0.049159400165081024, 0.5084369778633118, 0.4424036145210266]
[0.2443433254957199, 0.3906417489051819, 0.3650148808956146]
[0.04108884185552597, 0.13991525769233704, 0.8189958930015564]
[0.347695916891098, 0.47631362080574036, 0.175990492105484]
[0.003934820182621479, 0.14688439667224884, 0.8491806983947754]
[0.009768559597432613, 0.058659475296735764, 0.9315719604492188]
[0.02105017937719822, 0.15157021582126617, 0.827379584312439]
[0.12296213954687119, 0.7164850234985352, 0.16055285930633545]
[0.011059717275202274, 0.14863191545009613, 0.840308427810669]
[0.05156892165541649, 0.3109426498413086, 0.6374884843826294]
[0.45846882462501526, 0.40433380007743835, 0.1371973752975464]
[0.06350558996200562, 0.4040299952030182, 0.5324643850326538]
[0.010679694823920727, 0.23903626203536987, 0.7502840757369995]
