[0.20529264211654663, 0.6762223839759827, 0.1184849962592125]
[0.6146126389503479, 0.34238705039024353, 0.04300035536289215]
[0.12547114491462708, 0.4656255841255188, 0.4089033603668213]
[0.05149463191628456, 0.7660975456237793, 0.18240784108638763]
[0.9071422219276428, 0.08376917988061905, 0.009088636375963688]
[0.43433865904808044, 0.5180806517601013, 0.047580692917108536]
[0.004393860697746277, 0.0907440334558487, 0.9048620462417603]
[0.11974259465932846, 0.4855109751224518, 0.39474648237228394]
[0.06839881837368011, 0.4767449200153351, 0.454856276512146]
[0.3878592252731323, 0.38626909255981445, 0.22587169706821442]
[0.23239459097385406, 0.5609660148620605, 0.20663948357105255]
[0.13217324018478394, 0.6622930765151978, 0.2055336833000183]
[0.8460386991500854, 0.13762778043746948, 0.01633358933031559]
[0.3982658088207245, 0.4788244068622589, 0.12290976196527481]
[0.4975906312465668, 0.3984875977039337, 0.10392172634601593]
[0.24393923580646515, 0.5956608057022095, 0.160399928689003]
[0.00393418874591589, 0.06164027377963066, 0.9344255328178406]
[0.006799323949962854, 0.08057273179292679, 0.9126279950141907]
[0.10981781035661697, 0.4302939474582672, 0.4598882496356964]
[0.032339852303266525, 0.16668899357318878, 0.8009711503982544]
[0.06557970494031906, 0.3551599085330963, 0.5792604088783264]
[0.05770060047507286, 0.4391917288303375, 0.5031076669692993]
[0.04133378341794014, 0.2679327726364136, 0.6907334923744202]
[0.06682568043470383, 0.5007624626159668, 0.4324118494987488]
[0.11930099129676819, 0.8044844269752502, 0.07621453702449799]
