[0.004379009362310171, 0.2190820276737213, 0.7765389680862427]
[0.33787277340888977, 0.5328277349472046, 0.12929950654506683]
[0.02506215125322342, 0.4098755419254303, 0.5650623440742493]
[0.008031272329390049, 0.13465160131454468, 0.8573171496391296]
[0.1828611046075821, 0.5036507248878479, 0.3134882152080536]
[0.0027106984052807093, 0.11405008286237717, 0.8832392692565918]
[0.16351652145385742, 0.6398661732673645, 0.1966172754764557]
[0.02635418251156807, 0.7149666547775269, 0.2586791217327118]
[0.01942889392375946, 0.7736079096794128, 0.2069631814956665]
[0.36313676834106445, 0.5039781928062439, 0.13288506865501404]
[0.6074730157852173, 0.3010355830192566, 0.09149134904146194]
[0.5182671546936035, 0.3906388282775879, 0.09109395742416382]
[0.24357645213603973, 0.5801253914833069, 0.17629817128181458]
[0.1291085034608841, 0.6386336088180542, 0.23225781321525574]
[0.04061425104737282, 0.2613353133201599, 0.6980504989624023]
[0.01371543575078249, 0.0912969633936882, 0.8949876427650452]
[0.05909547209739685, 0.2764347195625305, 0.6644697785377502]
[0.09317319840192795, 0.455064058303833, 0.45176276564598083]
[0.07713168859481812, 0.4679931104183197, 0.45487523078918457]
[0.026468532159924507, 0.6372380256652832, 0.336293488740921]
[0.00562492897734046, 0.1029324010014534, 0.8914426565170288]
[0.007536501158028841, 0.04108153656125069, 0.9513819813728333]
[0.011972400359809399, 0.1139209046959877, 0.8741067051887512]
[0.1562189906835556, 0.6759766936302185, 0.1678042858839035]
[0.0634901151061058, 0.49423253536224365, 0.44227728247642517]
[0.15673522651195526, 0.4826270341873169, 0.3606377840042114]
[0.13749411702156067, 0.4964160919189453, 0.3660898506641388]
[0.03735056519508362, 0.13278095424175262, 0.829868495464325]
[0.2248934805393219, 0.5262120366096497, 0.24889451265335083]
[0.3411220610141754, 0.479046106338501, 0.17983181774616241]
[0.2579740285873413, 0.5383185148239136, 0.20370745658874512]
[0.19144004583358765, 0.5180482864379883, 0.2905116379261017]
[0.38163286447525024, 0.5014967322349548, 0.11687034368515015]
[0.1230926364660263, 0.744360089302063, 0.13254722952842712]
[0.16748172044754028, 0.3798234462738037, 0.4526948630809784]
[0.6653903722763062, 0.2911793291568756, 0.043430257588624954]
[0.10934274643659592, 0.40025365352630615, 0.49040356278419495]
[0.008271526545286179, 0.11065524071455002, 0.8810731768608093]
[0.0015536666614934802, 0.09803443402051926, 0.9004119038581848]
[0.004069710616022348, 0.047472551465034485, 0.9484577775001526]
[0.08128552883863449, 0.3088988661766052, 0.6098156571388245]
[0.004340309649705887, 0.0370153933763504, 0.9586442708969116]
[0.002139260293915868, 0.10008589178323746, 0.897774875164032]
[0.09340181201696396, 0.5261937379837036, 0.3804044723510742]
[0.01769363507628441, 0.4178328812122345, 0.5644735097885132]
[0.07962145656347275, 0.43403351306915283, 0.48634493350982666]
[0.0328642874956131, 0.4487811326980591, 0.5183545351028442]
[0.13537092506885529, 0.49774807691574097, 0.36688104271888733]
[0.7665027379989624, 0.1950124204158783, 0.03848489746451378]
[0.005106146447360516, 0.03879460319876671, 0.9560992121696472]
[0.04811428114771843, 0.4645999073982239, 0.4872858226299286]
[0.2750902771949768, 0.6502440571784973, 0.07466570287942886]
[0.27892953157424927, 0.5671254396438599, 0.15394502878189087]
[0.022237176075577736, 0.1284499168395996, 0.8493128418922424]
[0.9383490681648254, 0.05526376888155937, 0.006387210916727781]
[0.8324941396713257, 0.14236195385456085, 0.02514394000172615]
[0.21182000637054443, 0.6451082825660706, 0.1430717557668686]
[0.07783375680446625, 0.5309117436408997, 0.3912545442581177]
[0.4320509433746338, 0.45658451318740845, 0.11136459559202194]
[0.057889558374881744, 0.39504632353782654, 0.5470640659332275]
[0.013329069130122662, 0.10303856432437897, 0.8836323022842407]
[0.20899757742881775, 0.6441586017608643, 0.14684388041496277]
[0.459708034992218, 0.40646612644195557, 0.13382580876350403]
[0.030377095565199852, 0.28249165415763855, 0.6871312260627747]
[0.14810073375701904, 0.28631511330604553, 0.565584123134613]
[0.011071559973061085, 0.21558499336242676, 0.7733434438705444]
[0.1224159449338913, 0.6491852402687073, 0.22839882969856262]
[0.03068382665514946, 0.6454694867134094, 0.32384663820266724]
[0.23212942481040955, 0.5189315676689148, 0.2489389181137085]
[0.1474931240081787, 0.6702250838279724, 0.1822817623615265]
[0.43033644556999207, 0.507239580154419, 0.06242401525378227]
[0.04904462769627571, 0.8710576295852661, 0.07989771664142609]
[0.09108400344848633, 0.7244482636451721, 0.18446773290634155]
[0.33828434348106384, 0.4958682954311371, 0.16584737598896027]
[0.4525470733642578, 0.44649556279182434, 0.10095743089914322]
[0.1304904669523239, 0.27162209153175354, 0.597887396812439]
[0.020782222971320152, 0.14729072153568268, 0.8319270014762878]
[0.7151396870613098, 0.25789767503738403, 0.026962576434016228]
[0.5266548991203308, 0.40450793504714966, 0.06883709877729416]
[0.8247116208076477, 0.15798655152320862, 0.017301850020885468]
[0.6899120807647705, 0.25026100873947144, 0.05982689559459686]
[0.5390394926071167, 0.4025517702102661, 0.05840877443552017]
[0.40090957283973694, 0.5244675278663635, 0.07462292164564133]
[0.3133140206336975, 0.4387221932411194, 0.2479637861251831]
[0.0070391143672168255, 0.18370851874351501, 0.8092523813247681]
[0.0867566466331482, 0.4017358720302582, 0.5115074515342712]
[0.040805865079164505, 0.3201320171356201, 0.6390621066093445]
[0.5271029472351074, 0.40175867080688477, 0.07113835215568542]
[0.13679549098014832, 0.40868526697158813, 0.45451924204826355]
[0.9353913068771362, 0.05708406865596771, 0.0075246174819767475]
[0.618604838848114, 0.32044628262519836, 0.06094890832901001]
[0.4404177963733673, 0.4596063792705536, 0.09997574239969254]
[0.3521403670310974, 0.49643760919570923, 0.15142202377319336]
[0.2575467824935913, 0.5334283709526062, 0.2090248316526413]
[0.03005291521549225, 0.4096592962741852, 0.5602877736091614]
[0.14508578181266785, 0.4579065442085266, 0.39700770378112793]
[0.005228770896792412, 0.0673520490527153, 0.927419126033783]
[0.008391384035348892, 0.09777264297008514, 0.8938360214233398]
[0.016403673216700554, 0.12293849885463715, 0.860657811164856]
[0.04875059425830841, 0.6215065121650696, 0.3297428786754608]
[0.10908042639493942, 0.793143093585968, 0.09777649492025375]
[0.28287366032600403, 0.5847978591918945, 0.1323285549879074]
[0.004300461150705814, 0.21763312816619873, 0.7780663967132568]
[0.12252852320671082, 0.7311422228813171, 0.14632919430732727]
[0.007275501266121864, 0.12083084881305695, 0.8718936443328857]
[0.03397650644183159, 0.34135666489601135, 0.6246668100357056]
[0.0018563070334494114, 0.05012829974293709, 0.9480153918266296]
[0.02524522878229618, 0.4366706311702728, 0.538084089756012]
[0.034058380872011185, 0.16006410121917725, 0.8058775067329407]
[0.040650222450494766, 0.2695552408695221, 0.6897945404052734]
[0.003741071093827486, 0.06068241968750954, 0.9355764985084534]
[0.039565227925777435, 0.6553054451942444, 0.30512937903404236]
[0.016011642292141914, 0.42843368649482727, 0.5555546283721924]
[0.13319998979568481, 0.6485325694084167, 0.21826742589473724]
[0.5412861704826355, 0.42074280977249146, 0.03797103464603424]
[0.04495500400662422, 0.48021402955055237, 0.4748309552669525]
[0.2022777795791626, 0.6519643068313599, 0.14575786888599396]
[0.011730828322470188, 0.07804520428180695, 0.9102240204811096]
[0.3937058448791504, 0.4518033266067505, 0.15449082851409912]
[0.10172051936388016, 0.36673182249069214, 0.5315476059913635]
[0.15672169625759125, 0.46307268738746643, 0.3802056610584259]
[0.22464275360107422, 0.6581404209136963, 0.11721678078174591]
[0.4116845428943634, 0.49284863471984863, 0.09546678513288498]
[0.3484615385532379, 0.5455323457717896, 0.10600606352090836]
[0.6219772696495056, 0.3226461708545685, 0.0553765706717968]
[0.011497213505208492, 0.28699126839637756, 0.701511561870575]
[0.055517397820949554, 0.28900712728500366, 0.6554754972457886]
[0.1493878811597824, 0.4555107653141022, 0.3951013684272766]
[0.12855330109596252, 0.2986193001270294, 0.5728273987770081]
[0.008081856183707714, 0.098114974796772, 0.8938031196594238]
[0.018884235993027687, 0.22970905900001526, 0.7514066696166992]
[0.08795709908008575, 0.4252540171146393, 0.48678895831108093]
[0.012539993040263653, 0.1680002510547638, 0.8194597363471985]
[0.13558128476142883, 0.7252008318901062, 0.13921795785427094]
[0.014574592933058739, 0.1270192712545395, 0.858406126499176]
[0.014733253978192806, 0.2874445915222168, 0.6978221535682678]
[0.015398314222693443, 0.17196017503738403, 0.8126415014266968]
[0.28023114800453186, 0.45297011733055115, 0.2667987048625946]
[0.018513984978199005, 0.2752753794193268, 0.7062105536460876]
[0.003087368793785572, 0.019703565165400505, 0.9772090911865234]
[0.4326380491256714, 0.509660005569458, 0.05770200118422508]
[0.13819119334220886, 0.4894105792045593, 0.3723982274532318]
[0.005033860914409161, 0.07633926719427109, 0.9186268448829651]
[0.007174023427069187, 0.6281266808509827, 0.36469924449920654]
