[0.1653507798910141, 0.292659193277359, 0.5419901013374329]
[0.024155260995030403, 0.4308689832687378, 0.5449756979942322]
[0.2714257836341858, 0.6246687769889832, 0.10390542447566986]
[0.19427098333835602, 0.7245516180992126, 0.08117745071649551]
[0.02637946605682373, 0.298177033662796, 0.6754434704780579]
[0.4114801585674286, 0.5092955827713013, 0.07922419160604477]
[0.0077878618612885475, 0.2721700072288513, 0.7200421094894409]
[0.6015380024909973, 0.3276005685329437, 0.07086141407489777]
[0.43780601024627686, 0.48539409041404724, 0.0767999067902565]
[0.13151082396507263, 0.704967737197876, 0.16352145373821259]
[0.3904857635498047, 0.5136265158653259, 0.09588777273893356]
[0.17313946783542633, 0.579677939414978, 0.24718251824378967]
[0.04099894315004349, 0.3245874345302582, 0.6344135999679565]
[0.5112535953521729, 0.37458211183547974, 0.11416419595479965]
[0.4923480749130249, 0.4523783326148987, 0.05527361109852791]
[0.28969404101371765, 0.6135807633399963, 0.0967252105474472]
[0.3234764039516449, 0.6114249229431152, 0.06509870290756226]
[0.3091782331466675, 0.5697803497314453, 0.1210414320230484]
[0.22791534662246704, 0.5251517295837402, 0.24693290889263153]
[0.13114811480045319, 0.362994521856308, 0.5058574080467224]
[0.046808794140815735, 0.38119325041770935, 0.5719980001449585]
