[0.08812972903251648, 0.20992927253246307, 0.7019410133361816]
[0.10076157003641129, 0.5263320803642273, 0.3729063868522644]
[0.47388985753059387, 0.47214052081108093, 0.05396953597664833]
[0.06480224430561066, 0.3003539443016052, 0.6348437666893005]
[0.016492465510964394, 0.19254037737846375, 0.7909671068191528]
[0.021305523812770844, 0.41429877281188965, 0.5643956661224365]
[0.5671468377113342, 0.3427789807319641, 0.09007418900728226]
[0.1734890341758728, 0.35313597321510315, 0.47337499260902405]
[0.5072778463363647, 0.42723989486694336, 0.06548231095075607]
[0.18689829111099243, 0.5153385400772095, 0.2977631092071533]
[0.042575012892484665, 0.2466338574886322, 0.7107911705970764]
[0.07833752036094666, 0.24566680192947388, 0.6759956479072571]
[0.8557308316230774, 0.12590886652469635, 0.018360283225774765]
[0.34853798151016235, 0.4377615451812744, 0.21370047330856323]
[0.008833002299070358, 0.06565284729003906, 0.9255142211914062]
[0.020408207550644875, 0.09847404807806015, 0.8811177015304565]
[0.06832777708768845, 0.27301278710365295, 0.6586593985557556]
[0.008035426028072834, 0.0801636204123497, 0.9118009805679321]
[0.24107347428798676, 0.38459616899490356, 0.3743303418159485]
[0.1710236817598343, 0.5930047035217285, 0.23597165942192078]
[0.013424052856862545, 0.149014413356781, 0.8375615477561951]
[0.011119866743683815, 0.10307751595973969, 0.885802686214447]
[0.007832159288227558, 0.06144459545612335, 0.9307233095169067]
