[0.010616233572363853, 0.1120491772890091, 0.8773345351219177]
[0.008430099114775658, 0.1023424044251442, 0.8892275094985962]
[0.03558242321014404, 0.2331390529870987, 0.7312784790992737]
[0.008925219066441059, 0.08936683088541031, 0.9017079472541809]
[0.010690517723560333, 0.10695964097976685, 0.8823497891426086]
[0.006312538404017687, 0.0852157399058342, 0.9084717035293579]
[0.0021304446272552013, 0.09951836615800858, 0.89835125207901]
[0.22915984690189362, 0.4248243570327759, 0.3460158705711365]
[0.24348047375679016, 0.43739381432533264, 0.3191256821155548]
[0.05093489959836006, 0.14474648237228394, 0.8043186068534851]
[0.11904781311750412, 0.28940582275390625, 0.591546356678009]
[0.0943409651517868, 0.16061332821846008, 0.7450456619262695]
[0.008436011150479317, 0.057885996997356415, 0.9336780309677124]
[0.12229394167661667, 0.29854002594947815, 0.579166054725647]
[0.01744748093187809, 0.08824336528778076, 0.8943091034889221]
[0.01704462803900242, 0.04985745623707771, 0.9330978989601135]
[0.05258268862962723, 0.49292489886283875, 0.4544923007488251]
[0.044440772384405136, 0.538038432598114, 0.4175208508968353]
[0.034179478883743286, 0.4289490580558777, 0.5368714332580566]
[0.015709765255451202, 0.06410155445337296, 0.9201887249946594]
[0.005370583850890398, 0.025088928639888763, 0.969540536403656]
[0.09380926191806793, 0.22917255759239197, 0.6770181059837341]
