[0.026125960052013397, 0.229341059923172, 0.7445330023765564]
[0.771399974822998, 0.18997953832149506, 0.03862050548195839]
[0.08996544778347015, 0.4554544687271118, 0.45458006858825684]
[0.018646974116563797, 0.19078604876995087, 0.7905669808387756]
[0.06854376941919327, 0.3861292600631714, 0.5453270077705383]
[0.0020994136575609446, 0.05537819862365723, 0.942522406578064]
[0.35093197226524353, 0.49347278475761414, 0.15559528768062592]
[0.022921254858374596, 0.24269427359104156, 0.7343844771385193]
[0.10531863570213318, 0.2507275938987732, 0.6439537405967712]
[0.4607965648174286, 0.39095085859298706, 0.14825256168842316]
[0.3348749577999115, 0.48861294984817505, 0.17651212215423584]
[0.2113375961780548, 0.6569353342056274, 0.13172706961631775]
[0.27267736196517944, 0.5684846043586731, 0.15883798897266388]
[0.21567301452159882, 0.467392235994339, 0.31693482398986816]
[0.957643449306488, 0.037792108952999115, 0.004564473405480385]
[0.6848581433296204, 0.2358320653438568, 0.07930980622768402]
[0.3216792047023773, 0.5529463887214661, 0.12537439167499542]
[0.21851301193237305, 0.4465329349040985, 0.33495402336120605]
[0.23059862852096558, 0.6562575101852417, 0.11314383894205093]
[0.9323201179504395, 0.06075610965490341, 0.00692379754036665]
[0.004764816258102655, 0.06699839234352112, 0.9282368421554565]
[0.050164543092250824, 0.3208804130554199, 0.628955066204071]
