[0.002152833854779601, 0.007563387043774128, 0.9902837872505188]
[0.2976513206958771, 0.6230157613754272, 0.07933291047811508]
[0.12313822656869888, 0.6150597333908081, 0.2618020176887512]
[0.13321909308433533, 0.5128157138824463, 0.3539651930332184]
[0.004187798593193293, 0.19869884848594666, 0.7971133589744568]
[0.19239535927772522, 0.4877411723136902, 0.3198634386062622]
[0.003837188007310033, 0.07242020964622498, 0.9237425923347473]
[0.04783881828188896, 0.3335750997066498, 0.6185860633850098]
[0.08193667232990265, 0.8101242184638977, 0.10793906450271606]
[0.004774001892656088, 0.06627628207206726, 0.9289497137069702]
[0.024223221465945244, 0.27091607451438904, 0.7048606872558594]
[0.016193363815546036, 0.6682522296905518, 0.31555435061454773]
[0.003748284187167883, 0.07126951217651367, 0.9249821901321411]
[0.15666303038597107, 0.709117591381073, 0.13421936333179474]
[0.02895829640328884, 0.5783652067184448, 0.3926765024662018]
[0.04100485518574715, 0.36207064986228943, 0.5969244837760925]
[0.4420313835144043, 0.5077651739120483, 0.05020338296890259]
[0.2114250361919403, 0.6867625117301941, 0.1018124520778656]
[0.6546850800514221, 0.3010065257549286, 0.04430834576487541]
[0.089137502014637, 0.7033604383468628, 0.20750203728675842]
[0.32626596093177795, 0.5706355571746826, 0.10309843719005585]
[0.7391420602798462, 0.23571570217609406, 0.02514229714870453]
[0.03802012652158737, 0.2898118197917938, 0.6721680164337158]
[0.02036227285861969, 0.273858904838562, 0.7057787775993347]
[0.004847349599003792, 0.1250411421060562, 0.8701115250587463]
[0.18170927464962006, 0.6128357648849487, 0.20545493066310883]
[0.5365601778030396, 0.40899941325187683, 0.05444043129682541]
[0.017976244911551476, 0.44759970903396606, 0.5344240665435791]
[0.4590549170970917, 0.4020804464817047, 0.13886462152004242]
[0.5089635848999023, 0.43240028619766235, 0.05863609537482262]
[0.44446104764938354, 0.5120413303375244, 0.04349760711193085]
[0.10686775296926498, 0.2903217673301697, 0.6028104424476624]
[0.26961004734039307, 0.6601266264915466, 0.07026328146457672]
[0.49537718296051025, 0.4431914687156677, 0.06143135949969292]
[0.4142063856124878, 0.4150923192501068, 0.1707013100385666]
[0.10113189369440079, 0.4037364721298218, 0.49513155221939087]
[0.0057774861343204975, 0.07206257432699203, 0.9221599698066711]
[0.03602634742856026, 0.2576014995574951, 0.706372082233429]
[0.32498523592948914, 0.5300811529159546, 0.14493367075920105]
[0.08638713508844376, 0.28251197934150696, 0.6311008930206299]
[0.12236137688159943, 0.40219753980636597, 0.4754411280155182]
[0.004853394813835621, 0.02917778119444847, 0.965968906879425]
