[0.004606910515576601, 0.01543394010514021, 0.9799591302871704]
[0.07231598347425461, 0.3965027928352356, 0.5311812162399292]
[0.021904855966567993, 0.4431490898132324, 0.5349460244178772]
[0.5720108151435852, 0.33662548661231995, 0.09136363863945007]
[0.0505511537194252, 0.37915998697280884, 0.5702888369560242]
[0.6423034071922302, 0.2765681743621826, 0.08112841844558716]
[0.3346235454082489, 0.4554819166660309, 0.20989450812339783]
[0.01829872652888298, 0.09169547259807587, 0.8900057673454285]
[0.001904042437672615, 0.017321918159723282, 0.9807739853858948]
[0.0028104856610298157, 0.04036281630396843, 0.9568267464637756]
[0.06419232487678528, 0.5527777075767517, 0.3830300271511078]
[0.08065827190876007, 0.6019656658172607, 0.31737613677978516]
[0.04057382792234421, 0.3096539378166199, 0.6497722864151001]
[0.0160583034157753, 0.23105177283287048, 0.75288987159729]
[0.2753458619117737, 0.4644596576690674, 0.26019448041915894]
[0.06002223119139671, 0.6065704226493835, 0.33340737223625183]
[0.6268278360366821, 0.3056230843067169, 0.06754909455776215]
[0.17004284262657166, 0.43497371673583984, 0.3949834704399109]
[0.1710706651210785, 0.5663095712661743, 0.2626197338104248]
[0.48008978366851807, 0.4598837196826935, 0.06002643331885338]
[0.6588457822799683, 0.2951137125492096, 0.046040549874305725]
[0.5335290431976318, 0.35820722579956055, 0.10826375335454941]
[0.07298678159713745, 0.42064931988716125, 0.5063638687133789]
[0.0319623127579689, 0.11295094341039658, 0.8550867438316345]
[0.006769643630832434, 0.05265981703996658, 0.9405705332756042]
[0.07398379594087601, 0.3063712418079376, 0.6196449995040894]
[0.11239594966173172, 0.5909133553504944, 0.2966906726360321]
[0.5394042134284973, 0.38385292887687683, 0.07674285769462585]
[0.1766681671142578, 0.5931223630905151, 0.23020948469638824]
[0.19941523671150208, 0.536981999874115, 0.26360276341438293]
[0.13716678321361542, 0.4197304844856262, 0.44310277700424194]
[0.3463636338710785, 0.5056162476539612, 0.1480201631784439]
[0.726203441619873, 0.25001204013824463, 0.023784557357430458]
[0.1780862659215927, 0.6992936134338379, 0.12262006849050522]
