[0.17799986898899078, 0.5416524410247803, 0.2803477346897125]
[0.26013198494911194, 0.3926399350166321, 0.3472280502319336]
[0.004672100301831961, 0.08004053682088852, 0.9152873754501343]
[0.23406684398651123, 0.46049419045448303, 0.3054390251636505]
[0.059400152415037155, 0.6172828674316406, 0.3233170211315155]
[0.0638083964586258, 0.6558797359466553, 0.2803118824958801]
[0.2280377894639969, 0.6476786732673645, 0.12428354471921921]
[0.7257096767425537, 0.25235018134117126, 0.021940145641565323]
[0.02237343043088913, 0.6218379735946655, 0.35578855872154236]
[0.5097785592079163, 0.3934982419013977, 0.09672315418720245]
[0.03263843059539795, 0.4948819875717163, 0.47247955203056335]
[0.022222725674510002, 0.3713415265083313, 0.6064357161521912]
[0.0074880351312458515, 0.22806312143802643, 0.764448881149292]
[0.010572423227131367, 0.2700446844100952, 0.7193828821182251]
[0.43787750601768494, 0.5061377882957458, 0.05598469078540802]
[0.0941670835018158, 0.5854364633560181, 0.32039645314216614]
[0.17351767420768738, 0.7701350450515747, 0.05634727329015732]
[0.009653709828853607, 0.14887411892414093, 0.8414721488952637]
[0.008445669896900654, 0.1315908133983612, 0.8599635362625122]
[0.009873627685010433, 0.09668295085430145, 0.8934434056282043]
[0.036059893667697906, 0.2272195965051651, 0.7367205619812012]
[0.20749127864837646, 0.5896351933479309, 0.20287348330020905]
[0.005609107669442892, 0.07148236781358719, 0.9229084849357605]
[0.0328531414270401, 0.16471077501773834, 0.8024360537528992]
[0.17599104344844818, 0.41573530435562134, 0.4082736670970917]
[0.04988868907094002, 0.2600385248661041, 0.690072774887085]
[0.09749805182218552, 0.3754383623600006, 0.5270636081695557]
[0.07343080639839172, 0.367771714925766, 0.5587975382804871]
[0.044817131012678146, 0.37494251132011414, 0.5802403688430786]
[0.0018304756376892328, 0.05271589383482933, 0.9454535841941833]
