[0.12937842309474945, 0.4494205415248871, 0.42120102047920227]
[0.0029094580095261335, 0.043138641864061356, 0.9539518356323242]
[0.0015948881627991796, 0.021053753793239594, 0.9773513674736023]
[0.025230729952454567, 0.3918316662311554, 0.5829376578330994]
[0.36920294165611267, 0.5294951796531677, 0.10130190849304199]
[0.057295285165309906, 0.29172763228416443, 0.6509770750999451]
[0.1102600023150444, 0.6075511574745178, 0.2821888327598572]
[0.33507680892944336, 0.4133543074131012, 0.25156891345977783]
[0.15767799317836761, 0.7422128319740295, 0.10010922700166702]
[0.014194563962519169, 0.13112643361091614, 0.8546790480613708]
[0.22106340527534485, 0.4420357644557953, 0.33690083026885986]
[0.25126659870147705, 0.6803351640701294, 0.06839822977781296]
[0.01707085594534874, 0.13559427857398987, 0.8473348021507263]
[0.015560461208224297, 0.17856918275356293, 0.8058704137802124]
[0.19063180685043335, 0.622245192527771, 0.18712307512760162]
[0.06446646898984909, 0.3398135006427765, 0.5957200527191162]
[0.00603885855525732, 0.031252242624759674, 0.9627088904380798]
[0.02323414757847786, 0.11286846548318863, 0.8638973832130432]
[0.008421434089541435, 0.0981052815914154, 0.8934732675552368]
[0.007108001504093409, 0.0423855185508728, 0.9505065083503723]
[0.00420609675347805, 0.03177393227815628, 0.9640200138092041]
[0.002250535413622856, 0.022633034735918045, 0.9751164317131042]
[0.6244407892227173, 0.3466113805770874, 0.028947725892066956]
