[0.003159887157380581, 0.015119446441531181, 0.9817206859588623]
[0.016810217872262, 0.1346719115972519, 0.848517894744873]
[0.11501801013946533, 0.47461289167404175, 0.41036906838417053]
[0.01879287324845791, 0.11347585171461105, 0.8677312731742859]
[0.004686281085014343, 0.03408312425017357, 0.9612306356430054]
[0.004819411784410477, 0.08152259141206741, 0.9136579632759094]
[0.1189291924238205, 0.18487481772899628, 0.6961960196495056]
[0.034564197063446045, 0.14511877298355103, 0.8203170299530029]
[0.11179926991462708, 0.30205798149108887, 0.5861426591873169]
[0.9367203712463379, 0.05689017474651337, 0.006389571353793144]
[0.6462097764015198, 0.26801609992980957, 0.08577416092157364]
[0.03801312670111656, 0.1684870719909668, 0.7934998273849487]
[0.030694402754306793, 0.18001797795295715, 0.7892876267433167]
[0.4684566259384155, 0.34901925921440125, 0.18252407014369965]
[0.04385090991854668, 0.34025442600250244, 0.6158947348594666]
[0.011993879452347755, 0.04490050673484802, 0.9431056380271912]
[0.00601616408675909, 0.0427430234849453, 0.9512407779693604]
[0.39672529697418213, 0.4763422906398773, 0.12693241238594055]
[0.5660730600357056, 0.3712993264198303, 0.06262767314910889]
[0.029161997139453888, 0.19569535553455353, 0.7751426696777344]
[0.0056060380302369595, 0.11096975207328796, 0.8834242820739746]
[0.9797248840332031, 0.017344843596220016, 0.0029303135816007853]
[0.0032085373532027006, 0.021232429891824722, 0.9755590558052063]
[0.0035246561747044325, 0.04865354672074318, 0.947821855545044]
[0.007959487847983837, 0.03839690610766411, 0.9536436200141907]
[0.29201847314834595, 0.40440618991851807, 0.303575336933136]
[0.05535103753209114, 0.23835329711437225, 0.7062956690788269]
[0.013567318208515644, 0.07924696058034897, 0.9071857929229736]
[0.41180044412612915, 0.47442755103111267, 0.11377199739217758]
[0.7712302207946777, 0.2026209980249405, 0.02614879235625267]
[0.2666693925857544, 0.48695895075798035, 0.24637161195278168]
[0.029307007789611816, 0.1331525295972824, 0.8375405073165894]
[0.08872020244598389, 0.36340323090553284, 0.5478765964508057]
[0.0019935632590204477, 0.010677091777324677, 0.987329363822937]
