[0.5354482531547546, 0.3405498266220093, 0.12400184571743011]
[0.2593092620372772, 0.45411574840545654, 0.28657495975494385]
[0.11502163112163544, 0.43763571977615356, 0.4473426043987274]
[0.2254074215888977, 0.593548059463501, 0.1810445934534073]
[0.15010228753089905, 0.5679064989089966, 0.28199127316474915]
[0.08642072230577469, 0.4925605058670044, 0.4210187792778015]
[0.0031151361763477325, 0.07634685188531876, 0.9205380082130432]
[0.9432063102722168, 0.04884759709239006, 0.007946055382490158]
[0.02474348247051239, 0.27932873368263245, 0.6959277987480164]
[0.04462933540344238, 0.3086473345756531, 0.6467233300209045]
[0.31233057379722595, 0.4870898127555847, 0.20057959854602814]
[0.395534873008728, 0.30247601866722107, 0.3019891679286957]
[0.12143289297819138, 0.4035738706588745, 0.4749932587146759]
[0.056399062275886536, 0.2179677039384842, 0.7256332039833069]
[0.01656278409063816, 0.1907726675271988, 0.7926645278930664]
[0.27609509229660034, 0.5023534893989563, 0.22155135869979858]
[0.3067086338996887, 0.5174102187156677, 0.17588113248348236]
[0.35642486810684204, 0.5009620189666748, 0.142613023519516]
[0.318643182516098, 0.4011383354663849, 0.2802184820175171]
[0.05537161976099014, 0.2608785033226013, 0.6837498545646667]
[0.011911743320524693, 0.19646494090557098, 0.7916232943534851]
[0.013297646306455135, 0.06571370363235474, 0.9209886789321899]
[0.09371843189001083, 0.3977261483669281, 0.5085554122924805]
[0.01712312176823616, 0.059697069227695465, 0.9231798052787781]
[0.5473690032958984, 0.34579432010650635, 0.106836698949337]
[0.8669830560684204, 0.11836112290620804, 0.01465585920959711]
[0.47964251041412354, 0.43818241357803345, 0.08217503875494003]
[0.05089057236909866, 0.2481786459684372, 0.7009307742118835]
[0.018798252567648888, 0.38299238681793213, 0.5982093811035156]
