[0.006844370625913143, 0.05319105088710785, 0.9399645924568176]
[0.0922488421201706, 0.3088904917240143, 0.5988606810569763]
[0.10552086681127548, 0.34768247604370117, 0.5467966794967651]
[0.008498942479491234, 0.07748276740312576, 0.9140183329582214]
[0.41917869448661804, 0.46614834666252136, 0.1146729588508606]
[0.04366592317819595, 0.3562146723270416, 0.600119411945343]
[0.11792108416557312, 0.5498108267784119, 0.3322680592536926]
[0.022672139108181, 0.1545289158821106, 0.8227989673614502]
[0.5381286144256592, 0.3265959620475769, 0.13527549803256989]
[0.08990190178155899, 0.5368679165840149, 0.3732302784919739]
[0.013652721419930458, 0.15649937093257904, 0.8298479318618774]
[0.005092152394354343, 0.03720587119460106, 0.9577019214630127]
[0.12750397622585297, 0.5710962414741516, 0.30139976739883423]
[0.44469526410102844, 0.4376503527164459, 0.11765442788600922]
[0.5692697167396545, 0.3721240758895874, 0.05860620364546776]
[0.04010545089840889, 0.12413693964481354, 0.8357576131820679]
[0.0013841023901477456, 0.016329823061823845, 0.9822860360145569]
[0.008348565548658371, 0.09390904754400253, 0.8977423906326294]
[0.0022570108994841576, 0.007601519115269184, 0.9901414513587952]
[0.22605270147323608, 0.30082687735557556, 0.47312048077583313]
[0.0418940968811512, 0.34886565804481506, 0.6092402338981628]
[0.20528949797153473, 0.2961410880088806, 0.49856942892074585]
[0.9359309673309326, 0.056787315756082535, 0.007281693164259195]
[0.05580497160553932, 0.381417840719223, 0.5627772212028503]
[0.25287139415740967, 0.32171186804771423, 0.4254167377948761]
[0.32659777998924255, 0.6093989014625549, 0.06400331854820251]
