[0.035203177481889725, 0.4589889943599701, 0.5058078169822693]
[0.02872334234416485, 0.34294232726097107, 0.6283342838287354]
[0.004125148523598909, 0.12255663424730301, 0.8733181953430176]
[0.009148193523287773, 0.7018208503723145, 0.28903093934059143]
[0.019711147993803024, 0.1536066234111786, 0.8266822695732117]
[0.006749370601028204, 0.24472175538539886, 0.7485289573669434]
[0.20947419106960297, 0.626639187335968, 0.16388672590255737]
[0.07368168979883194, 0.4757303297519684, 0.4505879282951355]
[0.09220602363348007, 0.4047393500804901, 0.5030546188354492]
[0.20486551523208618, 0.6240782737731934, 0.17105619609355927]
[0.016052063554525375, 0.19011829793453217, 0.793829619884491]
[0.0066568199545145035, 0.10345708578824997, 0.8898860812187195]
[0.002968297805637121, 0.22038491070270538, 0.7766467928886414]
[0.07327874004840851, 0.22773928940296173, 0.6989819407463074]
[0.28702569007873535, 0.5163012742996216, 0.19667305052280426]
[0.38228970766067505, 0.4490280747413635, 0.16868218779563904]
[0.04924321547150612, 0.13105548918247223, 0.8197012543678284]
[0.16031970083713531, 0.4570857584476471, 0.3825945556163788]
[0.02099740318953991, 0.09631302952766418, 0.8826895356178284]
[0.012628897093236446, 0.13342410326004028, 0.8539469838142395]
[0.05487241595983505, 0.2519926428794861, 0.6931349039077759]
[0.06390019506216049, 0.4045896530151367, 0.5315101146697998]
[0.015636995434761047, 0.8646987080574036, 0.11966439336538315]
