[0.12141985446214676, 0.6270989179611206, 0.25148123502731323]
[0.053925372660160065, 0.4429243505001068, 0.5031502842903137]
[0.09676665812730789, 0.5193759202957153, 0.3838573694229126]
[0.010433387942612171, 0.7513669729232788, 0.2381996512413025]
[0.08796925842761993, 0.4401141107082367, 0.47191664576530457]
[0.008363300934433937, 0.3047510087490082, 0.6868857145309448]
[0.019238408654928207, 0.2818869352340698, 0.6988746523857117]
[0.041211169213056564, 0.2553234398365021, 0.7034654021263123]
[0.005618217866867781, 0.060196954756975174, 0.9341848492622375]
[0.2918919622898102, 0.49524667859077454, 0.21286144852638245]
[0.045349158346652985, 0.5177769660949707, 0.43687382340431213]
[0.06022471934556961, 0.8458638787269592, 0.09391140192747116]
[0.37965965270996094, 0.3966447412967682, 0.2236955314874649]
[0.41191497445106506, 0.5110977292060852, 0.07698723673820496]
[0.038400184363126755, 0.447083055973053, 0.5145168304443359]
[0.13755157589912415, 0.5812581777572632, 0.28119024634361267]
[0.12437449395656586, 0.451363742351532, 0.4242616891860962]
[0.006965991109609604, 0.06028285622596741, 0.9327511787414551]
[0.059562794864177704, 0.27606645226478577, 0.6643707156181335]
