[0.003607835154980421, 0.013632327318191528, 0.9827598333358765]
[0.053474657237529755, 0.2648544907569885, 0.6816708445549011]
[0.3534857928752899, 0.40693044662475586, 0.23958377540111542]
[0.35301002860069275, 0.40975865721702576, 0.2372313141822815]
[0.00626558531075716, 0.11756672710180283, 0.8761676549911499]
[0.023341387510299683, 0.3448367714881897, 0.631821870803833]
[0.04488068073987961, 0.13396398723125458, 0.8211553692817688]
[0.05517934262752533, 0.25484663248062134, 0.6899740099906921]
[0.008260652422904968, 0.03642864525318146, 0.9553107023239136]
[0.016377035528421402, 0.06849687546491623, 0.9151261448860168]
[0.009368873201310635, 0.04389524087309837, 0.9467358589172363]
[0.020324116572737694, 0.1352614462375641, 0.8444144129753113]
[0.008186757564544678, 0.03311612829566002, 0.9586970806121826]
[0.0037057551089674234, 0.10804665833711624, 0.888247549533844]
[0.01475391536951065, 0.13624724745750427, 0.8489988446235657]
[0.02542506717145443, 0.2583933472633362, 0.7161816358566284]
[0.05655156075954437, 0.23688548803329468, 0.7065629363059998]
[0.012435026466846466, 0.06540191918611526, 0.9221630096435547]
[0.025573108345270157, 0.40286964178085327, 0.5715572237968445]
[0.0065259733237326145, 0.0568840429186821, 0.9365899562835693]
[0.008524692617356777, 0.05866558104753494, 0.9328097701072693]
[0.6398622393608093, 0.30026331543922424, 0.05987442284822464]
[0.004558092914521694, 0.03452686220407486, 0.9609150886535645]
[0.0100579634308815, 0.05311506241559982, 0.9368269443511963]
[0.005368710029870272, 0.025778349488973618, 0.9688529372215271]
[0.002163984114304185, 0.07100019603967667, 0.9268357753753662]
