[0.015091531910002232, 0.11220568418502808, 0.8727028369903564]
[0.36384955048561096, 0.5073110461235046, 0.128839373588562]
[0.05151522904634476, 0.29092884063720703, 0.6575559377670288]
[0.05992022529244423, 0.5086483955383301, 0.4314313530921936]
[0.23956948518753052, 0.4782947599887848, 0.2821357548236847]
[0.02281339094042778, 0.20247577130794525, 0.7747108936309814]
[0.003155497834086418, 0.058305129408836365, 0.9385393857955933]
[0.11633294075727463, 0.43627220392227173, 0.44739481806755066]
[0.01132387574762106, 0.06925348192453384, 0.9194226264953613]
[0.016964083537459373, 0.1270831823348999, 0.8559527397155762]
[0.0076132058165967464, 0.09307482093572617, 0.8993120193481445]
[0.029875757172703743, 0.6409527659416199, 0.32917147874832153]
[0.018007250502705574, 0.12336329370737076, 0.8586294651031494]
[0.020927151665091515, 0.33673277497291565, 0.6423400640487671]
[0.643215000629425, 0.3212564289569855, 0.035528514534235]
[0.021837549284100533, 0.43762218952178955, 0.5405402183532715]
[0.0642453208565712, 0.18204432725906372, 0.7537103891372681]
[0.005453815218061209, 0.02374793402850628, 0.9707981944084167]
[0.005814882926642895, 0.0539587140083313, 0.9402264356613159]
[0.15607760846614838, 0.45017293095588684, 0.3937494456768036]
[0.07923900336027145, 0.6692783236503601, 0.25148263573646545]
[0.5058271884918213, 0.3662552237510681, 0.1279175877571106]
[0.0024250599090009928, 0.03562820330262184, 0.9619466662406921]
