[0.008211350068449974, 0.10648340731859207, 0.8853052258491516]
[0.07470768690109253, 0.31262269616127014, 0.6126695871353149]
[0.46309176087379456, 0.43593600392341614, 0.10097227245569229]
[0.01362625416368246, 0.23077185451984406, 0.7556018829345703]
[0.00820302963256836, 0.043892450630664825, 0.9479045271873474]
[0.49239230155944824, 0.3925778269767761, 0.11502989381551743]
[0.01122770644724369, 0.16010628640651703, 0.8286659717559814]
[0.08481276035308838, 0.6605013608932495, 0.25468578934669495]
[0.26294007897377014, 0.5478743314743042, 0.18918552994728088]
[0.03858332335948944, 0.3764879107475281, 0.5849287509918213]
[0.06883186846971512, 0.599916398525238, 0.3312518298625946]
[0.23374998569488525, 0.5710052251815796, 0.19524475932121277]
[0.09728153049945831, 0.44565197825431824, 0.45706647634506226]
[0.0196368470788002, 0.1474677324295044, 0.8328954577445984]
[0.183889240026474, 0.43433403968811035, 0.3817766606807709]
[0.017671925947070122, 0.19660723209381104, 0.7857208251953125]
[0.02267405204474926, 0.21537832915782928, 0.7619475722312927]
[0.03690347075462341, 0.16306200623512268, 0.8000344634056091]
[0.010933452285826206, 0.13575313985347748, 0.8533133864402771]
[0.04817112162709236, 0.2981387972831726, 0.6536900997161865]
[0.17319746315479279, 0.6351845264434814, 0.19161804020404816]
[0.6638596057891846, 0.2575944662094116, 0.07854590564966202]
[0.006201782263815403, 0.08775342255830765, 0.9060447216033936]
[0.2421770542860031, 0.5349549055099487, 0.2228679209947586]
[0.12651635706424713, 0.3094637989997864, 0.5640198588371277]
[0.028030211105942726, 0.24437564611434937, 0.7275941371917725]
[0.1031954362988472, 0.656652569770813, 0.24015192687511444]
