[0.16198955476284027, 0.5924628376960754, 0.2455475926399231]
[0.08830765634775162, 0.5106595754623413, 0.40103277564048767]
[0.006962517276406288, 0.1108136922121048, 0.8822237849235535]
[0.004005275201052427, 0.13263145089149475, 0.8633633255958557]
[0.028212033212184906, 0.23476895689964294, 0.7370190024375916]
[0.7694860696792603, 0.2109966278076172, 0.019517241045832634]
[0.013628753833472729, 0.08081483095884323, 0.9055563807487488]
[0.0555533803999424, 0.24212037026882172, 0.7023261785507202]
[0.020931381732225418, 0.4693087339401245, 0.5097599625587463]
[0.04863012582063675, 0.33003556728363037, 0.6213343143463135]
[0.009687305428087711, 0.1380574107170105, 0.8522552847862244]
[0.01478937640786171, 0.09644754976034164, 0.8887630701065063]
[0.028290146961808205, 0.4409101903438568, 0.5307997465133667]
[0.002512521343305707, 0.018312929198145866, 0.9791745543479919]
[0.012088351882994175, 0.10202997177839279, 0.8858817219734192]
[0.058285996317863464, 0.563252866268158, 0.378461092710495]
[0.00333439651876688, 0.029816562309861183, 0.9668490886688232]
[0.1902790367603302, 0.7347791790962219, 0.07494175434112549]
[0.032347455620765686, 0.24856474995613098, 0.7190877795219421]
[0.005209497641772032, 0.16316407918930054, 0.8316264152526855]
[0.004141754005104303, 0.16203027963638306, 0.8338279724121094]
[0.03306087478995323, 0.21132567524909973, 0.7556135058403015]
[0.07111583650112152, 0.41973528265953064, 0.5091488361358643]
[0.19670875370502472, 0.6310665011405945, 0.172224760055542]
[0.1142217293381691, 0.4140348732471466, 0.4717433452606201]
[0.6063850522041321, 0.32884976267814636, 0.06476524472236633]
[0.013506420888006687, 0.09003221988677979, 0.8964614272117615]
[0.19436071813106537, 0.5381165742874146, 0.26752275228500366]
[0.018719030544161797, 0.197112575173378, 0.7841684222221375]
[0.007983164861798286, 0.8140285611152649, 0.17798832058906555]
