[0.3524501323699951, 0.379169225692749, 0.26838061213493347]
[0.027418971061706543, 0.17901961505413055, 0.7935614585876465]
[0.02656255103647709, 0.21494247019290924, 0.7584949731826782]
[0.03726701810956001, 0.36031824350357056, 0.6024147272109985]
[0.00822196714580059, 0.21858245134353638, 0.7731956243515015]
[0.012473774142563343, 0.3081059157848358, 0.6794202923774719]
[0.007633931469172239, 0.06896284222602844, 0.923403263092041]
[0.24223919212818146, 0.5545609593391418, 0.20319987833499908]
[0.009359322488307953, 0.05282847210764885, 0.9378121495246887]
[0.004166961647570133, 0.02302921749651432, 0.9728038311004639]
[0.051029272377491, 0.2327679991722107, 0.7162027955055237]
[0.009753678925335407, 0.1307528167963028, 0.8594934344291687]
[0.2882554531097412, 0.4804821312427521, 0.2312624156475067]
[0.32494738698005676, 0.5391609072685242, 0.13589173555374146]
[0.021481884643435478, 0.08791740238666534, 0.8906006813049316]
[0.08753712475299835, 0.32212477922439575, 0.5903381109237671]
[0.2630119025707245, 0.5616714954376221, 0.17531660199165344]
[0.018094534054398537, 0.6197957396507263, 0.3621096909046173]
[0.04965558648109436, 0.15983784198760986, 0.7905066013336182]
[0.010358516126871109, 0.06695899367332458, 0.9226824641227722]
[0.8688871264457703, 0.11670725047588348, 0.01440561655908823]
[0.05170184746384621, 0.2729300558567047, 0.675368070602417]
[0.9085008502006531, 0.0799911618232727, 0.011508021503686905]
[0.1628522127866745, 0.31071844696998596, 0.5264293551445007]
[0.1242215633392334, 0.434487521648407, 0.44129088521003723]
[0.018818417564034462, 0.13823117315769196, 0.8429503440856934]
[0.01833459362387657, 0.07883448898792267, 0.9028308987617493]
[0.01536968071013689, 0.18212908506393433, 0.8025012612342834]
[0.037096600979566574, 0.1310053914785385, 0.8318979740142822]
[0.010719871148467064, 0.09714259952306747, 0.8921375870704651]
[0.8296348452568054, 0.15181051194667816, 0.018554674461483955]
