[0.041816726326942444, 0.27834445238113403, 0.6798388957977295]
[0.5147731304168701, 0.42881324887275696, 0.056413594633340836]
[0.09161686152219772, 0.752660870552063, 0.1557222455739975]
[0.21863405406475067, 0.6102160215377808, 0.17114989459514618]
[0.005551286973059177, 0.061167601495981216, 0.9332811236381531]
[0.564956784248352, 0.35112085938453674, 0.08392240107059479]
[0.4992326498031616, 0.39612001180648804, 0.10464736819267273]
[0.032352663576602936, 0.8902572989463806, 0.07738997042179108]
[0.9267200827598572, 0.06491974741220474, 0.008360249921679497]
[0.7409230470657349, 0.2176981419324875, 0.041378822177648544]
[0.002323733875527978, 0.14347705245018005, 0.854199230670929]
[0.05655524879693985, 0.658702552318573, 0.284742146730423]
[0.034516505897045135, 0.1304742395877838, 0.8350092172622681]
[0.2134702354669571, 0.4695916175842285, 0.31693822145462036]
[0.008174890652298927, 0.43404731154441833, 0.5577777624130249]
[0.028770772740244865, 0.7779669165611267, 0.1932622790336609]
[0.004248890560120344, 0.04635050520300865, 0.9494006633758545]
