[0.1829623579978943, 0.35829076170921326, 0.45874693989753723]
[0.003598614130169153, 0.02557668834924698, 0.9708247184753418]
[0.012698695994913578, 0.046744972467422485, 0.9405562877655029]
[0.006216756999492645, 0.09597794711589813, 0.8978053331375122]
[0.005650928243994713, 0.09890769422054291, 0.8954414129257202]
[0.02520735189318657, 0.1890866607427597, 0.7857059836387634]
[0.12943507730960846, 0.23458509147167206, 0.6359798312187195]
[0.06053467467427254, 0.2939656674861908, 0.6454997062683105]
[0.1397281140089035, 0.5582253336906433, 0.30204659700393677]
[0.1766057312488556, 0.5393264889717102, 0.284067839384079]
[0.522338330745697, 0.41415873169898987, 0.06350298970937729]
[0.00553419254720211, 0.10610689967870712, 0.8883588910102844]
[0.005772713106125593, 0.042273905128240585, 0.9519533514976501]
[0.007822024635970592, 0.11071988940238953, 0.8814581632614136]
[0.30103546380996704, 0.42300769686698914, 0.27595680952072144]
[0.11939273774623871, 0.4042375981807709, 0.47636961936950684]
[0.007535761687904596, 0.054782625287771225, 0.9376815557479858]
[0.0015027500921860337, 0.015056313015520573, 0.9834409952163696]
[0.007199903484433889, 0.05743442475795746, 0.9353656768798828]
[0.6659764647483826, 0.30160194635391235, 0.032421600073575974]
[0.005989665165543556, 0.06616675108671188, 0.9278435707092285]
[0.06932512670755386, 0.8386037945747375, 0.0920710563659668]
[0.06899099797010422, 0.4087887704372406, 0.522220253944397]
[0.02893594093620777, 0.09570775181055069, 0.8753563165664673]
[0.0030157086439430714, 0.014012550003826618, 0.982971727848053]
