[0.0030111095402389765, 0.05985581874847412, 0.9371330738067627]
[0.012586278840899467, 0.18380509316921234, 0.8036085963249207]
[0.6621461510658264, 0.2845156490802765, 0.053338222205638885]
[0.039097245782613754, 0.2546577751636505, 0.706244945526123]
[0.005049664992839098, 0.024354856461286545, 0.9705954790115356]
[0.001916122273541987, 0.07269657403230667, 0.9253872632980347]
[0.26861509680747986, 0.6389409303665161, 0.09244398772716522]
[0.2221786230802536, 0.6442892551422119, 0.13353216648101807]
[0.20223747193813324, 0.6124671697616577, 0.18529534339904785]
[0.26946625113487244, 0.5305426716804504, 0.19999104738235474]
[0.012726940214633942, 0.18015626072883606, 0.8071168065071106]
[0.08763715624809265, 0.42822742462158203, 0.48413538932800293]
[0.0076821171678602695, 0.20555618405342102, 0.7867617011070251]
[0.32383257150650024, 0.5476683974266052, 0.1284991353750229]
[0.0020915097557008266, 0.014696352183818817, 0.9832121729850769]
