[0.004787235055118799, 0.026480110362172127, 0.9687327146530151]
[0.002646025037392974, 0.04336618259549141, 0.9539877772331238]
[0.058365341275930405, 0.2885209619998932, 0.6531137228012085]
[0.011338270269334316, 0.1643015742301941, 0.8243601322174072]
[0.017300963401794434, 0.28089648485183716, 0.7018025517463684]
[0.006152657326310873, 0.3398621380329132, 0.6539852023124695]
[0.008446595631539822, 0.1312800943851471, 0.8602732419967651]
[0.12064363062381744, 0.6268008947372437, 0.2525555193424225]
[0.0036700330674648285, 0.17901583015918732, 0.817314088344574]
[0.013000678271055222, 0.06992767006158829, 0.9170717000961304]
[0.004752821289002895, 0.0527181513607502, 0.942529022693634]
[0.04451131820678711, 0.730283260345459, 0.22520548105239868]
[0.06523293256759644, 0.35224807262420654, 0.582518994808197]
[0.014218935742974281, 0.14130999147891998, 0.8444711565971375]
[0.0019022052874788642, 0.013618597760796547, 0.9844791293144226]
[0.003892666893079877, 0.0495656356215477, 0.9465416669845581]
[0.005104157142341137, 0.08868573606014252, 0.90621018409729]
[0.13030485808849335, 0.7041271924972534, 0.16556793451309204]
[0.004214254207909107, 0.0743914395570755, 0.9213943481445312]
[0.04726581275463104, 0.6658634543418884, 0.28687068819999695]
[0.13851718604564667, 0.701716423034668, 0.15976639091968536]
[0.006290635094046593, 0.11281188577413559, 0.8808975219726562]
