[0.018945949152112007, 0.17830733954906464, 0.8027466535568237]
[0.4882920980453491, 0.3847968280315399, 0.12691117823123932]
[0.011169658042490482, 0.5913036465644836, 0.39752671122550964]
[0.07662120461463928, 0.48462238907814026, 0.43875646591186523]
[0.011446833610534668, 0.1392754167318344, 0.849277675151825]
[0.020438270643353462, 0.3624882102012634, 0.6170734763145447]
[0.7031661868095398, 0.24093079566955566, 0.055903010070323944]
[0.04493310675024986, 0.20030991733074188, 0.7547569274902344]
[0.003482160158455372, 0.1472872644662857, 0.8492305874824524]
[0.011056202463805676, 0.22719484567642212, 0.7617489695549011]
[0.016932453960180283, 0.20683465898036957, 0.7762329578399658]
[0.26040586829185486, 0.4846201539039612, 0.2549739480018616]
[0.009070174768567085, 0.14667925238609314, 0.8442505598068237]
[0.028635548427700996, 0.16003279387950897, 0.8113316893577576]
[0.12255024909973145, 0.5395361185073853, 0.3379136919975281]
[0.6943394541740417, 0.24373269081115723, 0.06192780286073685]
[0.01745700091123581, 0.11493797600269318, 0.8676050901412964]
[0.7792938947677612, 0.18876664340496063, 0.03193940967321396]
[0.04250623285770416, 0.6419823169708252, 0.3155114948749542]
[0.09694094955921173, 0.5333619117736816, 0.36969712376594543]
[0.029264893382787704, 0.2995404899120331, 0.6711945533752441]
[0.24366526305675507, 0.4913213849067688, 0.26501333713531494]
[0.03072178363800049, 0.3089190721511841, 0.6603592038154602]
[0.1067759096622467, 0.5288878083229065, 0.3643362522125244]
[0.0718090757727623, 0.3281285762786865, 0.6000623106956482]
