[0.044097401201725006, 0.27628573775291443, 0.6796168684959412]
[0.4320324957370758, 0.46575111150741577, 0.10221642255783081]
[0.010475949384272099, 0.0747142806649208, 0.9148097634315491]
[0.13395458459854126, 0.5130532383918762, 0.3529922366142273]
[0.018439002335071564, 0.13896368443965912, 0.8425973057746887]
[0.007059130351990461, 0.0920545682311058, 0.9008862972259521]
[0.024894369766116142, 0.5295345783233643, 0.44557106494903564]
[0.019644973799586296, 0.13449512422084808, 0.8458598852157593]
[0.026370957493782043, 0.0901343896985054, 0.8834946751594543]
[0.01435630489140749, 0.18438273668289185, 0.8012608885765076]
[0.02644227258861065, 0.3234936594963074, 0.6500640511512756]
[0.4903136193752289, 0.404723197221756, 0.10496321320533752]
[0.03368094563484192, 0.19308072328567505, 0.7732383012771606]
[0.07779636234045029, 0.31074991822242737, 0.6114537715911865]
[0.063295379281044, 0.20349416136741638, 0.7332104444503784]
[0.44774341583251953, 0.47716936469078064, 0.07508718222379684]
[0.013572460040450096, 0.17005471885204315, 0.816372811794281]
[0.024707715958356857, 0.13586054742336273, 0.8394317030906677]
[0.07378365844488144, 0.40743815898895264, 0.5187782049179077]
[0.10431628674268723, 0.38887497782707214, 0.5068086981773376]
[0.007889064028859138, 0.06697601824998856, 0.9251348972320557]
[0.1257886290550232, 0.40302398800849915, 0.47118741273880005]
[0.3141348958015442, 0.456219345331192, 0.22964581847190857]
[0.06713497638702393, 0.21952418982982635, 0.7133407592773438]
[0.5418456196784973, 0.3213343620300293, 0.1368200182914734]
[0.03841783106327057, 0.2578932046890259, 0.7036889791488647]
[0.40692511200904846, 0.44910937547683716, 0.1439654529094696]
