[0.04111611470580101, 0.1916070133447647, 0.76727694272995]
[0.14610986411571503, 0.5190742611885071, 0.3348158895969391]
[0.12708540260791779, 0.5920315384864807, 0.2808830738067627]
[0.015428981743752956, 0.17151358723640442, 0.8130574226379395]
[0.2382044792175293, 0.47813472151756287, 0.28366073966026306]
[0.025788722559809685, 0.16006381809711456, 0.8141475319862366]
[0.08916851878166199, 0.42446738481521606, 0.4863640069961548]
[0.6294954419136047, 0.3001839220523834, 0.07032063603401184]
[0.06739314645528793, 0.4354463517665863, 0.4971604347229004]
[0.002920172642916441, 0.038349296897649765, 0.9587305188179016]
[0.04572460055351257, 0.5050942897796631, 0.4491811990737915]
[0.2924501597881317, 0.49450787901878357, 0.21304196119308472]
[0.1904526799917221, 0.46434804797172546, 0.34519925713539124]
[0.015225912444293499, 0.20645001530647278, 0.7783240675926208]
[0.041645485907793045, 0.26941582560539246, 0.6889386773109436]
[0.047479014843702316, 0.38248932361602783, 0.5700316429138184]
[0.3292750120162964, 0.5027787685394287, 0.16794618964195251]
[0.04436689242720604, 0.2845982313156128, 0.6710349321365356]
[0.058572832494974136, 0.3435145616531372, 0.5979125499725342]
[0.7526736855506897, 0.20006178319454193, 0.047264497727155685]
[0.1421518325805664, 0.4704572260379791, 0.3873908519744873]
[0.2119196057319641, 0.5163412690162659, 0.27173912525177]
[0.0041094874031841755, 0.013993866741657257, 0.9818966388702393]
[0.0036025976296514273, 0.09037435054779053, 0.9060230255126953]
