[0.07664977014064789, 0.3137498199939728, 0.6096003651618958]
[0.1727859228849411, 0.39858925342559814, 0.4286247789859772]
[0.012393256649374962, 0.1563750058412552, 0.8312317728996277]
[0.017412610352039337, 0.30010873079299927, 0.6824787259101868]
[0.1490279883146286, 0.6462658047676086, 0.20470628142356873]
[0.17466633021831512, 0.4235769510269165, 0.40175673365592957]
[0.015997054055333138, 0.2637712061405182, 0.7202317118644714]
[0.009048359468579292, 0.08995259553194046, 0.9009990096092224]
[0.032772619277238846, 0.22423210740089417, 0.7429953217506409]
[0.31620967388153076, 0.5547447204589844, 0.12904559075832367]
[0.24154971539974213, 0.5837067365646362, 0.17474354803562164]
[0.07602855563163757, 0.5372457504272461, 0.3867257237434387]
[0.6478643417358398, 0.32350584864616394, 0.02862977422773838]
[0.05019110441207886, 0.21067975461483002, 0.7391291260719299]
[0.05814201384782791, 0.5794539451599121, 0.3624040484428406]
[0.04384748637676239, 0.1896056979894638, 0.7665468454360962]
[0.33947136998176575, 0.3508059084415436, 0.3097227215766907]
[0.40215054154396057, 0.4957732856273651, 0.10207611322402954]
[0.3613339960575104, 0.4970352351665497, 0.14163072407245636]
[0.22481419146060944, 0.3530969023704529, 0.4220888912677765]
[0.1821574568748474, 0.5018271803855896, 0.31601542234420776]
[0.7203057408332825, 0.25045618414878845, 0.029238000512123108]
[0.3354806900024414, 0.6051203012466431, 0.05939900502562523]
