[0.1664094477891922, 0.5773607492446899, 0.2562297582626343]
[0.00632421113550663, 0.10007365792989731, 0.8936021327972412]
[0.028609460219740868, 0.23479987680912018, 0.7365906238555908]
[0.014141215942800045, 0.1291550248861313, 0.8567038178443909]
[0.015641558915376663, 0.1710909754037857, 0.8132674098014832]
[0.07865148037672043, 0.39847978949546814, 0.5228687524795532]
[0.015033462084829807, 0.16500496864318848, 0.8199614882469177]
[0.021452153101563454, 0.32824933528900146, 0.6502984166145325]
[0.020276853814721107, 0.43432506918907166, 0.5453981161117554]
[0.017412599176168442, 0.15936420857906342, 0.8232231736183167]
[0.008214457891881466, 0.2972911298274994, 0.694494366645813]
[0.7851996421813965, 0.18888337910175323, 0.02591697685420513]
[0.1158028244972229, 0.45744919776916504, 0.42674800753593445]
[0.006790630053728819, 0.10913240164518356, 0.8840770125389099]
[0.5377912521362305, 0.34091243147850037, 0.12129630893468857]
[0.0018444241723045707, 0.032875172793865204, 0.9652804136276245]
[0.11272702366113663, 0.48439744114875793, 0.4028755724430084]
[0.016286129131913185, 0.12632036209106445, 0.8573935031890869]
[0.008525540120899677, 0.09533277899026871, 0.8961416482925415]
[0.648678183555603, 0.315511018037796, 0.03581082075834274]
[0.00939171388745308, 0.10153651237487793, 0.8890717625617981]
[0.11799566447734833, 0.54690021276474, 0.3351041078567505]
[0.011938785202801228, 0.16141602396965027, 0.8266451358795166]
[0.17322306334972382, 0.7757545709609985, 0.05102243646979332]
