[0.0033688400872051716, 0.01636151410639286, 0.980269730091095]
[0.009512411430478096, 0.07239387184381485, 0.918093740940094]
[0.008004352450370789, 0.0502428375184536, 0.9417528510093689]
[0.24579721689224243, 0.5494926571846008, 0.20471012592315674]
[0.5048044323921204, 0.44365641474723816, 0.05153920128941536]
[0.061294734477996826, 0.4749872386455536, 0.4637179970741272]
[0.06643453985452652, 0.3554571866989136, 0.5781083106994629]
[0.007495518308132887, 0.20476214587688446, 0.7877423167228699]
[0.02575727365911007, 0.15103544294834137, 0.8232072591781616]
[0.05686836689710617, 0.2661002278327942, 0.6770313382148743]
[0.5226686000823975, 0.3730776309967041, 0.10425381362438202]
[0.5727412700653076, 0.3700295686721802, 0.0572291761636734]
[0.5284191370010376, 0.3116106390953064, 0.1599702090024948]
[0.3648238778114319, 0.5629504323005676, 0.0722256600856781]
[0.004133145324885845, 0.056215111166238785, 0.9396517872810364]
