[0.0027681770734488964, 0.04549567401409149, 0.9517361521720886]
[0.003194296034052968, 0.03827042877674103, 0.9585352540016174]
[0.0017362255603075027, 0.020753826946020126, 0.9775099158287048]
[0.012504399754106998, 0.1342436820268631, 0.8532519340515137]
[0.002331354422494769, 0.06529797613620758, 0.932370662689209]
[0.020632760599255562, 0.13210643827915192, 0.8472607731819153]
[0.00656249700114131, 0.04486045241355896, 0.9485769867897034]
[0.008328148163855076, 0.23713427782058716, 0.7545375823974609]
[0.038507312536239624, 0.25324341654777527, 0.7082492709159851]
[0.009900555945932865, 0.33395659923553467, 0.6561428308486938]
[0.005643137264996767, 0.06960901618003845, 0.924747884273529]
[0.0062676384113729, 0.07388146966695786, 0.9198508858680725]
[0.3397446572780609, 0.30771371722221375, 0.3525416851043701]
[0.022972406819462776, 0.28490692377090454, 0.6921206712722778]
[0.012263588607311249, 0.09208092093467712, 0.8956554532051086]
[0.004601021762937307, 0.0416199192404747, 0.9537790417671204]
[0.05374816432595253, 0.2646141052246094, 0.681637704372406]
[0.016746843233704567, 0.1917622685432434, 0.7914908528327942]
[0.5485513806343079, 0.3819272518157959, 0.06952138245105743]
[0.01374252513051033, 0.10120314359664917, 0.885054349899292]
[0.015114370733499527, 0.1572122722864151, 0.8276733756065369]
[0.06623261421918869, 0.27674660086631775, 0.6570207476615906]
[0.03218221664428711, 0.22161972522735596, 0.7461980581283569]
[0.0035884184762835503, 0.2746337950229645, 0.7217777371406555]
[0.004706867039203644, 0.050228968262672424, 0.9450641870498657]
[0.0031386343762278557, 0.0526064895093441, 0.9442548155784607]
[0.01372669730335474, 0.20798562467098236, 0.7782877087593079]
