[0.12784993648529053, 0.498898446559906, 0.37325170636177063]
[0.09729081392288208, 0.5188289284706116, 0.38388028740882874]
[0.6807956695556641, 0.2556377053260803, 0.06356655806303024]
[0.31835120916366577, 0.5374362468719482, 0.14421257376670837]
[0.41284459829330444, 0.4921398162841797, 0.09501557052135468]
[0.03624405711889267, 0.737785816192627, 0.2259700894355774]
[0.16223549842834473, 0.696189820766449, 0.14157462120056152]
[0.010383892804384232, 0.557479977607727, 0.4321361482143402]
[0.009092534892261028, 0.3482877314090729, 0.642619788646698]
[0.4946087598800659, 0.41561564803123474, 0.08977565169334412]
[0.2878662347793579, 0.6304255127906799, 0.08170832693576813]
[0.028430381789803505, 0.19438953697681427, 0.7771800756454468]
[0.025011394172906876, 0.550706148147583, 0.4242825210094452]
[0.04034494236111641, 0.3009791672229767, 0.6586757898330688]
[0.021401328966021538, 0.5116735100746155, 0.4669252038002014]
[0.7050848603248596, 0.2570807933807373, 0.03783440217375755]
[0.07355765998363495, 0.5624195337295532, 0.3640228509902954]
[0.09029863774776459, 0.7817200422286987, 0.12798132002353668]
[0.09486589580774307, 0.5002163648605347, 0.40491774678230286]
[0.4527227580547333, 0.38344189524650574, 0.16383536159992218]
