[0.005686847493052483, 0.07415972650051117, 0.9201533794403076]
[0.025607341900467873, 0.4733414649963379, 0.5010512471199036]
[0.20638242363929749, 0.4865170121192932, 0.30710065364837646]
[0.23641429841518402, 0.6247764825820923, 0.13880929350852966]
[0.6192957162857056, 0.3107461631298065, 0.06995818018913269]
[0.44023168087005615, 0.4518919289112091, 0.10787633806467056]
[0.05349304899573326, 0.4071235656738281, 0.5393834114074707]
[0.2396986037492752, 0.4523058533668518, 0.30799561738967896]
[0.2095409780740738, 0.4757447838783264, 0.3147142827510834]
[0.07860241085290909, 0.37787026166915894, 0.543527364730835]
[0.10661044716835022, 0.5488054156303406, 0.3445841372013092]
[0.014357736334204674, 0.10567407310009003, 0.8799681663513184]
[0.047415219247341156, 0.1965542435646057, 0.7560305595397949]
[0.5304193496704102, 0.4236510992050171, 0.04592953994870186]
[0.6995105743408203, 0.22487668693065643, 0.07561273127794266]
[0.007587895728647709, 0.09490559250116348, 0.8975064754486084]
