[0.0029403630178421736, 0.023555893450975418, 0.9735037684440613]
[0.29483577609062195, 0.5114373564720154, 0.1937268227338791]
[0.00542888417840004, 0.043923377990722656, 0.95064777135849]
[0.019610809162259102, 0.12750697135925293, 0.8528822064399719]
[0.12153004854917526, 0.4945135712623596, 0.38395634293556213]
[0.06371408700942993, 0.6471979022026062, 0.2890878915786743]
[0.00901067815721035, 0.09851257503032684, 0.8924766778945923]
[0.0345102995634079, 0.40923723578453064, 0.5562524795532227]
[0.006026835646480322, 0.31096723675727844, 0.6830058693885803]
[0.011681095696985722, 0.19365929067134857, 0.7946596145629883]
[0.1491275578737259, 0.7125473022460938, 0.13832512497901917]
[0.05098467320203781, 0.2600317597389221, 0.6889835000038147]
[0.00374391651712358, 0.04820781946182251, 0.9480482935905457]
[0.020160194486379623, 0.12212734669446945, 0.85771244764328]
[0.30476030707359314, 0.5317246317863464, 0.16351503133773804]
[0.008153922855854034, 0.20768795907497406, 0.7841581106185913]
[0.0015938760479912162, 0.024620069190859795, 0.9737860560417175]
