[0.006355504039674997, 0.1315240114927292, 0.8621204495429993]
[0.2967657148838043, 0.5447919964790344, 0.15844231843948364]
[0.05613189935684204, 0.5839496850967407, 0.359918475151062]
[0.04787231609225273, 0.18898512423038483, 0.7631425857543945]
[0.012394685298204422, 0.16761112213134766, 0.8199942111968994]
[0.08476215600967407, 0.5288683176040649, 0.386369526386261]
[0.026786958798766136, 0.13363781571388245, 0.8395751714706421]
[0.018666313961148262, 0.25235068798065186, 0.7289829850196838]
[0.025807460770010948, 0.6241989731788635, 0.34999361634254456]
[0.3789612650871277, 0.4602620005607605, 0.1607767939567566]
[0.10960253328084946, 0.24512185156345367, 0.6452755331993103]
[0.2148466259241104, 0.4712330400943756, 0.3139203190803528]
[0.06034841015934944, 0.3786237835884094, 0.5610278844833374]
[0.7664207816123962, 0.20545694231987, 0.028122277930378914]
[0.3413040339946747, 0.44257619976997375, 0.21611973643302917]
[0.08520302176475525, 0.2479172945022583, 0.6668797135353088]
[0.01681210845708847, 0.16568398475646973, 0.817503809928894]
[0.4329563081264496, 0.43969982862472534, 0.12734392285346985]
[0.003899253671988845, 0.04850691929459572, 0.9475937485694885]
[0.47566747665405273, 0.3782663345336914, 0.14606614410877228]
[0.8622767925262451, 0.10919012874364853, 0.028533026576042175]
[0.3151317238807678, 0.45991581678390503, 0.22495247423648834]
[0.007823280990123749, 0.11238140612840652, 0.8797953128814697]
[0.007577904965728521, 0.08747000992298126, 0.9049520492553711]
[0.0027898349799215794, 0.015202289447188377, 0.9820079207420349]
