[0.00939914956688881, 0.07881563901901245, 0.9117851853370667]
[0.009869256988167763, 0.09078428149223328, 0.8993464112281799]
[0.009646262973546982, 0.14212988317012787, 0.8482238054275513]
[0.011560299433767796, 0.05259198695421219, 0.9358477592468262]
[0.029113564640283585, 0.14258044958114624, 0.8283059597015381]
[0.4059387743473053, 0.49032846093177795, 0.10373270511627197]
[0.002684766659513116, 0.020285136997699738, 0.9770300388336182]
[0.009163092821836472, 0.30717727541923523, 0.6836596131324768]
[0.17406931519508362, 0.3536559045314789, 0.4722747206687927]
[0.7971450090408325, 0.18304629623889923, 0.01980871520936489]
[0.02844242751598358, 0.15852399170398712, 0.8130335807800293]
[0.009823133237659931, 0.40013089776039124, 0.5900459885597229]
[0.3458420932292938, 0.3831484615802765, 0.2710094749927521]
[0.7450308799743652, 0.20305706560611725, 0.051912058144807816]
[0.11592260003089905, 0.5627496838569641, 0.32132774591445923]
[0.861255407333374, 0.12683527171611786, 0.011909252032637596]
[0.7079594135284424, 0.26532891392707825, 0.026711726561188698]
[0.5886216163635254, 0.31766703724861145, 0.09371134638786316]
[0.08087199926376343, 0.3059656322002411, 0.6131623387336731]
[0.14241190254688263, 0.6629209518432617, 0.19466707110404968]
[0.4593738913536072, 0.36791616678237915, 0.17270997166633606]
[0.8500597476959229, 0.13888074457645416, 0.011059453710913658]
[0.8305591344833374, 0.14335812628269196, 0.02608276717364788]
[0.11042219400405884, 0.37204569578170776, 0.5175321102142334]
[0.015521508641541004, 0.07635048776865005, 0.9081279635429382]
[0.049316100776195526, 0.2281617820262909, 0.7225220799446106]
[0.16079507768154144, 0.3099379241466522, 0.5292669534683228]
[0.14827176928520203, 0.3168320953845978, 0.5348961353302002]
[0.0028297826647758484, 0.03264575079083443, 0.9645244479179382]
