[0.41940540075302124, 0.33683642745018005, 0.2437582165002823]
[0.1776164323091507, 0.4974272847175598, 0.3249562382698059]
[0.020273076370358467, 0.10698448866605759, 0.8727424144744873]
[0.20043939352035522, 0.6687568426132202, 0.13080383837223053]
[0.09047895669937134, 0.27205753326416016, 0.6374635100364685]
[0.005370981991291046, 0.2123258113861084, 0.7823032736778259]
[0.14005903899669647, 0.42762407660484314, 0.4323168694972992]
[0.10834236443042755, 0.2956433892250061, 0.5960143208503723]
[0.1375238299369812, 0.6863481402397156, 0.176128089427948]
[0.13609887659549713, 0.5423562526702881, 0.32154494524002075]
[0.45829635858535767, 0.3817306160926819, 0.15997304022312164]
[0.2785358130931854, 0.3011018633842468, 0.42036235332489014]
[0.13462060689926147, 0.6945896148681641, 0.17078979313373566]
[0.016356151551008224, 0.43371209502220154, 0.5499317646026611]
[0.17321795225143433, 0.6154377460479736, 0.21134434640407562]
[0.6457041501998901, 0.28167644143104553, 0.07261940836906433]
[0.9179642796516418, 0.07328779995441437, 0.008747955784201622]
[0.8068602681159973, 0.17015810310840607, 0.02298162691295147]
[0.04677072539925575, 0.5485779047012329, 0.40465137362480164]
[0.6288483142852783, 0.3027770519256592, 0.0683746263384819]
[0.13804809749126434, 0.3827846050262451, 0.4791673421859741]
[0.3707095980644226, 0.4845121502876282, 0.14477819204330444]
[0.01723821461200714, 0.11358863115310669, 0.8691732287406921]
[0.1971261203289032, 0.505346417427063, 0.2975274622440338]
[0.2214140146970749, 0.49123677611351013, 0.2873491644859314]
[0.03797265142202377, 0.1886039823293686, 0.7734233140945435]
[0.7101587653160095, 0.23420007526874542, 0.055641092360019684]
[0.9771093726158142, 0.020036155357956886, 0.0028545092791318893]
[0.848021924495697, 0.12770508229732513, 0.02427300624549389]
[0.5348834991455078, 0.41742804646492004, 0.04768838733434677]
[0.26125356554985046, 0.5288480520248413, 0.209898442029953]
[0.051826827228069305, 0.22976675629615784, 0.7184063792228699]
[0.6583127975463867, 0.24114800989627838, 0.10053917020559311]
[0.13489967584609985, 0.36600568890571594, 0.499094694852829]
[0.012259337119758129, 0.22452642023563385, 0.7632142305374146]
[0.7302116751670837, 0.20599910616874695, 0.06378918141126633]
[0.07482139021158218, 0.31996217370033264, 0.6052165031433105]
