[0.006347270682454109, 0.0184906255453825, 0.975162148475647]
[0.03525673970580101, 0.24194152653217316, 0.722801685333252]
[0.03151474520564079, 0.15781064331531525, 0.8106746077537537]
[0.0020712148398160934, 0.05968288704752922, 0.9382458925247192]
[0.008183950558304787, 0.13900235295295715, 0.8528136610984802]
[0.15929996967315674, 0.45965299010276794, 0.3810470700263977]
[0.9127739667892456, 0.07996564358472824, 0.007260426413267851]
[0.0026480555534362793, 0.028848921880126, 0.9685030579566956]
[0.12441663444042206, 0.34014755487442017, 0.5354358553886414]
[0.008910738863050938, 0.10963107645511627, 0.8814581632614136]
[0.0192773025482893, 0.06506060063838959, 0.9156620502471924]
[0.38833287358283997, 0.49833443760871887, 0.11333271116018295]
[0.27995768189430237, 0.4960361421108246, 0.22400622069835663]
[0.9141072630882263, 0.07588993012905121, 0.010002748109400272]
[0.06363138556480408, 0.20305800437927246, 0.7333105802536011]
[0.597158670425415, 0.2882292568683624, 0.11461208015680313]
[0.944221556186676, 0.048789892345666885, 0.006988509092479944]
[0.913485050201416, 0.07359562069177628, 0.012919334694743156]
[0.08785930275917053, 0.20984190702438354, 0.7022988200187683]
[0.713949978351593, 0.2517690062522888, 0.03428105264902115]
[0.006920522078871727, 0.06087960675358772, 0.9321999549865723]
[0.020379794761538506, 0.12741895020008087, 0.8522012233734131]
[0.02723923698067665, 0.09824230521917343, 0.8745183944702148]
