[0.057513102889060974, 0.4857833683490753, 0.4567035734653473]
[0.3497854173183441, 0.4768129289150238, 0.1734016388654709]
[0.00781296193599701, 0.0858723372220993, 0.9063147306442261]
[0.004943620879203081, 0.07839851081371307, 0.9166578054428101]
[0.08331701159477234, 0.37753546237945557, 0.5391475558280945]
[0.4926600754261017, 0.4222511351108551, 0.08508873730897903]
[0.07619012892246246, 0.37967148423194885, 0.5441384315490723]
[0.46214884519577026, 0.4532902240753174, 0.08456089347600937]
[0.0034823929890990257, 0.06602927297353745, 0.9304882884025574]
[0.01542606670409441, 0.10067115724086761, 0.8839027881622314]
[0.3855280578136444, 0.37625542283058167, 0.23821645975112915]
[0.38152745366096497, 0.41272038221359253, 0.2057521641254425]
[0.10301796346902847, 0.465294748544693, 0.43168726563453674]
[0.5110745429992676, 0.33038613200187683, 0.15853938460350037]
[0.15607433021068573, 0.39364156126976013, 0.45028409361839294]
[0.46616265177726746, 0.4036295711994171, 0.1302078366279602]
[0.5263591408729553, 0.41508787870407104, 0.05855304375290871]
[0.026095014065504074, 0.1044691652059555, 0.8694357872009277]
[0.03843887150287628, 0.20937465131282806, 0.7521864771842957]
[0.2535831928253174, 0.49998247623443604, 0.2464342713356018]
[0.04903466999530792, 0.3020549714565277, 0.648910403251648]
[0.7271687388420105, 0.23014143109321594, 0.04268982633948326]
[0.25320741534233093, 0.46587854623794556, 0.2809140384197235]
[0.035575538873672485, 0.19771280884742737, 0.7667116522789001]
[0.0018356961663812399, 0.020059015601873398, 0.9781052470207214]
