[0.33818870782852173, 0.41493651270866394, 0.24687479436397552]
[0.12667903304100037, 0.6094663739204407, 0.26385459303855896]
[0.06849134713411331, 0.7715442776679993, 0.15996438264846802]
[0.00276566413231194, 0.24689853191375732, 0.7503358125686646]
[0.6595849990844727, 0.3160046637058258, 0.024410348385572433]
[0.44540801644325256, 0.35297635197639465, 0.20161566138267517]
[0.15839213132858276, 0.6211614012718201, 0.22044648230075836]
[0.006295309402048588, 0.09249816089868546, 0.9012065529823303]
[0.02001262456178665, 0.13649828732013702, 0.8434891104698181]
[0.007208460476249456, 0.19458208978176117, 0.7982094287872314]
[0.4156964421272278, 0.4421474039554596, 0.14215610921382904]
[0.008947144262492657, 0.09299154579639435, 0.8980612754821777]
[0.3569381535053253, 0.4262251555919647, 0.21683672070503235]
[0.018393686041235924, 0.07327009737491608, 0.9083362817764282]
[0.016190066933631897, 0.2005183845758438, 0.7832915186882019]
[0.005788442213088274, 0.043911997228860855, 0.9502995610237122]
[0.883141040802002, 0.10135304182767868, 0.015505978837609291]
[0.05248669534921646, 0.5545974969863892, 0.3929157555103302]
[0.9177120923995972, 0.07477090507745743, 0.007516928017139435]
[0.6820108294487, 0.2690414488315582, 0.04894768074154854]
[0.004873567260801792, 0.035329923033714294, 0.9597964882850647]
[0.7833374738693237, 0.181457057595253, 0.03520550578832626]
[0.39484283328056335, 0.5285941958427429, 0.07656297087669373]
[0.08981099724769592, 0.41142770648002625, 0.49876126646995544]
[0.7747877240180969, 0.20095929503440857, 0.02425295114517212]
[0.052372582256793976, 0.1638847440481186, 0.7837426662445068]
[0.02509443834424019, 0.2574865520000458, 0.7174189686775208]
