[0.007155473809689283, 0.036600954830646515, 0.9562435150146484]
[0.2953256666660309, 0.40097543597221375, 0.30369895696640015]
[0.5386307239532471, 0.37036317586898804, 0.09100604802370071]
[0.03554370254278183, 0.2468874156475067, 0.7175689339637756]
[0.0019387599313631654, 0.03747888281941414, 0.9605823159217834]
[0.0028274778742343187, 0.1099991723895073, 0.8871733546257019]
[0.12163837254047394, 0.37495437264442444, 0.5034072399139404]
[0.009097334928810596, 0.11975335329771042, 0.8711493611335754]
[0.14535360038280487, 0.47042974829673767, 0.38421663641929626]
[0.18713033199310303, 0.3619110882282257, 0.45095857977867126]
[0.0023687705397605896, 0.03354184702038765, 0.9640893340110779]
[0.5242899060249329, 0.3596908748149872, 0.11601922661066055]
[0.36085864901542664, 0.5530421733856201, 0.08609920740127563]
[0.24591770768165588, 0.5838912129402161, 0.17019104957580566]
[0.0577591247856617, 0.20186589658260345, 0.7403749823570251]
[0.0057617854326963425, 0.0570097342133522, 0.9372284412384033]
[0.026444969698786736, 0.18483081459999084, 0.7887241840362549]
[0.14616267383098602, 0.20180745422840118, 0.6520299315452576]
[0.13326005637645721, 0.32087722420692444, 0.5458627343177795]
[0.001959626330062747, 0.024779701605439186, 0.9732607007026672]
[0.01288547646254301, 0.23908697068691254, 0.748027503490448]
[0.2816668450832367, 0.5659419298171997, 0.1523911952972412]
[0.0023995707742869854, 0.04418650642037392, 0.9534139633178711]
