[0.44954177737236023, 0.4049452543258667, 0.1455128937959671]
[0.049723803997039795, 0.35888320207595825, 0.591392993927002]
[0.6418859958648682, 0.3200782835483551, 0.03803569823503494]
[0.011934414505958557, 0.2628212571144104, 0.7252443432807922]
[0.00219224626198411, 0.04366665333509445, 0.9541410803794861]
[0.2149667739868164, 0.5773550271987915, 0.20767824351787567]
[0.06202392652630806, 0.3024671673774719, 0.6355089545249939]
[0.0536797009408474, 0.36058714985847473, 0.58573317527771]
[0.1276688277721405, 0.566001832485199, 0.30632930994033813]
[0.016661949455738068, 0.34023070335388184, 0.6431072950363159]
[0.02589217945933342, 0.37271520495414734, 0.6013926267623901]
[0.15397389233112335, 0.3165271282196045, 0.5294989943504333]
[0.9139363765716553, 0.0785163938999176, 0.007547316607087851]
[0.5925453901290894, 0.3631569445133209, 0.04429762810468674]
[0.15884841978549957, 0.4349084794521332, 0.40624308586120605]
[0.9144335985183716, 0.07720273733139038, 0.008363653905689716]
[0.5458040833473206, 0.35348960757255554, 0.10070633888244629]
[0.24102893471717834, 0.7092391848564148, 0.04973183944821358]
