[0.005987051408737898, 0.10097353905439377, 0.893039345741272]
[0.3704740107059479, 0.5161014795303345, 0.11342446506023407]
[0.05070069059729576, 0.3365735709667206, 0.6127257347106934]
[0.15688864886760712, 0.6071305871009827, 0.23598073422908783]
[0.08919856697320938, 0.42449793219566345, 0.486303448677063]
[0.12026334553956985, 0.573083221912384, 0.3066534399986267]
[0.1791498214006424, 0.5846166610717773, 0.23623347282409668]
[0.5446339845657349, 0.3861675560474396, 0.06919843703508377]
[0.04375075921416283, 0.6072051525115967, 0.34904414415359497]
[0.2634938955307007, 0.6213248372077942, 0.11518124490976334]
[0.05037609860301018, 0.2858016788959503, 0.6638222932815552]
[0.0021427690517157316, 0.03804473951458931, 0.9598125219345093]
[0.5021457672119141, 0.45095378160476685, 0.04690050706267357]
[0.08629470318555832, 0.5361867547035217, 0.37751856446266174]
[0.19692237675189972, 0.7186804413795471, 0.08439719676971436]
[0.5662060379981995, 0.3376777768135071, 0.09611625224351883]
[0.6687628030776978, 0.2868589758872986, 0.044378191232681274]
[0.5914175510406494, 0.35149091482162476, 0.05709155648946762]
[0.022470803931355476, 0.41667047142982483, 0.5608587861061096]
[0.33025482296943665, 0.5965967774391174, 0.07314842939376831]
[0.20886127650737762, 0.5893136262893677, 0.20182514190673828]
[0.01611591875553131, 0.13716937601566315, 0.8467146754264832]
[0.005820213817059994, 0.03515410050749779, 0.9590256810188293]
[0.2806580662727356, 0.46263888478279114, 0.25670307874679565]
[0.007817639037966728, 0.2355291098356247, 0.7566533088684082]
[0.02766791731119156, 0.16393186151981354, 0.8084002137184143]
[0.0918850377202034, 0.3867993652820587, 0.5213156342506409]
[0.21399572491645813, 0.5919339060783386, 0.19407035410404205]
[0.23443584144115448, 0.5235792398452759, 0.24198493361473083]
[0.17439612746238708, 0.7578423619270325, 0.06776154786348343]
[0.2739136517047882, 0.6207502484321594, 0.10533611476421356]
[0.005109862890094519, 0.14087538421154022, 0.8540147542953491]
