[0.035697974264621735, 0.1542704552412033, 0.8100315928459167]
[0.28340357542037964, 0.47792649269104004, 0.2386699765920639]
[0.009803518652915955, 0.21424998342990875, 0.7759464979171753]
[0.04655350744724274, 0.6329830884933472, 0.32046347856521606]
[0.2318505346775055, 0.4175697863101959, 0.3505796492099762]
[0.39156511425971985, 0.41558021306991577, 0.1928546279668808]
[0.34588557481765747, 0.43208861351013184, 0.22202588617801666]
[0.0545366071164608, 0.4289079010486603, 0.5165554881095886]
[0.10034705698490143, 0.22702576220035553, 0.6726271510124207]
[0.4000118374824524, 0.3925638496875763, 0.2074243128299713]
[0.037798162549734116, 0.4990290105342865, 0.4631727933883667]
[0.022055111825466156, 0.32471027970314026, 0.6532346606254578]
[0.12008550018072128, 0.3205550014972687, 0.5593594908714294]
[0.08650130033493042, 0.27154844999313354, 0.641950249671936]
[0.1461983025074005, 0.6136910319328308, 0.2401106357574463]
[0.03416937589645386, 0.1422167271375656, 0.8236138820648193]
[0.5833132266998291, 0.3557642698287964, 0.060922492295503616]
