[0.12287529557943344, 0.454160213470459, 0.42296451330184937]
[0.004099669400602579, 0.0497141033411026, 0.9461862444877625]
[0.03261367231607437, 0.1427796185016632, 0.824606716632843]
[0.003351458115503192, 0.05620977655053139, 0.9404386878013611]
[0.08566836267709732, 0.4127095639705658, 0.5016220808029175]
[0.004700412508100271, 0.02231590636074543, 0.9729836583137512]
[0.010393255390226841, 0.06798689067363739, 0.9216198921203613]
[0.014094176702201366, 0.11768889427185059, 0.8682169318199158]
[0.030039941892027855, 0.33386558294296265, 0.6360945105552673]
[0.07230300456285477, 0.3219197690486908, 0.6057772040367126]
[0.2608610689640045, 0.6295579075813293, 0.10958100855350494]
[0.04248201474547386, 0.16904328763484955, 0.7884747385978699]
[0.00774729996919632, 0.09495551884174347, 0.897297203540802]
[0.09073543548583984, 0.2480732649564743, 0.6611912846565247]
[0.032323673367500305, 0.2091507762670517, 0.7585254907608032]
[0.3571259677410126, 0.4809378385543823, 0.16193625330924988]
[0.09137379378080368, 0.32345283031463623, 0.5851733684539795]
[0.0040552024729549885, 0.03809423744678497, 0.9578505754470825]
[0.057989779859781265, 0.31747007369995117, 0.6245401501655579]
[0.45845040678977966, 0.4233497977256775, 0.11819986253976822]
[0.0024296422488987446, 0.04085177555680275, 0.9567185640335083]
