[0.03507337346673012, 0.26674044132232666, 0.6981862187385559]
[0.09300018846988678, 0.5768786072731018, 0.33012115955352783]
[0.007139117456972599, 0.6416969895362854, 0.35116395354270935]
[0.0013550338335335255, 0.015381785109639168, 0.9832632541656494]
[0.013098230585455894, 0.2623477578163147, 0.7245540022850037]
[0.366404265165329, 0.4259069859981537, 0.20768874883651733]
[0.027009401470422745, 0.3991098701953888, 0.5738807916641235]
[0.06748507916927338, 0.28061288595199585, 0.6519020199775696]
[0.006332513876259327, 0.07243970036506653, 0.921227753162384]
[0.0302572138607502, 0.2503763735294342, 0.7193664312362671]
[0.004064534790813923, 0.049151357263326645, 0.9467841386795044]
