[0.04677748307585716, 0.16804122924804688, 0.7851813435554504]
[0.00785051379352808, 0.10809652507305145, 0.8840529918670654]
[0.0063561927527189255, 0.059844970703125, 0.9337987899780273]
[0.029235687106847763, 0.30078577995300293, 0.6699784994125366]
[0.039987463504076004, 0.22333437204360962, 0.7366782426834106]
[0.016770441085100174, 0.2446630895137787, 0.738566517829895]
[0.019264638423919678, 0.16745446622371674, 0.8132808208465576]
[0.3121287226676941, 0.45286986231803894, 0.23500147461891174]
[0.0027050909120589495, 0.05787574127316475, 0.939419150352478]
[0.02596951462328434, 0.5396065711975098, 0.43442392349243164]
[0.017789674922823906, 0.1535499095916748, 0.8286604285240173]
[0.7859485149383545, 0.1687047928571701, 0.04534659534692764]
[0.006300958339124918, 0.09107711911201477, 0.9026219248771667]
[0.03681965544819832, 0.15569338202476501, 0.8074870109558105]
[0.03487542271614075, 0.21207040548324585, 0.7530542016029358]
[0.18978147208690643, 0.42858007550239563, 0.3816385269165039]
[0.42596960067749023, 0.40109726786613464, 0.1729331761598587]
[0.015518484637141228, 0.09703778475522995, 0.8874437212944031]
[0.3362206220626831, 0.5210881233215332, 0.1426912397146225]
[0.23568351566791534, 0.6127177476882935, 0.15159881114959717]
[0.03632546588778496, 0.2501041889190674, 0.7135703563690186]
[0.024949558079242706, 0.16745565831661224, 0.8075947761535645]
[0.34538546204566956, 0.5309937596321106, 0.12362071871757507]
[0.0024530200753360987, 0.12455526739358902, 0.8729917407035828]
