[0.08071235567331314, 0.5649508237838745, 0.35433685779571533]
[0.03376007452607155, 0.17802368104457855, 0.788216233253479]
[0.01826617494225502, 0.16372495889663696, 0.8180088400840759]
[0.10618863254785538, 0.5324884057044983, 0.3613229990005493]
[0.004311712924391031, 0.09685813635587692, 0.8988301157951355]
[0.03240121528506279, 0.1203879788517952, 0.8472108244895935]
[0.11577404290437698, 0.27717557549476624, 0.6070504188537598]
[0.0030335907358676195, 0.03294569253921509, 0.9640207886695862]
[0.05923708900809288, 0.4284451901912689, 0.5123177766799927]
[0.0031887232325971127, 0.22594372928142548, 0.7708675265312195]
[0.2814440429210663, 0.5769559741020203, 0.14159999787807465]
[0.05677633360028267, 0.5121708512306213, 0.4310528039932251]
[0.32774192094802856, 0.5676852464675903, 0.10457279533147812]
[0.007512174546718597, 0.09022168070077896, 0.9022660851478577]
[0.0025605163536965847, 0.015948357060551643, 0.9814910888671875]
[0.0624370314180851, 0.282773494720459, 0.654789388179779]
