[0.0449722558259964, 0.32991263270378113, 0.6251150965690613]
[0.008922385051846504, 0.11239040642976761, 0.8786872029304504]
[0.1734372079372406, 0.391348659992218, 0.4352141320705414]
[0.48572781682014465, 0.43678051233291626, 0.0774916484951973]
[0.3600010573863983, 0.5666559338569641, 0.07334298640489578]
[0.5136733055114746, 0.4073713719844818, 0.07895530760288239]
[0.01743960566818714, 0.09234297275543213, 0.8902174234390259]
[0.23164434731006622, 0.4269925355911255, 0.3413631319999695]
[0.004253040067851543, 0.08876824378967285, 0.9069787263870239]
[0.01041625626385212, 0.21761982142925262, 0.7719639539718628]
[0.4742855131626129, 0.35859620571136475, 0.16711831092834473]
[0.4364964962005615, 0.4117096960544586, 0.15179382264614105]
[0.03211091831326485, 0.2723318338394165, 0.6955572366714478]
[0.40915966033935547, 0.4815423786640167, 0.10929792374372482]
[0.3640550673007965, 0.4957132339477539, 0.14023171365261078]
[0.13966399431228638, 0.6379038691520691, 0.22243212163448334]
[0.031155992299318314, 0.26757141947746277, 0.7012726068496704]
[0.38189876079559326, 0.538928747177124, 0.07917243987321854]
[0.05417818948626518, 0.47087931632995605, 0.47494253516197205]
[0.041928067803382874, 0.2244693785905838, 0.7336025238037109]
[0.3944457173347473, 0.4797295331954956, 0.1258247196674347]
[0.7665712237358093, 0.20769134163856506, 0.02573740854859352]
[0.6143853664398193, 0.2845485508441925, 0.10106604546308517]
[0.0034402029123157263, 0.014298872090876102, 0.9822608828544617]
