[0.36274442076683044, 0.5224916934967041, 0.11476388573646545]
[0.0023743780329823494, 0.0359923429787159, 0.9616332650184631]
[0.009003314189612865, 0.05456870421767235, 0.9364279508590698]
[0.15438437461853027, 0.45690712332725525, 0.38870853185653687]
[0.11525052785873413, 0.5147537589073181, 0.36999577283859253]
[0.4526327848434448, 0.45498284697532654, 0.09238432347774506]
[0.36489441990852356, 0.4429433345794678, 0.19216224551200867]
[0.8393393754959106, 0.14175531268119812, 0.018905282020568848]
[0.3537215292453766, 0.3898618817329407, 0.2564166486263275]
[0.40546244382858276, 0.4664609134197235, 0.1280766874551773]
[0.297689825296402, 0.4857826828956604, 0.21652743220329285]
[0.0339539609849453, 0.07033313065767288, 0.8957129716873169]
[0.5993412733078003, 0.3424832820892334, 0.05817537009716034]
[0.7161703705787659, 0.22871601581573486, 0.055113669484853745]
[0.08650073409080505, 0.5280243754386902, 0.38547495007514954]
[0.11861839145421982, 0.5926744341850281, 0.28870710730552673]
