[0.3091078996658325, 0.5197656750679016, 0.1711263805627823]
[0.010639416985213757, 0.7933651804924011, 0.19599540531635284]
[0.0034873855765908957, 0.09567252546548843, 0.9008400440216064]
[0.03736816346645355, 0.5384883880615234, 0.4241434335708618]
[0.024653716012835503, 0.6741259694099426, 0.30122026801109314]
[0.014218701049685478, 0.384026437997818, 0.601754903793335]
[0.04080694913864136, 0.6908006072044373, 0.268392413854599]
[0.48616236448287964, 0.4696832299232483, 0.04415442422032356]
[0.009277904406189919, 0.34410950541496277, 0.6466125249862671]
[0.007808596361428499, 0.5330772399902344, 0.4591141939163208]
[0.008105764165520668, 0.42498794198036194, 0.5669063329696655]
[0.013833710923790932, 0.5624538660049438, 0.42371243238449097]
[0.005146912764757872, 0.15045222640037537, 0.8444008231163025]
[0.0013911003479734063, 0.09229128807783127, 0.9063176512718201]
