[0.045034561306238174, 0.20747488737106323, 0.7474905252456665]
[0.2576742172241211, 0.39171302318573, 0.3506127595901489]
[0.37785425782203674, 0.4984050691127777, 0.12374069541692734]
[0.32915106415748596, 0.5601488947868347, 0.11069996654987335]
[0.03211202844977379, 0.5937398076057434, 0.3741481304168701]
[0.39229366183280945, 0.5111639499664307, 0.09654233604669571]
[0.07102685421705246, 0.3976311683654785, 0.5313419699668884]
[0.3897828757762909, 0.47894349694252014, 0.13127362728118896]
[0.22442898154258728, 0.54966139793396, 0.22590963542461395]
[0.13417400419712067, 0.4983189105987549, 0.36750710010528564]
[0.06858478486537933, 0.499056339263916, 0.43235889077186584]
[0.18225255608558655, 0.5272424817085266, 0.29050499200820923]
[0.5002502202987671, 0.41187727451324463, 0.08787250518798828]
[0.052525877952575684, 0.5126062631607056, 0.43486782908439636]
[0.008905152790248394, 0.07603712379932404, 0.9150577783584595]
[0.060338884592056274, 0.31279104948043823, 0.6268700957298279]
[0.00340864947065711, 0.034127455204725266, 0.9624638557434082]
[0.08482449501752853, 0.8628137111663818, 0.05236182361841202]
