[0.005085968878120184, 0.05251263454556465, 0.9424014091491699]
[0.24909630417823792, 0.6554253697395325, 0.09547830373048782]
[0.02164691872894764, 0.429554283618927, 0.5487987399101257]
[0.6607786417007446, 0.29624655842781067, 0.0429748073220253]
[0.2974032759666443, 0.6318346858024597, 0.07076206058263779]
[0.009858878329396248, 0.243510901927948, 0.7466301918029785]
[0.023520076647400856, 0.4590510129928589, 0.5174288749694824]
[0.4300592243671417, 0.39571648836135864, 0.17422422766685486]
[0.005189467221498489, 0.12271619588136673, 0.8720943331718445]
[0.15855231881141663, 0.4180010259151459, 0.4234466552734375]
[0.18964236974716187, 0.7013377547264099, 0.1090199425816536]
[0.34994006156921387, 0.49643459916114807, 0.15362529456615448]
[0.45209112763404846, 0.40308552980422974, 0.144823357462883]
[0.0039847735315561295, 0.03362702578306198, 0.9623882174491882]
[0.4385310113430023, 0.46886909008026123, 0.09259986132383347]
[0.546136736869812, 0.3819738030433655, 0.07188951224088669]
[0.0060531459748744965, 0.07738281041383743, 0.9165641069412231]
[0.09645913541316986, 0.32747259736061096, 0.5760682821273804]
[0.03684564307332039, 0.48665136098861694, 0.4765029847621918]
[0.011191492900252342, 0.10175857692956924, 0.8870499730110168]
[0.007158283144235611, 0.15923340618610382, 0.8336083292961121]
[0.03496937081217766, 0.4418277144432068, 0.5232028961181641]
[0.008682946674525738, 0.17770978808403015, 0.8136072158813477]
[0.010628782212734222, 0.05498740077018738, 0.9343838095664978]
[0.02177865244448185, 0.6802847385406494, 0.2979366183280945]
