[0.2744389474391937, 0.4129972755908966, 0.31256380677223206]
[0.002693898044526577, 0.03913392126560211, 0.9581722021102905]
[0.06622199714183807, 0.4521578550338745, 0.48162007331848145]
[0.045780908316373825, 0.5840103030204773, 0.37020882964134216]
[0.0036925417371094227, 0.0860191062092781, 0.9102882742881775]
[0.0015846474561840296, 0.01990516483783722, 0.9785101413726807]
[0.7081947326660156, 0.2511986196041107, 0.04060666635632515]
[0.40334001183509827, 0.5235681533813477, 0.07309184968471527]
[0.31356167793273926, 0.5281366109848022, 0.15830165147781372]
[0.003601375501602888, 0.037017662078142166, 0.9593809247016907]
[0.011707715690135956, 0.18182970583438873, 0.8064626455307007]
[0.005428348667919636, 0.04393148794770241, 0.9506402015686035]
[0.0025746324099600315, 0.038631267845630646, 0.9587940573692322]
[0.14748571813106537, 0.43528681993484497, 0.41722747683525085]
[0.3732393682003021, 0.5614588856697083, 0.0653018057346344]
[0.006501874420791864, 0.09988109767436981, 0.8936169743537903]
[0.10684002190828323, 0.27332252264022827, 0.6198375225067139]
[0.13213789463043213, 0.44534799456596375, 0.4225141108036041]
[0.529913067817688, 0.34302419424057007, 0.12706264853477478]
[0.02071915566921234, 0.12879152595996857, 0.8504892587661743]
[0.03412894904613495, 0.1295119971036911, 0.8363590836524963]
[0.025462722405791283, 0.2361166924238205, 0.7384206056594849]
