[0.41103506088256836, 0.4500797986984253, 0.13888518512248993]
[0.012260599993169308, 0.12836609780788422, 0.8593733310699463]
[0.004805474076420069, 0.08239784091711044, 0.912796676158905]
[0.015637170523405075, 0.29593175649642944, 0.6884310245513916]
[0.343638151884079, 0.5044084191322327, 0.15195338428020477]
[0.007487076334655285, 0.14052525162696838, 0.8519876003265381]
[0.01645222306251526, 0.22027431428432465, 0.7632734775543213]
[0.00829344056546688, 0.12348008900880814, 0.8682264685630798]
[0.2129465937614441, 0.5697916150093079, 0.21726186573505402]
[0.7935394048690796, 0.1716674566268921, 0.03479316085577011]
[0.480399489402771, 0.42594829201698303, 0.09365218132734299]
[0.045824918895959854, 0.24834227561950684, 0.7058327794075012]
[0.02131679467856884, 0.10328170657157898, 0.8754014372825623]
[0.02335875667631626, 0.24842727184295654, 0.728213906288147]
[0.2980419993400574, 0.44882991909980774, 0.2531280517578125]
[0.017124265432357788, 0.46847811341285706, 0.5143976807594299]
[0.06911714375019073, 0.39604753255844116, 0.5348353385925293]
[0.016008595004677773, 0.6166470050811768, 0.3673444390296936]
[0.01747630164027214, 0.14996123313903809, 0.8325624465942383]
[0.03249260038137436, 0.35173386335372925, 0.6157735586166382]
[0.4083021879196167, 0.4404107630252838, 0.15128706395626068]
