[0.020506225526332855, 0.4348151683807373, 0.5446786880493164]
[0.12630045413970947, 0.5999211072921753, 0.2737785279750824]
[0.09261344373226166, 0.5774534940719604, 0.3299331068992615]
[0.10620685666799545, 0.6103300452232361, 0.28346312046051025]
[0.024793332442641258, 0.20660211145877838, 0.768604576587677]
[0.07813520729541779, 0.7741125822067261, 0.14775222539901733]
[0.013197238557040691, 0.10170971602201462, 0.8850930333137512]
[0.007213264238089323, 0.141793891787529, 0.8509927988052368]
[0.0024930008221417665, 0.03136695548892021, 0.96614009141922]
[0.03449958190321922, 0.22988125681877136, 0.7356191277503967]
[0.44271087646484375, 0.40231072902679443, 0.154978409409523]
[0.011477380990982056, 0.2938103675842285, 0.6947121620178223]
[0.24611929059028625, 0.5306359529495239, 0.2232448160648346]
[0.707992434501648, 0.24929077923297882, 0.042716771364212036]
[0.3775689899921417, 0.4146692454814911, 0.2077617645263672]
[0.0036545577459037304, 0.02660784311592579, 0.9697375297546387]
[0.041113436222076416, 0.20146486163139343, 0.7574217319488525]
[0.04437617212533951, 0.4349516034126282, 0.5206722021102905]
[0.0387965589761734, 0.27897757291793823, 0.6822258234024048]
[0.0018815520452335477, 0.23980195820331573, 0.7583165168762207]
