[0.03967712074518204, 0.16948570311069489, 0.7908372282981873]
[0.0049179368652403355, 0.05553564429283142, 0.9395464658737183]
[0.0195760577917099, 0.15751075744628906, 0.8229132294654846]
[0.21112598478794098, 0.6155920624732971, 0.17328189313411713]
[0.40020987391471863, 0.34324392676353455, 0.25654616951942444]
[0.0043874201364815235, 0.07198774814605713, 0.9236248135566711]
[0.15456220507621765, 0.33601149916648865, 0.5094262361526489]
[0.6961061954498291, 0.2650809586048126, 0.03881285712122917]
[0.2787599265575409, 0.5302063822746277, 0.191033735871315]
[0.023389765992760658, 0.08957324922084808, 0.8870370388031006]
[0.0055853030644357204, 0.026904143393039703, 0.9675105810165405]
[0.08196952193975449, 0.456520140171051, 0.4615103006362915]
[0.6172802448272705, 0.2887265086174011, 0.09399331361055374]
[0.1175275593996048, 0.4074794054031372, 0.4749929904937744]
[0.004080438055098057, 0.03476279228925705, 0.9611567258834839]
[0.007448050659149885, 0.15397512912750244, 0.8385768532752991]
[0.5982660055160522, 0.35017281770706177, 0.05156122148036957]
[0.039607513695955276, 0.2739924490451813, 0.6864000558853149]
[0.29438966512680054, 0.4296064078807831, 0.2760039269924164]
[0.04537953436374664, 0.17979148030281067, 0.7748290300369263]
[0.027908841148018837, 0.13064663112163544, 0.8414445519447327]
[0.01495201326906681, 0.10505703836679459, 0.8799909353256226]
[0.022562488913536072, 0.2447066456079483, 0.7327308654785156]
[0.028847238048911095, 0.1792362481355667, 0.79191654920578]
[0.5767869353294373, 0.3495407700538635, 0.07367229461669922]
[0.5505245923995972, 0.34780359268188477, 0.10167186707258224]
[0.00799650140106678, 0.0671340748667717, 0.9248694181442261]
[0.10893136262893677, 0.5292388796806335, 0.3618296980857849]
[0.07607812434434891, 0.42209044098854065, 0.5018314719200134]
[0.24448229372501373, 0.3642893135547638, 0.3912283778190613]
