[0.49570462107658386, 0.38853952288627625, 0.11575586348772049]
[0.056521572172641754, 0.12494974583387375, 0.8185287117958069]
[0.006058164872229099, 0.03320479393005371, 0.9607369899749756]
[0.08429994434118271, 0.3423178195953369, 0.5733821988105774]
[0.005704585462808609, 0.03378454968333244, 0.9605108499526978]
[0.5257255434989929, 0.42266392707824707, 0.05161053314805031]
[0.04360036924481392, 0.23249319195747375, 0.7239064574241638]
[0.1492621898651123, 0.4177734851837158, 0.4329642951488495]
[0.6309105753898621, 0.2975073456764221, 0.07158203423023224]
[0.012099046260118484, 0.13603061437606812, 0.8518704175949097]
[0.00775872590020299, 0.062121521681547165, 0.9301197528839111]
[0.3865785598754883, 0.4278612434864044, 0.1855601817369461]
[0.006097652018070221, 0.07015788555145264, 0.9237444400787354]
[0.7621172070503235, 0.1991416960954666, 0.03874115273356438]
[0.32431069016456604, 0.4345940947532654, 0.24109530448913574]
[0.0345236212015152, 0.21037818491458893, 0.7550982236862183]
[0.4157828688621521, 0.4291800856590271, 0.15503710508346558]
[0.42347633838653564, 0.35414454340934753, 0.2223791629076004]
[0.014337148517370224, 0.15536201000213623, 0.8303008675575256]
[0.021212177351117134, 0.1114526316523552, 0.8673351407051086]
[0.03631908819079399, 0.29420822858810425, 0.6694726943969727]
[0.04288078099489212, 0.20192812383174896, 0.7551911473274231]
[0.45832329988479614, 0.4204005002975464, 0.12127619981765747]
[0.6374675631523132, 0.3058631420135498, 0.056669238954782486]
[0.015599350444972515, 0.13116233050823212, 0.8532382845878601]
[0.10324477404356003, 0.7011748552322388, 0.1955803632736206]
