[0.03229689970612526, 0.31137609481811523, 0.656326949596405]
[0.008269273675978184, 0.08402643352746964, 0.9077042937278748]
[0.0037096026353538036, 0.0863109603524208, 0.9099794030189514]
[0.055096544325351715, 0.8625357747077942, 0.08236773312091827]
[0.006338464096188545, 0.06568261235952377, 0.9279788732528687]
[0.01096347812563181, 0.5165308713912964, 0.4725055992603302]
[0.004573622718453407, 0.0973476693034172, 0.8980786800384521]
[0.35230663418769836, 0.5774367451667786, 0.07025665789842606]
[0.11982027441263199, 0.706186830997467, 0.17399290204048157]
[0.003077761735767126, 0.10385247319936752, 0.8930698037147522]
[0.05173928290605545, 0.5136635899543762, 0.4345971643924713]
[0.1168576180934906, 0.7179071307182312, 0.16523517668247223]
[0.022527815774083138, 0.2247333973646164, 0.7527387738227844]
[0.012033535167574883, 0.11425964534282684, 0.8737068772315979]
[0.3142245411872864, 0.4841878116130829, 0.20158755779266357]
[0.009880266152322292, 0.18975892663002014, 0.8003607988357544]
[0.14186160266399384, 0.7541435360908508, 0.10399486124515533]
[0.004246323835104704, 0.02907732129096985, 0.9666764140129089]
[0.00419511878862977, 0.0622967965900898, 0.933508038520813]
[0.015939518809318542, 0.21142087876796722, 0.7726395726203918]
[0.05443540960550308, 0.524402379989624, 0.42116212844848633]
[0.0016823163023218513, 0.06085016950964928, 0.9374674558639526]
