[0.816295862197876, 0.1651640087366104, 0.01854022964835167]
[0.017452437430620193, 0.14211992919445038, 0.8404276371002197]
[0.0032322327606379986, 0.04366174340248108, 0.9531059861183167]
[0.012376024387776852, 0.05292733758687973, 0.9346966743469238]
[0.12227457761764526, 0.45624369382858276, 0.421481728553772]
[0.033532824367284775, 0.2369573712348938, 0.7295098304748535]
[0.9342638254165649, 0.05997816473245621, 0.005758044775575399]
[0.6645412445068359, 0.2958844304084778, 0.03957422822713852]
[0.7582392692565918, 0.21567395329475403, 0.02608674019575119]
[0.011821890249848366, 0.11364250630140305, 0.8745355606079102]
[0.013949146494269371, 0.04361645132303238, 0.9424344301223755]
[0.005334839690476656, 0.058057814836502075, 0.9366074204444885]
[0.3104844093322754, 0.3887012004852295, 0.30081436038017273]
[0.5116430521011353, 0.39346998929977417, 0.09488692879676819]
[0.01911977119743824, 0.09630343317985535, 0.8845767974853516]
[0.22643259167671204, 0.36069926619529724, 0.41286811232566833]
[0.034980084747076035, 0.1665036529302597, 0.7985162734985352]
[0.008630356751382351, 0.043228212743997574, 0.9481413960456848]
[0.34477874636650085, 0.42140311002731323, 0.2338181436061859]
[0.02361135743558407, 0.11022859066724777, 0.8661600947380066]
[0.026584435254335403, 0.08364541828632355, 0.8897701501846313]
[0.17643892765045166, 0.6135860681533813, 0.20997503399848938]
