[0.006829166319221258, 0.2842515707015991, 0.7089192271232605]
[0.010925094597041607, 0.15011447668075562, 0.8389604687690735]
[0.02091287262737751, 0.23081128299236298, 0.748275876045227]
[0.02924814261496067, 0.2401801347732544, 0.7305717468261719]
[0.01348953414708376, 0.08231060951948166, 0.9041998386383057]
[0.002052698750048876, 0.05977731570601463, 0.9381700158119202]
[0.3412429094314575, 0.541259765625, 0.11749734729528427]
[0.01924707740545273, 0.1240924820303917, 0.8566604852676392]
[0.0030939446296542883, 0.0995183140039444, 0.897387683391571]
[0.01013258658349514, 0.33507755398750305, 0.6547898054122925]
[0.10853062570095062, 0.6500611305236816, 0.24140819907188416]
[0.21643240749835968, 0.3551914393901825, 0.42837607860565186]
[0.35051393508911133, 0.4230656027793884, 0.22642049193382263]
[0.027910932898521423, 0.16734431684017181, 0.8047447800636292]
[0.20136532187461853, 0.4142970144748688, 0.3843376338481903]
[0.3494381010532379, 0.4580973982810974, 0.1924644559621811]
[0.2851511836051941, 0.4818837344646454, 0.23296500742435455]
[0.20030273497104645, 0.4614655673503876, 0.3382316827774048]
[0.7076781392097473, 0.2453332543373108, 0.046988584101200104]
[0.017282746732234955, 0.14714449644088745, 0.8355727195739746]
[0.08836522698402405, 0.379595547914505, 0.532039225101471]
[0.556105375289917, 0.3789058029651642, 0.06498880684375763]
[0.021112700924277306, 0.1075969934463501, 0.8712903261184692]
[0.006007908843457699, 0.053900327533483505, 0.9400917887687683]
[0.010715185664594173, 0.18254157900810242, 0.8067432045936584]
