[0.018400544300675392, 0.1503356397151947, 0.8312637805938721]
[0.16479052603244781, 0.5479572415351868, 0.2872523367404938]
[0.03601837903261185, 0.3779330849647522, 0.5860486030578613]
[0.0012305403361096978, 0.027496693655848503, 0.9712727665901184]
[0.0070955706760287285, 0.2105933576822281, 0.7823110818862915]
[0.0035503122489899397, 0.03233092278242111, 0.9641187191009521]
[0.03783974051475525, 0.17973542213439941, 0.782424807548523]
[0.4274289309978485, 0.48823341727256775, 0.08433765172958374]
[0.008025314658880234, 0.12164182960987091, 0.8703328967094421]
[0.004756295587867498, 0.021162793040275574, 0.9740809798240662]
[0.003856227733194828, 0.029843924567103386, 0.9662997722625732]
[0.024211367592215538, 0.11368253827095032, 0.8621060848236084]
[0.005991095677018166, 0.024690944701433182, 0.9693180322647095]
[0.030563155189156532, 0.34615182876586914, 0.6232849955558777]
[0.06867598742246628, 0.26111236214637756, 0.670211672782898]
[0.7014776468276978, 0.2585199177265167, 0.040002431720495224]
[0.06052481010556221, 0.23433497548103333, 0.7051401734352112]
[0.012029069475829601, 0.0650462880730629, 0.9229246377944946]
[0.003963584080338478, 0.036570459604263306, 0.9594659805297852]
[0.0019459562608972192, 0.032048482447862625, 0.9660055637359619]
[0.0044762613251805305, 0.04945594444870949, 0.9460678100585938]
[0.03781675919890404, 0.21446886658668518, 0.7477143406867981]
[0.015211233869194984, 0.18483184278011322, 0.7999569177627563]
[0.05320903658866882, 0.1562810093164444, 0.7905099987983704]
