[0.015546688809990883, 0.13641002774238586, 0.8480432629585266]
[0.0073588332161307335, 0.14652976393699646, 0.8461113572120667]
[0.0028111415449529886, 0.04789993539452553, 0.9492889046669006]
[0.2970612347126007, 0.4036419093608856, 0.29929688572883606]
[0.11503073573112488, 0.47553130984306335, 0.40943804383277893]
[0.04059465974569321, 0.6492776870727539, 0.3101276457309723]
[0.04388074204325676, 0.2000558227300644, 0.7560634016990662]
[0.35104650259017944, 0.5331091284751892, 0.11584430932998657]
[0.3899821639060974, 0.4669049084186554, 0.1431129276752472]
[0.012450693175196648, 0.10692702978849411, 0.8806222677230835]
[0.0046457210555672646, 0.03686346113681793, 0.958490788936615]
[0.03209003433585167, 0.08161959797143936, 0.8862903714179993]
[0.21871745586395264, 0.3740254342556, 0.4072571098804474]
[0.23036566376686096, 0.3356165587902069, 0.4340178370475769]
[0.016482166945934296, 0.20801807940006256, 0.7754997611045837]
[0.13911482691764832, 0.4313776195049286, 0.4295075237751007]
[0.07256661355495453, 0.36477506160736084, 0.5626582503318787]
[0.00878088641911745, 0.16586601734161377, 0.8253530859947205]
[0.003308357670903206, 0.018991924822330475, 0.9776997566223145]
[0.007561348378658295, 0.04595576971769333, 0.9464828968048096]
[0.029772240668535233, 0.15002259612083435, 0.8202051520347595]
[0.07752029597759247, 0.41892173886299133, 0.5035579800605774]
[0.0136888911947608, 0.06992711126804352, 0.9163839221000671]
[0.1393103301525116, 0.1630651354789734, 0.6976246237754822]
[0.09298540651798248, 0.41619184613227844, 0.4908227324485779]
[0.0024664616212248802, 0.0365169532597065, 0.9610165953636169]
[0.016344573348760605, 0.0830279216170311, 0.9006274342536926]
[0.4020983576774597, 0.3589221239089966, 0.23897957801818848]
[0.32788175344467163, 0.41386285424232483, 0.2582554221153259]
[0.029653005301952362, 0.07721646130084991, 0.8931305408477783]
[0.0150804053992033, 0.17535188794136047, 0.8095677495002747]
[0.07109501957893372, 0.13985930383205414, 0.7890456914901733]
[0.32634735107421875, 0.5061625242233276, 0.167490154504776]
[0.10461390018463135, 0.5452567934989929, 0.3501293361186981]
[0.010695896111428738, 0.0552251823246479, 0.9340789318084717]
[0.004431390669196844, 0.24332848191261292, 0.7522401213645935]
