[0.05925484374165535, 0.5034819841384888, 0.4372631907463074]
[0.0037452448159456253, 0.02536693960428238, 0.9708878397941589]
[0.08439217507839203, 0.35798412561416626, 0.5576237440109253]
[0.015979096293449402, 0.20756559073925018, 0.776455283164978]
[0.05581676587462425, 0.31901711225509644, 0.625166118144989]
[0.01584329642355442, 0.12460299581289291, 0.8595536947250366]
[0.004969688132405281, 0.11973550170660019, 0.8752947449684143]
[0.01037199143320322, 0.21311424672603607, 0.7765137553215027]
[0.36692139506340027, 0.5334358811378479, 0.09964275360107422]
[0.013999936170876026, 0.2926253080368042, 0.693374752998352]
[0.01809149980545044, 0.1567937284708023, 0.8251147270202637]
[0.03441803902387619, 0.5837309956550598, 0.38185104727745056]
[0.032820019870996475, 0.43929603695869446, 0.5278839468955994]
[0.009486397728323936, 0.2021392285823822, 0.7883743047714233]
[0.18379640579223633, 0.5992819666862488, 0.2169216126203537]
[0.04771304130554199, 0.34602195024490356, 0.6062649488449097]
[0.09236540645360947, 0.7865879535675049, 0.12104658037424088]
[0.135342538356781, 0.6074104309082031, 0.25724703073501587]
[0.017070051282644272, 0.14296628534793854, 0.8399636745452881]
[0.00938881654292345, 0.2148786038160324, 0.7757325172424316]
[0.015166062861680984, 0.43626970052719116, 0.5485642552375793]
[0.0026672540698200464, 0.04035697504878044, 0.9569756984710693]
[0.014345920644700527, 0.26666370034217834, 0.7189904451370239]
[0.7408196330070496, 0.23368306457996368, 0.02549734152853489]
[0.22158515453338623, 0.5979591608047485, 0.18045574426651]
[0.598120927810669, 0.34547242522239685, 0.05640668049454689]
[0.06039762124419212, 0.20683233439922333, 0.7327700853347778]
[0.06070232391357422, 0.4414477050304413, 0.4978499412536621]
[0.5697850584983826, 0.36956658959388733, 0.0606483593583107]
[0.039768192917108536, 0.29480019211769104, 0.6654316186904907]
[0.06831783801317215, 0.38428229093551636, 0.5473998785018921]
[0.4693700671195984, 0.3984067142009735, 0.1322232037782669]
[0.036873362958431244, 0.40012022852897644, 0.5630063414573669]
[0.0018490833463147283, 0.037555769085884094, 0.9605950713157654]
