[0.5850874781608582, 0.35937240719795227, 0.05554013326764107]
[0.009861201979219913, 0.07004668563604355, 0.9200921654701233]
[0.25379887223243713, 0.5819056630134583, 0.16429540514945984]
[0.24819982051849365, 0.5776222348213196, 0.17417794466018677]
[0.2833123505115509, 0.6193902492523193, 0.09729737043380737]
[0.27463194727897644, 0.5213491320610046, 0.20401886105537415]
[0.16007627546787262, 0.3241073787212372, 0.5158163905143738]
[0.07232309132814407, 0.19410759210586548, 0.733569324016571]
[0.7674270868301392, 0.2000899314880371, 0.03248297795653343]
[0.4030396342277527, 0.39068928360939026, 0.20627109706401825]
[0.45859256386756897, 0.3995630145072937, 0.14184445142745972]
[0.11863677203655243, 0.38145017623901367, 0.4999130070209503]
[0.6835311055183411, 0.2585620582103729, 0.0579068623483181]
[0.37824350595474243, 0.5281655192375183, 0.09359102696180344]
