[0.10057590901851654, 0.3478711247444153, 0.5515530109405518]
[0.04648277908563614, 0.23748469352722168, 0.7160325646400452]
[0.144327312707901, 0.7073537707328796, 0.14831894636154175]
[0.045974258333444595, 0.3055308163166046, 0.6484949588775635]
[0.025683043524622917, 0.5755342245101929, 0.39878273010253906]
[0.07151570916175842, 0.6245914101600647, 0.3038928508758545]
[0.09408270567655563, 0.33913156390190125, 0.5667857527732849]
[0.35347500443458557, 0.5748623609542847, 0.07166263461112976]
[0.0013330893125385046, 0.037008244544267654, 0.9616586565971375]
[0.1598832905292511, 0.515326738357544, 0.32479000091552734]
[0.002729561412706971, 0.02732876129448414, 0.9699417352676392]
[0.24792657792568207, 0.6188181042671204, 0.13325531780719757]
[0.063992440700531, 0.3622164726257324, 0.5737910270690918]
[0.3256434500217438, 0.5422531962394714, 0.13210326433181763]
[0.0701565146446228, 0.7690604329109192, 0.16078302264213562]
[0.031247060745954514, 0.45790305733680725, 0.5108498334884644]
[0.06157364696264267, 0.25771811604499817, 0.6807081699371338]
[0.05011638626456261, 0.7631938457489014, 0.18668976426124573]
[0.12180063128471375, 0.6101723313331604, 0.26802706718444824]
[0.008049022406339645, 0.4050590991973877, 0.5868918895721436]
