[0.018217353150248528, 0.26032936573028564, 0.7214533090591431]
[0.2219688892364502, 0.6688412427902222, 0.10918992757797241]
[0.1361055225133896, 0.605260968208313, 0.25863346457481384]
[0.17749448120594025, 0.6523644924163818, 0.17014101147651672]
[0.06405632942914963, 0.8038487434387207, 0.13209496438503265]
[0.01442951150238514, 0.3209746181964874, 0.6645958423614502]
[0.018861500546336174, 0.24073916673660278, 0.7403993010520935]
[0.22479228675365448, 0.7198006510734558, 0.05540703982114792]
[0.7935579419136047, 0.15613967180252075, 0.0503024198114872]
[0.19682487845420837, 0.45990633964538574, 0.3432687819004059]
[0.41750967502593994, 0.4324217438697815, 0.15006862580776215]
[0.7677678465843201, 0.19969424605369568, 0.03253784775733948]
[0.057411812245845795, 0.4430111348628998, 0.49957704544067383]
[0.05418270826339722, 0.2980775833129883, 0.6477396488189697]
[0.009034338407218456, 0.10052065551280975, 0.8904449939727783]
[0.6236282587051392, 0.33148011565208435, 0.04489157721400261]
[0.429960161447525, 0.4048469066619873, 0.1651928871870041]
[0.04629669710993767, 0.3695051372051239, 0.5841981172561646]
[0.9104568362236023, 0.0825965628027916, 0.0069465492852032185]
[0.8386796712875366, 0.14987750351428986, 0.011442813090980053]
[0.5692110657691956, 0.36262115836143494, 0.0681678056716919]
[0.7242294549942017, 0.2399567812681198, 0.03581378608942032]
[0.658358633518219, 0.2952826917171478, 0.04635867848992348]
[0.35840657353401184, 0.538424551486969, 0.103168785572052]
[0.14290228486061096, 0.7550358176231384, 0.10206190496683121]
[0.8517873287200928, 0.13192707300186157, 0.016285518184304237]
[0.02260616049170494, 0.14702783524990082, 0.8303660154342651]
