[0.07996819913387299, 0.4794374704360962, 0.44059431552886963]
[0.004876136779785156, 0.04480809345841408, 0.9503157138824463]
[0.0028589118737727404, 0.05962733179330826, 0.9375137686729431]
[0.006765633821487427, 0.2739108204841614, 0.7193235158920288]
[0.4298343360424042, 0.39959779381752014, 0.17056791484355927]
[0.011601400561630726, 0.08474350720643997, 0.9036551117897034]
[0.08604294806718826, 0.683471143245697, 0.2304859757423401]
[0.15348300337791443, 0.6744656562805176, 0.1720513105392456]
[0.11493401974439621, 0.4805673062801361, 0.40449875593185425]
[0.6197937726974487, 0.2925564646720886, 0.08764975517988205]
[0.4024631977081299, 0.5149273872375488, 0.08260943740606308]
[0.4666556715965271, 0.42053666710853577, 0.11280766874551773]
[0.058127813041210175, 0.3033483326435089, 0.6385239362716675]
[0.2802479863166809, 0.557559072971344, 0.1621929109096527]
[0.0824446901679039, 0.49505341053009033, 0.4225018620491028]
[0.2548961639404297, 0.6562680006027222, 0.08883581310510635]
[0.0861673653125763, 0.4555310010910034, 0.4583016037940979]
[0.0030652612913399935, 0.06893303990364075, 0.9280016422271729]
[0.006076091900467873, 0.08761603385210037, 0.9063078761100769]
[0.03086312673985958, 0.2293686866760254, 0.7397682070732117]
[0.016980789601802826, 0.14335069060325623, 0.8396684527397156]
[0.018694687634706497, 0.18122437596321106, 0.8000809550285339]
