[0.07586278766393661, 0.3612365424633026, 0.5629006624221802]
[0.28196901082992554, 0.46646857261657715, 0.25156235694885254]
[0.0112340422347188, 0.05409756302833557, 0.9346684217453003]
[0.03025907836854458, 0.15710240602493286, 0.812638521194458]
[0.006166436243802309, 0.05638061836361885, 0.9374529123306274]
[0.43466487526893616, 0.3958907425403595, 0.16944432258605957]
[0.23840127885341644, 0.5996407270431519, 0.1619580239057541]
[0.10088265687227249, 0.3827969431877136, 0.5163204073905945]
[0.01779489777982235, 0.17221133410930634, 0.8099937438964844]
[0.47712403535842896, 0.38395005464553833, 0.13892585039138794]
[0.17541734874248505, 0.4806961417198181, 0.34388652443885803]
[0.8516188263893127, 0.13404914736747742, 0.014332013204693794]
[0.00638863118365407, 0.11652220040559769, 0.8770891427993774]
[0.27917271852493286, 0.5332908630371094, 0.187536358833313]
[0.3407502770423889, 0.5173988938331604, 0.14185084402561188]
[0.14519110321998596, 0.2829492688179016, 0.57185959815979]
[0.008913366124033928, 0.16304880380630493, 0.8280378580093384]
[0.07449512183666229, 0.2831023037433624, 0.6424025297164917]
[0.03321366384625435, 0.26602140069007874, 0.7007648944854736]
[0.05318257212638855, 0.21283312141895294, 0.7339842915534973]
[0.8851203918457031, 0.1026659682393074, 0.01221361756324768]
[0.20477160811424255, 0.36362695693969727, 0.43160146474838257]
[0.03225279971957207, 0.23909218609333038, 0.7286550998687744]
[0.0454731248319149, 0.30556347966194153, 0.6489633917808533]
[0.007266824599355459, 0.06715141981840134, 0.9255818128585815]
[0.005327487830072641, 0.12161382287740707, 0.8730586767196655]
[0.024061085656285286, 0.12790901958942413, 0.8480298519134521]
[0.14610709249973297, 0.32145488262176514, 0.5324379801750183]
[0.005854138173162937, 0.04473418742418289, 0.9494116306304932]
