[0.4833265542984009, 0.4288633465766907, 0.08781003206968307]
[0.023608924821019173, 0.2015533298254013, 0.7748377323150635]
[0.04725823923945427, 0.22412918508052826, 0.7286125421524048]
[0.0025114649906754494, 0.04959198832511902, 0.9478965997695923]
[0.002857272746041417, 0.04879336804151535, 0.9483493566513062]
[0.04365818202495575, 0.26243504881858826, 0.6939067840576172]
[0.8721831440925598, 0.1133628636598587, 0.014453968964517117]
[0.49676045775413513, 0.3060855269432068, 0.19715404510498047]
[0.17832180857658386, 0.4003129005432129, 0.42136526107788086]
[0.008287820033729076, 0.07937434315681458, 0.9123378396034241]
[0.21661046147346497, 0.5810996890068054, 0.2022898644208908]
[0.02582995593547821, 0.26792672276496887, 0.7062433362007141]
[0.039275266230106354, 0.49683141708374023, 0.4638932943344116]
[0.5917149186134338, 0.3457182049751282, 0.06256690621376038]
[0.09657952189445496, 0.49979308247566223, 0.4036274254322052]
[0.04920373857021332, 0.4830760657787323, 0.4677202105522156]
[0.3747920095920563, 0.44601526856422424, 0.1791926920413971]
[0.07204756140708923, 0.4020219147205353, 0.5259305238723755]
[0.4002224802970886, 0.37135425209999084, 0.22842325270175934]
[0.2576773464679718, 0.47494232654571533, 0.26738032698631287]
