[0.31130164861679077, 0.4960167706012726, 0.19268156588077545]
[0.1879572868347168, 0.5504143834114075, 0.26162829995155334]
[0.04129640385508537, 0.2549547255039215, 0.703748881816864]
[0.049002163112163544, 0.5930595397949219, 0.357938289642334]
[0.07245676964521408, 0.2468082755804062, 0.6807349324226379]
[0.6001083254814148, 0.34948140382766724, 0.05041031539440155]
[0.5518230199813843, 0.38313186168670654, 0.06504511088132858]
[0.5512863993644714, 0.405869722366333, 0.04284382984042168]
[0.016357850283384323, 0.0974903404712677, 0.8861517906188965]
[0.1140947937965393, 0.4347098767757416, 0.4511953294277191]
[0.036951690912246704, 0.1713031679391861, 0.791745126247406]
[0.029522713273763657, 0.2297552078962326, 0.7407220602035522]
[0.03578314557671547, 0.22980624437332153, 0.7344105839729309]
[0.33486002683639526, 0.4455459415912628, 0.2195940464735031]
[0.764413595199585, 0.21009407937526703, 0.025492360815405846]
[0.4830453395843506, 0.3830571174621582, 0.13389752805233002]
[0.8099397420883179, 0.17565159499645233, 0.014408694580197334]
[0.005568367894738913, 0.11462922394275665, 0.879802405834198]
[0.7189560532569885, 0.24158836901187897, 0.03945552930235863]
[0.38317158818244934, 0.4823873043060303, 0.134441077709198]
[0.7778002619743347, 0.20502515137195587, 0.017174573615193367]
[0.19639535248279572, 0.4088960886001587, 0.3947086036205292]
[0.12950310111045837, 0.4070078730583191, 0.46348902583122253]
[0.327385276556015, 0.5255736708641052, 0.14704105257987976]
[0.10748187452554703, 0.5233812928199768, 0.36913686990737915]
[0.07470391690731049, 0.496978759765625, 0.42831727862358093]
[0.26609906554222107, 0.5894551873207092, 0.1444457322359085]
[0.01600714959204197, 0.16110661625862122, 0.8228862881660461]
[0.0023679696023464203, 0.09154152870178223, 0.9060905575752258]
[0.008257025852799416, 0.16659212112426758, 0.8251508474349976]
