[0.00566492835059762, 0.02614222839474678, 0.9681928753852844]
[0.6730564832687378, 0.2791881859302521, 0.04775528237223625]
[0.6110966801643372, 0.3343494236469269, 0.05455387756228447]
[0.3549346327781677, 0.5160979628562927, 0.12896744906902313]
[0.4133587181568146, 0.5184791088104248, 0.06816213577985764]
[0.2115688920021057, 0.6701781749725342, 0.11825298517942429]
[0.37457671761512756, 0.3986677825450897, 0.2267555296421051]
[0.05285395309329033, 0.27208203077316284, 0.6750640273094177]
[0.5077241659164429, 0.4428521692752838, 0.049423687160015106]
[0.3682495355606079, 0.5716238617897034, 0.060126595199108124]
[0.4862447679042816, 0.40065664052963257, 0.11309859156608582]
[0.28950467705726624, 0.5687249898910522, 0.1417703628540039]
[0.041759420186281204, 0.3903849124908447, 0.5678556561470032]
[0.03304849565029144, 0.332140177488327, 0.6348113417625427]
[0.44908440113067627, 0.4960419535636902, 0.05487366020679474]
[0.018206078559160233, 0.47298264503479004, 0.508811354637146]
[0.7594543099403381, 0.20750026404857635, 0.03304547443985939]
[0.02311507798731327, 0.3863465189933777, 0.5905384421348572]
[0.013356421142816544, 0.37633398175239563, 0.6103095412254333]
[0.052941594272851944, 0.4348566234111786, 0.5122017860412598]
[0.056225862354040146, 0.4543948173522949, 0.489379346370697]
[0.6171295046806335, 0.3379322588443756, 0.04493822529911995]
[0.038996461778879166, 0.7558753490447998, 0.20512810349464417]
[0.439364492893219, 0.5052958130836487, 0.05533968657255173]
[0.5439218878746033, 0.3928060829639435, 0.06327199190855026]
[0.06923772394657135, 0.4277285635471344, 0.5030337572097778]
[0.3206149935722351, 0.46117088198661804, 0.21821416914463043]
[0.3553409278392792, 0.5436586737632751, 0.10100043565034866]
[0.2787029445171356, 0.5571345090866089, 0.1641625314950943]
[0.5699754357337952, 0.35964274406433105, 0.07038187980651855]
[0.19832004606723785, 0.6608437299728394, 0.14083626866340637]
[0.5543928146362305, 0.4034256339073181, 0.04218157380819321]
[0.6475905776023865, 0.30495551228523254, 0.04745389148592949]
[0.15932923555374146, 0.537725567817688, 0.30294516682624817]
[0.0667608305811882, 0.48880451917648315, 0.44443464279174805]
[0.0026028226129710674, 0.01316518522799015, 0.9842319488525391]
[0.021026847884058952, 0.2032991349697113, 0.7756741046905518]
[0.0227370448410511, 0.0805593878030777, 0.8967035412788391]
[0.060986731201410294, 0.24172073602676392, 0.6972925662994385]
[0.08997578918933868, 0.31819409132003784, 0.5918301343917847]
[0.5820226669311523, 0.36544162034988403, 0.05253574252128601]
[0.09477513283491135, 0.6411240696907043, 0.2641008198261261]
[0.404260516166687, 0.33836629986763, 0.2573731541633606]
[0.024659881368279457, 0.12506024539470673, 0.8502798676490784]
[0.38033416867256165, 0.5327183604240417, 0.08694745600223541]
[0.40646281838417053, 0.36902278661727905, 0.22451438009738922]
[0.013583870604634285, 0.07556719332933426, 0.9108489155769348]
[0.037883859127759933, 0.1421305537223816, 0.819985568523407]
[0.03168176859617233, 0.23124253749847412, 0.7370757460594177]
[0.007654410786926746, 0.0881972387433052, 0.9041483402252197]
[0.1343163251876831, 0.685802698135376, 0.1798810064792633]
[0.011548078618943691, 0.06943736225366592, 0.919014573097229]
[0.00585215725004673, 0.039192378520965576, 0.954955518245697]
[0.009333476424217224, 0.07833311706781387, 0.9123333692550659]
[0.004580060951411724, 0.019637450575828552, 0.9757825136184692]
[0.15274673700332642, 0.628696858882904, 0.21855638921260834]
[0.05318005383014679, 0.16293273866176605, 0.7838872671127319]
[0.09758850187063217, 0.3555982708930969, 0.5468131899833679]
[0.020032495260238647, 0.6852841377258301, 0.2946833372116089]
[0.23424683511257172, 0.409647673368454, 0.3561054766178131]
[0.03502805531024933, 0.8294703364372253, 0.13550160825252533]
[0.08781547844409943, 0.5130499005317688, 0.39913466572761536]
[0.011403356678783894, 0.1510842889547348, 0.8375124335289001]
[0.04256243258714676, 0.36050188541412354, 0.5969356894493103]
[0.0011650650994852185, 0.04681575670838356, 0.9520191550254822]
[0.0017179700080305338, 0.042751796543598175, 0.9555302858352661]
[0.05380970612168312, 0.2963751256465912, 0.6498151421546936]
[0.02345730923116207, 0.09861264377832413, 0.8779301047325134]
[0.1623297780752182, 0.31180262565612793, 0.5258675813674927]
[0.8965855836868286, 0.08989091962575912, 0.013523469679057598]
[0.35184746980667114, 0.4657975733280182, 0.18235503137111664]
[0.2868260145187378, 0.500428318977356, 0.21274565160274506]
[0.9048987030982971, 0.08559048175811768, 0.009510926902294159]
[0.14223657548427582, 0.3966633975505829, 0.4611000120639801]
[0.011091002263128757, 0.10017256438732147, 0.8887364268302917]
[0.04333675280213356, 0.2870354652404785, 0.6696277856826782]
[0.06859886646270752, 0.4885801076889038, 0.4428209066390991]
[0.0067968363873660564, 0.07636190205812454, 0.9168412685394287]
[0.009591009467840195, 0.3031422197818756, 0.6872667670249939]
[0.01371575053781271, 0.20861579477787018, 0.7776684761047363]
[0.2961815297603607, 0.3478485941886902, 0.3559699058532715]
[0.20021718740463257, 0.2953725755214691, 0.5044102072715759]
[0.06437420099973679, 0.2845154404640198, 0.6511104106903076]
[0.00575249781832099, 0.041436146944761276, 0.9528113007545471]
[0.061800166964530945, 0.2749839723110199, 0.6632158756256104]
[0.012132404372096062, 0.12002028524875641, 0.8678473234176636]
[0.009710290469229221, 0.1689905822277069, 0.821299135684967]
[0.011059333570301533, 0.11915498226881027, 0.8697856664657593]
[0.40187135338783264, 0.49377086758613586, 0.10435780137777328]
[0.20468896627426147, 0.6515690684318542, 0.14374200999736786]
[0.42725107073783875, 0.4702441990375519, 0.10250477492809296]
[0.34869706630706787, 0.5544903874397278, 0.09681258350610733]
[0.17067986726760864, 0.7667192220687866, 0.06260086596012115]
[0.801918625831604, 0.17621366679668427, 0.021867644041776657]
[0.1400366723537445, 0.5270138382911682, 0.33294951915740967]
[0.06300916522741318, 0.3831980228424072, 0.5537927746772766]
[0.4342660903930664, 0.46417126059532166, 0.10156264901161194]
[0.05035609379410744, 0.25318148732185364, 0.6964624524116516]
[0.06753206253051758, 0.2604040801525116, 0.6720638871192932]
[0.006612633354961872, 0.16862158477306366, 0.8247658014297485]
[0.024441001936793327, 0.14067454636096954, 0.8348844051361084]
[0.6090368628501892, 0.3210269510746002, 0.06993623077869415]
[0.5691128373146057, 0.33754298090934753, 0.09334421902894974]
[0.11535587161779404, 0.3408372700214386, 0.5438069105148315]
[0.027536654844880104, 0.10056731849908829, 0.871895968914032]
[0.34007927775382996, 0.5026929378509521, 0.1572277843952179]
[0.262397825717926, 0.5088863372802734, 0.2287158966064453]
[0.3967074751853943, 0.3901221752166748, 0.2131703644990921]
[0.07593636214733124, 0.25091707706451416, 0.6731465458869934]
[0.22472485899925232, 0.4593585729598999, 0.315916508436203]
[0.15526644885540009, 0.5652723908424377, 0.279461145401001]
[0.5756403803825378, 0.3660936951637268, 0.05826597288250923]
[0.19900010526180267, 0.38674044609069824, 0.4142594337463379]
[0.06196027621626854, 0.31271469593048096, 0.6253250241279602]
[0.10628623515367508, 0.3039623200893402, 0.5897514224052429]
[0.6095103621482849, 0.33329054713249207, 0.057199105620384216]
[0.9484171271324158, 0.04704905301332474, 0.004533806350082159]
[0.9062520861625671, 0.08864901214838028, 0.005099024623632431]
[0.14804354310035706, 0.650871992111206, 0.2010844647884369]
[0.7945178747177124, 0.1886792629957199, 0.016802828758955002]
[0.7113421559333801, 0.2576187252998352, 0.031039122492074966]
[0.9079452753067017, 0.08393555879592896, 0.008119135163724422]
[0.05111835151910782, 0.4018712639808655, 0.5470103621482849]
[0.15067057311534882, 0.6024582982063293, 0.24687109887599945]
[0.13965190947055817, 0.3722456991672516, 0.48810234665870667]
[0.056132588535547256, 0.5710124373435974, 0.372855007648468]
[0.3567793071269989, 0.3855369985103607, 0.257683664560318]
[0.7247902750968933, 0.25961020588874817, 0.015599447302520275]
[0.8718443512916565, 0.12002944201231003, 0.008126195520162582]
[0.23036600649356842, 0.43088433146476746, 0.3387497365474701]
[0.04406670108437538, 0.5565145015716553, 0.39941883087158203]
[0.5655714869499207, 0.37840718030929565, 0.05602128803730011]
[0.5626782178878784, 0.38845551013946533, 0.04886627197265625]
[0.2590600252151489, 0.5391041040420532, 0.20183579623699188]
[0.1174258440732956, 0.3682643175125122, 0.514309823513031]
[0.025014754384756088, 0.23682157695293427, 0.7381637096405029]
[0.1272914707660675, 0.7078703045845032, 0.16483819484710693]
[0.064897820353508, 0.44458308815956116, 0.49051913619041443]
[0.6999971270561218, 0.27690181136131287, 0.023101067170500755]
[0.6366435289382935, 0.3228364884853363, 0.04051994904875755]
[0.24047622084617615, 0.6188032031059265, 0.14072053134441376]
[0.17010092735290527, 0.5099725723266602, 0.31992653012275696]
[0.6410766839981079, 0.3005117177963257, 0.05841165408492088]
[0.16288034617900848, 0.3782336413860321, 0.45888596773147583]
[0.3178246021270752, 0.4804263412952423, 0.20174910128116608]
[0.7312042117118835, 0.20859020948410034, 0.060205552726984024]
[0.3163547217845917, 0.4526612460613251, 0.23098409175872803]
[0.5280095338821411, 0.3313787579536438, 0.14061172306537628]
[0.09591187536716461, 0.5478755235671997, 0.3562124967575073]
[0.2121746689081192, 0.6535176634788513, 0.13430757820606232]
[0.29666975140571594, 0.6030765771865845, 0.1002536192536354]
[0.21492956578731537, 0.5585577487945557, 0.22651268541812897]
[0.16678869724273682, 0.6583294868469238, 0.17488180100917816]
[0.08402641117572784, 0.2843244671821594, 0.6316490769386292]
[0.31126683950424194, 0.44626370072364807, 0.24246947467327118]
[0.5151544213294983, 0.43763139843940735, 0.04721416160464287]
[0.21052637696266174, 0.5767090916633606, 0.21276451647281647]
[0.006851936224848032, 0.0839662104845047, 0.9091818332672119]
[0.15479297935962677, 0.5882601737976074, 0.2569468319416046]
[0.40255966782569885, 0.5302870869636536, 0.06715326011180878]
[0.008823302574455738, 0.29066553711891174, 0.70051109790802]
[0.0016541321529075503, 0.01394211407750845, 0.9844037294387817]
[0.3252595067024231, 0.570101797580719, 0.10463868826627731]
[0.2186887264251709, 0.41386809945106506, 0.36744317412376404]
[0.37875840067863464, 0.5315712094306946, 0.08967044204473495]
[0.5324298143386841, 0.40576401352882385, 0.061806198209524155]
[0.23050843179225922, 0.6861504912376404, 0.0833410918712616]
[0.8171836733818054, 0.16522294282913208, 0.01759326085448265]
[0.27946776151657104, 0.617470920085907, 0.10306133329868317]
[0.37972232699394226, 0.5578276515007019, 0.06245002523064613]
[0.5343730449676514, 0.41448795795440674, 0.05113893374800682]
[0.8368767499923706, 0.14480888843536377, 0.018314341083168983]
[0.3013560473918915, 0.5320174098014832, 0.16662660241127014]
[0.37165120244026184, 0.38578665256500244, 0.2425621747970581]
[0.6375396251678467, 0.3192162811756134, 0.043244119733572006]
[0.3409608006477356, 0.539876401424408, 0.11916282027959824]
[0.8794560432434082, 0.10873348265886307, 0.011810443364083767]
[0.5782093405723572, 0.38725745677948, 0.034533191472291946]
[0.3502451181411743, 0.5662418603897095, 0.08351301401853561]
[0.1653462052345276, 0.6289638876914978, 0.20568986237049103]
[0.5832799673080444, 0.38827550411224365, 0.02844448760151863]
[0.5307844877243042, 0.41872137784957886, 0.050494153052568436]
[0.13196776807308197, 0.6001514792442322, 0.26788076758384705]
[0.020162174478173256, 0.3375324606895447, 0.6423053741455078]
[0.3095090091228485, 0.4028516113758087, 0.28763940930366516]
[0.29609087109565735, 0.39602234959602356, 0.3078867793083191]
[0.17859400808811188, 0.6911893486976624, 0.13021665811538696]
[0.11283660680055618, 0.4565267562866211, 0.43063661456108093]
[0.07710089534521103, 0.27700647711753845, 0.6458926200866699]
[0.24813763797283173, 0.6301141977310181, 0.12174821645021439]
[0.435905396938324, 0.35645607113838196, 0.20763854682445526]
[0.37696373462677, 0.46721550822257996, 0.15582075715065002]
[0.9256094694137573, 0.06889093667268753, 0.005499667022377253]
[0.035800572484731674, 0.2056341916322708, 0.7585652470588684]
[0.025769148021936417, 0.1339534968137741, 0.8402773141860962]
[0.14942266047000885, 0.4970516860485077, 0.35352566838264465]
[0.010274281725287437, 0.09749078750610352, 0.8922349214553833]
[0.22402964532375336, 0.5839748978614807, 0.19199548661708832]
[0.058428213000297546, 0.23675398528575897, 0.7048177719116211]
[0.13347356021404266, 0.6634957790374756, 0.20303073525428772]
[0.4140516221523285, 0.36709168553352356, 0.21885667741298676]
[0.1363753229379654, 0.6490276455879211, 0.21459700167179108]
[0.10401283204555511, 0.31140807271003723, 0.5845790505409241]
[0.06914004683494568, 0.27164700627326965, 0.6592128872871399]
[0.5537272095680237, 0.40206462144851685, 0.044208262115716934]
[0.9309406876564026, 0.06240028515458107, 0.0066590928472578526]
[0.8007389903068542, 0.18529696762561798, 0.01396407000720501]
[0.3161756694316864, 0.5623135566711426, 0.12151084095239639]
[0.025238607078790665, 0.18679697811603546, 0.7879643440246582]
[0.5456472039222717, 0.352029412984848, 0.10232341289520264]
[0.1358499974012375, 0.3015293478965759, 0.5626205801963806]
[0.4234312176704407, 0.5062785148620605, 0.07029023766517639]
[0.552051305770874, 0.3980100750923157, 0.04993869364261627]
[0.2696215510368347, 0.3684631884098053, 0.36191532015800476]
[0.3078826367855072, 0.39517897367477417, 0.29693832993507385]
[0.033438730984926224, 0.20626138150691986, 0.7602999210357666]
[0.5994927883148193, 0.31215521693229675, 0.08835205435752869]
[0.06412758678197861, 0.30677980184555054, 0.6290926337242126]
[0.012983745895326138, 0.18995191156864166, 0.7970643639564514]
[0.20237897336483002, 0.5148826837539673, 0.2827383279800415]
[0.04693248122930527, 0.6689474582672119, 0.28412002325057983]
[0.005748983006924391, 0.04614533111453056, 0.9481056928634644]
[0.4712066948413849, 0.3389143943786621, 0.18987900018692017]
[0.017879832535982132, 0.15896661579608917, 0.823153555393219]
[0.0046076965518295765, 0.07258517295122147, 0.9228070974349976]
[0.282882958650589, 0.5523861646652222, 0.16473084688186646]
[0.5277199149131775, 0.4113873839378357, 0.06089270859956741]
[0.3493441045284271, 0.40995824337005615, 0.24069759249687195]
[0.4843343496322632, 0.4763213098049164, 0.03934430703520775]
[0.6083378791809082, 0.3730240762233734, 0.018637994304299355]
[0.5538351535797119, 0.39377227425575256, 0.05239254608750343]
[0.5331227779388428, 0.4224714934825897, 0.0444057397544384]
[0.2730775773525238, 0.5580722093582153, 0.16885022819042206]
[0.5485481023788452, 0.4118536710739136, 0.03959828242659569]
[0.3955965042114258, 0.5268546342849731, 0.07754885405302048]
[0.5742160677909851, 0.38721638917922974, 0.038567591458559036]
[0.14942292869091034, 0.6321993470191956, 0.21837769448757172]
[0.721772313117981, 0.2347433716058731, 0.04348435252904892]
[0.5225574970245361, 0.39689120650291443, 0.08055129647254944]
[0.9260492920875549, 0.06939667463302612, 0.004554113373160362]
[0.8784599304199219, 0.1134663000702858, 0.008073764853179455]
[0.681567370891571, 0.2934461534023285, 0.024986447766423225]
[0.8965679407119751, 0.09233573824167252, 0.011096314527094364]
[0.8636214137077332, 0.12531128525733948, 0.011067263782024384]
[0.8460834622383118, 0.14432349801063538, 0.009592973627150059]
[0.2225186675786972, 0.5526090264320374, 0.2248723804950714]
[0.4811069071292877, 0.4555036127567291, 0.06338943541049957]
[0.528053879737854, 0.3498530387878418, 0.1220930814743042]
[0.9555090665817261, 0.04156564548611641, 0.002925332635641098]
[0.0657883733510971, 0.5115230083465576, 0.4226885735988617]
[0.09043598175048828, 0.42130425572395325, 0.48825979232788086]
[0.023836780339479446, 0.15389543771743774, 0.8222677707672119]
[0.03975142538547516, 0.2741236686706543, 0.686124861240387]
[0.10777992755174637, 0.38636133074760437, 0.5058587193489075]
[0.031139783561229706, 0.17997212707996368, 0.7888880372047424]
[0.030677929520606995, 0.1424480527639389, 0.8268740177154541]
[0.26113906502723694, 0.6493040323257446, 0.08955692499876022]
[0.34711503982543945, 0.5975643992424011, 0.05532056465744972]
[0.07567780464887619, 0.6822226047515869, 0.2420995831489563]
[0.4315464198589325, 0.5302405953407288, 0.03821298107504845]
[0.03636083006858826, 0.4304429590702057, 0.533196210861206]
[0.03457826375961304, 0.14696277678012848, 0.8184589147567749]
[0.09279797971248627, 0.3303380310535431, 0.5768640637397766]
[0.018930770456790924, 0.24943885207176208, 0.7316303253173828]
[0.12339666485786438, 0.6310164928436279, 0.24558685719966888]
[0.6768775582313538, 0.283674955368042, 0.03944747895002365]
[0.7520009875297546, 0.23414240777492523, 0.013856637291610241]
[0.1794717162847519, 0.72780442237854, 0.09272388368844986]
[0.7494126558303833, 0.23397396504878998, 0.016613362357020378]
[0.9121807217597961, 0.07955565303564072, 0.00826365314424038]
[0.3298770785331726, 0.5286374688148499, 0.14148542284965515]
[0.3882533311843872, 0.4951389729976654, 0.1166076809167862]
[0.48295295238494873, 0.4188595712184906, 0.09818746894598007]
[0.7111002802848816, 0.26781073212623596, 0.021089039742946625]
[0.5124698281288147, 0.3643754720687866, 0.12315469980239868]
[0.8288559317588806, 0.15967008471488953, 0.01147396955639124]
[0.7016804218292236, 0.27591097354888916, 0.02240857109427452]
[0.7694079875946045, 0.22004306316375732, 0.01054893434047699]
[0.753559410572052, 0.22701752185821533, 0.019423160701990128]
[0.009168380871415138, 0.10909517109394073, 0.8817364573478699]
[0.8553310632705688, 0.13664129376411438, 0.008027639240026474]
[0.33660027384757996, 0.44287219643592834, 0.22052748501300812]
[0.009528477676212788, 0.0749831572175026, 0.9154883623123169]
[0.0213067177683115, 0.654536247253418, 0.32415705919265747]
[0.0882367417216301, 0.8187648057937622, 0.09299851953983307]
[0.45083096623420715, 0.4354470670223236, 0.11372198164463043]
[0.8555625081062317, 0.13971826434135437, 0.00471917912364006]
[0.7398999929428101, 0.24225017428398132, 0.01784978248178959]
[0.05690380558371544, 0.3114646077156067, 0.6316315531730652]
[0.5369720458984375, 0.39607688784599304, 0.06695113331079483]
[0.005940694361925125, 0.11714421957731247, 0.8769150376319885]
[0.0165546964854002, 0.24182838201522827, 0.74161696434021]
[0.004801005125045776, 0.09410249441862106, 0.9010964632034302]
[0.015110820531845093, 0.28407445549964905, 0.7008147239685059]
[0.07706652581691742, 0.3915615975856781, 0.5313718914985657]
[0.48102861642837524, 0.3882063627243042, 0.13076500594615936]
[0.22550785541534424, 0.5268338918685913, 0.24765825271606445]
[0.15444640815258026, 0.5807702541351318, 0.2647832930088043]
[0.2120750993490219, 0.6092734336853027, 0.17865143716335297]
[0.8606401681900024, 0.12617546319961548, 0.013184349052608013]
[0.7035377621650696, 0.26384487748146057, 0.03261740133166313]
[0.541885495185852, 0.42003148794174194, 0.03808305040001869]
[0.2626833915710449, 0.574641764163971, 0.16267485916614532]
[0.2742055654525757, 0.5398138165473938, 0.1859806329011917]
[0.0021546243224292994, 0.04386509954929352, 0.9539802670478821]
[0.21929731965065002, 0.47879838943481445, 0.3019043207168579]
[0.6404497623443604, 0.337755411863327, 0.021794788539409637]
[0.23139916360378265, 0.6762744784355164, 0.09232635051012039]
[0.33310818672180176, 0.5505548715591431, 0.11633699387311935]
[0.4556714594364166, 0.47315406799316406, 0.07117447257041931]
[0.22274033725261688, 0.6046354174613953, 0.17262420058250427]
[0.1398516744375229, 0.7271618843078613, 0.13298647105693817]
[0.3190053701400757, 0.5549368262290955, 0.12605775892734528]
[0.05026133731007576, 0.41864848136901855, 0.5310901403427124]
[0.02461603842675686, 0.530403733253479, 0.4449801743030548]
[0.03434110805392265, 0.7277528643608093, 0.23790600895881653]
[0.004456952214241028, 0.07155164331197739, 0.9239913821220398]
[0.007463142741471529, 0.14649048447608948, 0.8460463285446167]
[0.4715728163719177, 0.46831241250038147, 0.06011480838060379]
[0.46131956577301025, 0.42480704188346863, 0.1138734519481659]
[0.4714111089706421, 0.42762142419815063, 0.1009673997759819]
[0.07538988441228867, 0.6157205700874329, 0.3088895380496979]
[0.5183250308036804, 0.4109790623188019, 0.07069587707519531]
[0.006195377558469772, 0.20677731931209564, 0.7870273590087891]
[0.05637790635228157, 0.7532328963279724, 0.19038918614387512]
[0.18348123133182526, 0.5597379803657532, 0.2567807734012604]
[0.47278642654418945, 0.47546061873435974, 0.05175294354557991]
[0.37789589166641235, 0.528529942035675, 0.09357418119907379]
[0.6445332765579224, 0.32532799243927, 0.030138662084937096]
[0.8104042410850525, 0.17183688282966614, 0.017758825793862343]
[0.38095054030418396, 0.5637245774269104, 0.055324967950582504]
[0.14562976360321045, 0.6963328123092651, 0.15803737938404083]
[0.49484485387802124, 0.4040835499763489, 0.10107162594795227]
[0.18450576066970825, 0.7251123189926147, 0.09038198739290237]
[0.0878317728638649, 0.6182043552398682, 0.29396387934684753]
[0.16608701646327972, 0.5732303261756897, 0.26068270206451416]
[0.010959218256175518, 0.6374357342720032, 0.35160505771636963]
[0.04420135170221329, 0.42030438780784607, 0.5354942679405212]
[0.36956819891929626, 0.5137684941291809, 0.11666329950094223]
[0.630085289478302, 0.3161311447620392, 0.05378358066082001]
[0.646460235118866, 0.3089442849159241, 0.04459553584456444]
[0.2449791431427002, 0.6603310704231262, 0.09468977153301239]
[0.29918402433395386, 0.40672534704208374, 0.2940906286239624]
[0.5966750383377075, 0.2498643547296524, 0.15346059203147888]
[0.9632256627082825, 0.03292996063828468, 0.0038443412631750107]
[0.002550751669332385, 0.05564042553305626, 0.9418087601661682]
[0.027804872021079063, 0.11722669005393982, 0.8549684286117554]
[0.005758749321103096, 0.05134665593504906, 0.9428945779800415]
[0.32115858793258667, 0.38552066683769226, 0.29332077503204346]
[0.046650998294353485, 0.6368266344070435, 0.3165223300457001]
[0.4497712552547455, 0.40191102027893066, 0.14831769466400146]
[0.0394071489572525, 0.1637086719274521, 0.7968841195106506]
[0.8805975317955017, 0.1003594622015953, 0.01904311217367649]
[0.2592565715312958, 0.6580168604850769, 0.0827266126871109]
[0.12099089473485947, 0.4141148030757904, 0.4648943245410919]
[0.5090204477310181, 0.4213932454586029, 0.06958630681037903]
[0.5561009049415588, 0.4088517725467682, 0.03504735603928566]
[0.3933350741863251, 0.468727707862854, 0.1379372477531433]
[0.5722939968109131, 0.3755043148994446, 0.05220160633325577]
[0.4673556387424469, 0.5046151280403137, 0.02802930772304535]
[0.8006570339202881, 0.17820920050144196, 0.02113375812768936]
[0.008754056878387928, 0.020570790395140648, 0.9706751704216003]
[0.4092021584510803, 0.48768216371536255, 0.10311563313007355]
[0.019245101138949394, 0.11165823042392731, 0.8690966963768005]
[0.03956999257206917, 0.16434182226657867, 0.7960881590843201]
[0.3681120276451111, 0.41479554772377014, 0.2170923799276352]
[0.807543158531189, 0.167470321059227, 0.02498662658035755]
[0.5395670533180237, 0.30941683053970337, 0.15101611614227295]
[0.24923980236053467, 0.38392505049705505, 0.3668351471424103]
[0.5575088858604431, 0.3961174488067627, 0.046373721212148666]
[0.008185393176972866, 0.06720160692930222, 0.9246129989624023]
[0.48921146988868713, 0.39314594864845276, 0.11764255911111832]
[0.021140271797776222, 0.10395622998476028, 0.8749035000801086]
[0.34859851002693176, 0.4989452660083771, 0.15245622396469116]
[0.8878422379493713, 0.10495584458112717, 0.007201903034001589]
[0.027862871065735817, 0.25952625274658203, 0.7126109004020691]
[0.10645639151334763, 0.3026690185070038, 0.5908745527267456]
[0.9421783089637756, 0.05171291157603264, 0.006108751054853201]
[0.2412416785955429, 0.5013031959533691, 0.25745508074760437]
[0.6725115180015564, 0.28400132060050964, 0.04348713904619217]
[0.30249059200286865, 0.6015961170196533, 0.09591338038444519]
[0.5457956790924072, 0.39842739701271057, 0.05577688291668892]
[0.14214353263378143, 0.6189355254173279, 0.2389208823442459]
[0.1856248825788498, 0.6478880047798157, 0.16648708283901215]
[0.06206484138965607, 0.8329164385795593, 0.10501870512962341]
[0.023615822196006775, 0.5800108909606934, 0.3963732421398163]
[0.46950235962867737, 0.46561720967292786, 0.06488043814897537]
[0.377726674079895, 0.386724054813385, 0.23554924130439758]
[0.12700951099395752, 0.6584107875823975, 0.21457970142364502]
[0.11608883738517761, 0.6675472259521484, 0.21636389195919037]
[0.9651315808296204, 0.030644655227661133, 0.004223774652928114]
[0.07157810777425766, 0.32908254861831665, 0.5993393063545227]
[0.807117760181427, 0.17017006874084473, 0.02271219901740551]
[0.47418710589408875, 0.45954322814941406, 0.06626972556114197]
[0.6876718401908875, 0.2787665128707886, 0.033561691641807556]
[0.1191432848572731, 0.4581253230571747, 0.4227314293384552]
[0.14742372930049896, 0.5837810635566711, 0.2687951922416687]
[0.5373476147651672, 0.4032782018184662, 0.05937419831752777]
[0.8701056838035583, 0.11977238953113556, 0.010122011415660381]
[0.74797523021698, 0.22513729333877563, 0.02688753791153431]
[0.10646150261163712, 0.31059959530830383, 0.5829389691352844]
[0.1395818442106247, 0.5180628895759583, 0.34235525131225586]
[0.044371098279953, 0.31557971239089966, 0.6400492191314697]
[0.3696664571762085, 0.5773197412490845, 0.053013816475868225]
[0.486637681722641, 0.48155665397644043, 0.03180567920207977]
[0.03529179096221924, 0.6216490268707275, 0.34305909276008606]
[0.1307941973209381, 0.6188333034515381, 0.25037243962287903]
[0.04045524820685387, 0.7639732360839844, 0.19557148218154907]
[0.008987411856651306, 0.37440118193626404, 0.6166113615036011]
[0.528141975402832, 0.41285720467567444, 0.05900083854794502]
[0.15386256575584412, 0.6117628812789917, 0.23437458276748657]
[0.12934429943561554, 0.5048173069953918, 0.3658383786678314]
[0.11578547954559326, 0.4996868073940277, 0.38452765345573425]
[0.4446253478527069, 0.46264663338661194, 0.09272801876068115]
[0.046482350677251816, 0.517902672290802, 0.43561500310897827]
[0.003054083790630102, 0.04625686630606651, 0.9506890177726746]
[0.050647180527448654, 0.321184903383255, 0.628167986869812]
[0.8854674696922302, 0.10877453535795212, 0.0057580070570111275]
[0.027621787041425705, 0.23362907767295837, 0.7387491464614868]
[0.0038831867277622223, 0.08869439363479614, 0.9074223637580872]
[0.05318378657102585, 0.27347609400749207, 0.6733400821685791]
[0.10674621164798737, 0.3333473205566406, 0.559906542301178]
[0.11649996787309647, 0.43546101450920105, 0.4480390250682831]
[0.47110849618911743, 0.3983265459537506, 0.13056492805480957]
[0.31822243332862854, 0.501526415348053, 0.18025106191635132]
[0.27383506298065186, 0.5774105787277222, 0.14875428378582]
[0.17981339991092682, 0.6782264113426208, 0.14196015894412994]
[0.1613062471151352, 0.3592861294746399, 0.4794076681137085]
[0.8272196650505066, 0.14378505945205688, 0.028995303437113762]
