[0.5605208277702332, 0.3563213050365448, 0.08315782248973846]
[0.09391817450523376, 0.4176689386367798, 0.48841285705566406]
[0.020722735673189163, 0.21054551005363464, 0.7687317132949829]
[0.07092364132404327, 0.37831079959869385, 0.5507655739784241]
[0.09021373838186264, 0.5491839647293091, 0.36060231924057007]
[0.1223522275686264, 0.3389381766319275, 0.5387095808982849]
[0.04098407179117203, 0.19125713407993317, 0.7677587866783142]
[0.011505775153636932, 0.16374856233596802, 0.8247455954551697]
[0.17315098643302917, 0.5177081823348999, 0.30914080142974854]
[0.4190734624862671, 0.524880051612854, 0.0560465008020401]
[0.0647471472620964, 0.6828428506851196, 0.2524099349975586]
[0.0045349872671067715, 0.0826854258775711, 0.9127796292304993]
[0.016705868765711784, 0.44662120938301086, 0.5366729497909546]
[0.007037542760372162, 0.19434447586536407, 0.798617959022522]
[0.10246408730745316, 0.38624435663223267, 0.5112916231155396]
[0.06172994524240494, 0.21681155264377594, 0.7214584350585938]
[0.006142050493508577, 0.03589343652129173, 0.9579645395278931]
[0.0593835674226284, 0.21701885759830475, 0.7235975861549377]
[0.20210565626621246, 0.5463048815727234, 0.25158944725990295]
[0.026191527023911476, 0.17641165852546692, 0.7973967790603638]
[0.03649652376770973, 0.3624916076660156, 0.6010119318962097]
[0.01907770335674286, 0.4454059600830078, 0.5355163216590881]
[0.001925520715303719, 0.013310068286955357, 0.9847643971443176]
[0.0017817566404119134, 0.008017201907932758, 0.9902010560035706]
