[0.054779019206762314, 0.41106006503105164, 0.5341609716415405]
[0.3856559693813324, 0.3926100432872772, 0.22173401713371277]
[0.006776255555450916, 0.24351461231708527, 0.7497091293334961]
[0.5281069874763489, 0.3893439769744873, 0.08254902809858322]
[0.7360877394676208, 0.2376929223537445, 0.0262193214148283]
[0.5323119759559631, 0.4406904876232147, 0.026997461915016174]
[0.07903020828962326, 0.6426411271095276, 0.27832865715026855]
[0.09378421306610107, 0.8102042078971863, 0.09601165354251862]
[0.024019483476877213, 0.26838210225105286, 0.7075983881950378]
[0.14735323190689087, 0.6037676334381104, 0.24887913465499878]
[0.4022809565067291, 0.5549762845039368, 0.04274279624223709]
[0.4480740427970886, 0.49324145913124084, 0.05868452414870262]
[0.030386874452233315, 0.5261709690093994, 0.443442165851593]
[0.034618061035871506, 0.8456311821937561, 0.1197507455945015]
[0.08774802088737488, 0.7587980628013611, 0.15345394611358643]
[0.021983657032251358, 0.8542884588241577, 0.12372781336307526]
[0.14037656784057617, 0.7912288904190063, 0.06839458644390106]
[0.18888838589191437, 0.7257140278816223, 0.08539760112762451]
[0.09773747622966766, 0.4390302896499634, 0.4632321894168854]
[0.564059317111969, 0.370000422000885, 0.065940260887146]
[0.7553959488868713, 0.22142289578914642, 0.02318115346133709]
[0.7230971455574036, 0.26368069648742676, 0.013222203589975834]
[0.1339946985244751, 0.5859695672988892, 0.28003570437431335]
[0.1288595199584961, 0.4040031135082245, 0.4671374261379242]
[0.042087167501449585, 0.40945228934288025, 0.5484606027603149]
[0.36639562249183655, 0.4351528286933899, 0.19845156371593475]
