[0.3023851811885834, 0.4584948420524597, 0.23911994695663452]
[0.06478947401046753, 0.5803748965263367, 0.3548356592655182]
[0.6057709455490112, 0.35547879338264465, 0.03875020891427994]
[0.0591922402381897, 0.607772707939148, 0.33303502202033997]
[0.9199028611183167, 0.07278382033109665, 0.007313290610909462]
[0.09415514767169952, 0.6442433595657349, 0.26160144805908203]
[0.7846748232841492, 0.20038527250289917, 0.014939842745661736]
[0.12079857289791107, 0.40406233072280884, 0.47513914108276367]
[0.03492675721645355, 0.25366657972335815, 0.7114065885543823]
[0.20945295691490173, 0.6408999562263489, 0.14964711666107178]
[0.3834066092967987, 0.5634580254554749, 0.053135376423597336]
[0.014107896946370602, 0.1720856875181198, 0.8138064742088318]
[0.45518821477890015, 0.45189350843429565, 0.0929182693362236]
[0.17681977152824402, 0.46025553345680237, 0.3629247546195984]
[0.14550578594207764, 0.3127814531326294, 0.5417128205299377]
[0.07687616348266602, 0.32150551676750183, 0.6016182899475098]
[0.06860572844743729, 0.4545325040817261, 0.476861834526062]
[0.016967464238405228, 0.17795605957508087, 0.8050764799118042]
[0.568449079990387, 0.4080163836479187, 0.023534439504146576]
[0.1592182219028473, 0.743375837802887, 0.0974060595035553]
[0.24023178219795227, 0.44358202815055847, 0.3161862790584564]
[0.029840365052223206, 0.1321289986371994, 0.8380306363105774]
[0.3432483673095703, 0.507687509059906, 0.1490640789270401]
[0.45360660552978516, 0.49694404006004333, 0.04944939911365509]
[0.007968900725245476, 0.14980371296405792, 0.8422273397445679]
[0.051076535135507584, 0.261860728263855, 0.6870627403259277]
[0.037284571677446365, 0.2042061984539032, 0.7585092782974243]
[0.13845576345920563, 0.5627730488777161, 0.2987712621688843]
[0.016185199841856956, 0.13685286045074463, 0.8469619154930115]
[0.012706996873021126, 0.13239620625972748, 0.8548967838287354]
[0.34231171011924744, 0.5863339900970459, 0.07135426998138428]
[0.7838232517242432, 0.18970562517642975, 0.02647104486823082]
[0.4556258022785187, 0.44203129410743713, 0.10234291851520538]
[0.8457516431808472, 0.14024730026721954, 0.01400112546980381]
[0.5129035711288452, 0.43254563212394714, 0.05455080419778824]
[0.8619797825813293, 0.1250944286584854, 0.01292574405670166]
[0.5244583487510681, 0.3899551033973694, 0.08558657020330429]
[0.0417739674448967, 0.18895001709461212, 0.7692760229110718]
[0.7638137340545654, 0.21606510877609253, 0.020121142268180847]
[0.17036853730678558, 0.6434645652770996, 0.18616697192192078]
[0.39775124192237854, 0.41603368520736694, 0.18621501326560974]
[0.8055585026741028, 0.17634810507297516, 0.018093395978212357]
[0.022320328280329704, 0.5999407172203064, 0.37773895263671875]
[0.30383697152137756, 0.47408726811408997, 0.22207577526569366]
[0.008382007479667664, 0.19230788946151733, 0.7993101477622986]
[0.383049875497818, 0.4695955514907837, 0.14735454320907593]
[0.12353683263063431, 0.806459903717041, 0.07000331580638885]
[0.03661169856786728, 0.3277978003025055, 0.6355904340744019]
[0.3320726156234741, 0.47790002822875977, 0.1900274008512497]
[0.45882952213287354, 0.4884498119354248, 0.05272064357995987]
[0.003114120801910758, 0.030598457902669907, 0.9662874341011047]
[0.3062051236629486, 0.4316237270832062, 0.2621711194515228]
[0.16592930257320404, 0.5598909854888916, 0.2741796672344208]
[0.012399445287883282, 0.13987469673156738, 0.8477258086204529]
[0.17013904452323914, 0.43150556087493896, 0.3983553349971771]
[0.0052222590893507, 0.17578178644180298, 0.8189959526062012]
[0.006899251136928797, 0.07325407862663269, 0.9198466539382935]
[0.0157233327627182, 0.111600361764431, 0.8726763129234314]
[0.10361500829458237, 0.8261547088623047, 0.07023023068904877]
