[0.08062712103128433, 0.23203328251838684, 0.6873396039009094]
[0.05125293880701065, 0.4556482136249542, 0.49309876561164856]
[0.07609380781650543, 0.4333512783050537, 0.4905548691749573]
[0.015982499346137047, 0.12841762602329254, 0.8555998206138611]
[0.06364686787128448, 0.32166025042533875, 0.6146928668022156]
[0.022533442825078964, 0.07047747820615768, 0.9069890975952148]
[0.1797744184732437, 0.45464739203453064, 0.36557814478874207]
[0.00671080918982625, 0.04751783236861229, 0.945771336555481]
[0.46415260434150696, 0.4361320436000824, 0.09971527755260468]
[0.0988769456744194, 0.5743241310119629, 0.3267989456653595]
[0.04032567888498306, 0.1774248629808426, 0.782249391078949]
[0.0058913337998092175, 0.04924022778868675, 0.9448684453964233]
[0.06928246468305588, 0.2821383476257324, 0.6485791802406311]
[0.04453522711992264, 0.24756722152233124, 0.7078975439071655]
[0.0072330585680902, 0.04352271556854248, 0.9492442607879639]
[0.047700874507427216, 0.24821999669075012, 0.7040791511535645]
[0.02532161772251129, 0.20422594249248505, 0.7704523801803589]
[0.218022882938385, 0.5249421000480652, 0.2570350468158722]
[0.6702795624732971, 0.2802623212337494, 0.049458086490631104]
[0.09108106046915054, 0.2964462339878082, 0.6124727725982666]
[0.24963469803333282, 0.33469393849372864, 0.41567134857177734]
[0.012756985612213612, 0.09461300820112228, 0.8926299810409546]
[0.011898820288479328, 0.1046612486243248, 0.8834398984909058]
[0.2780819535255432, 0.5137398838996887, 0.20817820727825165]
[0.48510923981666565, 0.3709627389907837, 0.1439279168844223]
[0.7562972903251648, 0.20901966094970703, 0.034683115780353546]
[0.42269450426101685, 0.4562190771102905, 0.12108641117811203]
[0.24524423480033875, 0.4334188997745514, 0.3213368356227875]
[0.004483227618038654, 0.06904582679271698, 0.926470935344696]
[0.0023956401273608208, 0.06550940871238708, 0.9320949912071228]
