[0.24990534782409668, 0.43601709604263306, 0.3140774965286255]
[0.18651026487350464, 0.5045822858810425, 0.30890747904777527]
[0.8589428663253784, 0.1294843852519989, 0.011572787538170815]
[0.6094232797622681, 0.34169721603393555, 0.04887948930263519]
[0.09427431225776672, 0.46196332573890686, 0.4437623620033264]
[0.7961993217468262, 0.18149179220199585, 0.02230890467762947]
[0.45227643847465515, 0.43891996145248413, 0.1088036522269249]
[0.6156260371208191, 0.3148055970668793, 0.06956834346055984]
[0.3352256119251251, 0.5549596548080444, 0.10981475561857224]
[0.8956378102302551, 0.09518849104642868, 0.00917371828109026]
[0.4040236473083496, 0.5432062745094299, 0.05277010053396225]
[0.6890187859535217, 0.28132522106170654, 0.02965608239173889]
[0.5539058446884155, 0.36051684617996216, 0.08557727932929993]
[0.4860050082206726, 0.4487873315811157, 0.06520761549472809]
[0.7897877097129822, 0.1963617503643036, 0.013850475661456585]
[0.4733155369758606, 0.32835620641708374, 0.19832828640937805]
[0.03181957080960274, 0.15078195929527283, 0.8173984289169312]
[0.8090455532073975, 0.17660395801067352, 0.014350504614412785]
[0.8629971146583557, 0.12479229271411896, 0.012210655026137829]
[0.7748269438743591, 0.17970149219036102, 0.04547155648469925]
[0.3307737410068512, 0.4306667447090149, 0.2385595291852951]
[0.9516993165016174, 0.04413437843322754, 0.00416630320250988]
[0.4722917377948761, 0.3640225827693939, 0.1636856198310852]
[0.11478792876005173, 0.35951128602027893, 0.5257007479667664]
[0.5767828226089478, 0.27746057510375977, 0.1457565724849701]
[0.4357958436012268, 0.3603963851928711, 0.20380784571170807]
[0.08740974962711334, 0.26749566197395325, 0.6450945734977722]
[0.8689071536064148, 0.11533791571855545, 0.01575491949915886]
[0.3933403193950653, 0.5592572093009949, 0.04740247130393982]
[0.7835121750831604, 0.18355152010917664, 0.032936327159404755]
[0.2521907091140747, 0.5721685886383057, 0.17564064264297485]
[0.09525808691978455, 0.5405029654502869, 0.3642388880252838]
[0.8424450755119324, 0.14023177325725555, 0.017323162406682968]
[0.6426653265953064, 0.32416391372680664, 0.03317075967788696]
[0.2809891998767853, 0.46125805377960205, 0.25775274634361267]
[0.7937228083610535, 0.1758798062801361, 0.030397312715649605]
[0.2693423628807068, 0.5805638432502747, 0.15009373426437378]
[0.667664110660553, 0.2497202754020691, 0.08261559158563614]
[0.37428244948387146, 0.3769058585166931, 0.24881167709827423]
[0.1192074716091156, 0.37667080760002136, 0.5041216611862183]
[0.5288998484611511, 0.3805549442768097, 0.09054522961378098]
[0.598031759262085, 0.3705653250217438, 0.03140287473797798]
[0.4909103214740753, 0.45623520016670227, 0.052854519337415695]
[0.003976061008870602, 0.17018334567546844, 0.8258405923843384]
[0.00643051927909255, 0.09785893559455872, 0.8957105875015259]
[0.44557443261146545, 0.4209301471710205, 0.13349546492099762]
