[0.038718320429325104, 0.18894924223423004, 0.7723323702812195]
[0.7366814017295837, 0.20543117821216583, 0.05788736417889595]
[0.006439787335693836, 0.17867691814899445, 0.8148833513259888]
[0.21264703571796417, 0.5470638275146484, 0.24028919637203217]
[0.5701606869697571, 0.3880360424518585, 0.041803229600191116]
[0.7978264093399048, 0.18675315380096436, 0.015420378185808659]
[0.16900135576725006, 0.5285230278968811, 0.30247560143470764]
[0.22172874212265015, 0.700985312461853, 0.07728586345911026]
[0.8285306692123413, 0.1646430939435959, 0.006826215889304876]
[0.7489442229270935, 0.23141886293888092, 0.019636893644928932]
[0.5213950872421265, 0.42329898476600647, 0.055305980145931244]
[0.26901400089263916, 0.6020482182502747, 0.12893779575824738]
[0.45485684275627136, 0.4749099612236023, 0.07023327797651291]
[0.9573307633399963, 0.04004768654704094, 0.002621523104608059]
[0.384054034948349, 0.5469471216201782, 0.06899891048669815]
[0.341602623462677, 0.601649284362793, 0.0567481704056263]
[0.3015110194683075, 0.6186981797218323, 0.07979080826044083]
[0.31245002150535583, 0.583246111869812, 0.10430391877889633]
[0.4142014682292938, 0.46826449036598206, 0.11753407120704651]
[0.020761819556355476, 0.10284869372844696, 0.8763894438743591]
[0.06444638967514038, 0.4693170189857483, 0.46623659133911133]
[0.29688000679016113, 0.4294418394565582, 0.27367815375328064]
[0.8211198449134827, 0.1628159135580063, 0.01606420800089836]
[0.6453610062599182, 0.3137516975402832, 0.04088732972741127]
[0.19728721678256989, 0.5377108454704285, 0.26500189304351807]
[0.5902867317199707, 0.35504812002182007, 0.05466514453291893]
[0.09261655062437057, 0.33917370438575745, 0.5682097673416138]
[0.506501317024231, 0.33505088090896606, 0.15844781696796417]
[0.0012812570203095675, 0.017781801521778107, 0.9809369444847107]
[0.20371709764003754, 0.7152752876281738, 0.08100760728120804]
[0.6194705963134766, 0.3120463192462921, 0.06848307698965073]
[0.05896465852856636, 0.5297207236289978, 0.41131454706192017]
[0.12350718677043915, 0.6865701079368591, 0.18992264568805695]
[0.7252919673919678, 0.24258527159690857, 0.032122693955898285]
[0.6067082285881042, 0.3552480638027191, 0.03804374113678932]
[0.47179970145225525, 0.44458791613578796, 0.08361244201660156]
[0.024653427302837372, 0.37873023748397827, 0.5966163873672485]
[0.005229024216532707, 0.05513269826769829, 0.9396383166313171]
[0.490220844745636, 0.4392309784889221, 0.07054821401834488]
[0.8225418925285339, 0.16473405063152313, 0.012724028900265694]
[0.7067826390266418, 0.26401546597480774, 0.02920185960829258]
[0.34456077218055725, 0.37426793575286865, 0.2811712920665741]
[0.024896645918488503, 0.14649231731891632, 0.8286110758781433]
[0.6899513006210327, 0.2520132064819336, 0.058035485446453094]
[0.06357043981552124, 0.3316124379634857, 0.6048171520233154]
[0.01719239540398121, 0.12231998890638351, 0.8604875802993774]
[0.8621050715446472, 0.12199517339468002, 0.015899762511253357]
[0.3126738369464874, 0.43926262855529785, 0.24806354939937592]
[0.4560220539569855, 0.40074384212493896, 0.1432340145111084]
[0.06617362797260284, 0.21400949358940125, 0.7198169231414795]
[0.6862246990203857, 0.26589223742485046, 0.04788310080766678]
[0.04908563941717148, 0.5354735851287842, 0.41544076800346375]
[0.6302355527877808, 0.3101959526538849, 0.05956847965717316]
[0.3075776696205139, 0.5510692000389099, 0.14135310053825378]
[0.8177914619445801, 0.1679397076368332, 0.014268766157329082]
[0.6760377883911133, 0.2878122627735138, 0.03614990785717964]
[0.11713598668575287, 0.5627524256706238, 0.32011154294013977]
[0.12325603514909744, 0.6212596297264099, 0.25548431277275085]
[0.6542440056800842, 0.2799259424209595, 0.0658300518989563]
[0.8939879536628723, 0.09447086602449417, 0.011541226878762245]
[0.1429021656513214, 0.6477384567260742, 0.20935936272144318]
[0.281875342130661, 0.4775664806365967, 0.24055826663970947]
[0.5402243733406067, 0.36033895611763, 0.09943666309118271]
[0.2404545545578003, 0.5797449350357056, 0.17980054020881653]
[0.5122688412666321, 0.4115595519542694, 0.0761716440320015]
[0.032018378376960754, 0.49500906467437744, 0.4729726016521454]
[0.040221117436885834, 0.35153207182884216, 0.6082467436790466]
[0.09650437533855438, 0.5730628967285156, 0.33043280243873596]
[0.006559397559612989, 0.10832499712705612, 0.8851156234741211]
[0.008994451723992825, 0.27882760763168335, 0.7121778726577759]
[0.0018613288411870599, 0.007861406542360783, 0.9902772903442383]
[0.5899666547775269, 0.30438265204429626, 0.10565068572759628]
[0.003813310293480754, 0.02891368418931961, 0.967272937297821]
[0.07597090303897858, 0.2690465748310089, 0.6549825668334961]
[0.2372768223285675, 0.5780034065246582, 0.1847197413444519]
[0.012176514603197575, 0.06098863109946251, 0.9268348813056946]
[0.02617669478058815, 0.09920293092727661, 0.8746203780174255]
[0.061351824551820755, 0.3746035397052765, 0.5640446543693542]
[0.7029802799224854, 0.27450811862945557, 0.02251155860722065]
[0.6879590153694153, 0.2948024570941925, 0.017238564789295197]
[0.9080749750137329, 0.08653649687767029, 0.005388566758483648]
[0.3759847581386566, 0.5222551822662354, 0.10176000744104385]
[0.032528914511203766, 0.4700256586074829, 0.49744540452957153]
[0.3621797561645508, 0.5721265077590942, 0.06569372117519379]
[0.054586686193943024, 0.5648663640022278, 0.3805469572544098]
[0.044421084225177765, 0.3405328392982483, 0.6150461435317993]
[0.02575523778796196, 0.11469629406929016, 0.8595483899116516]
[0.0719040110707283, 0.5533365607261658, 0.3747594356536865]
[0.7025144696235657, 0.2625350058078766, 0.034950561821460724]
[0.1577252298593521, 0.6468033790588379, 0.19547139108181]
[0.36069679260253906, 0.5742696523666382, 0.06503358483314514]
[0.2238902896642685, 0.6023754477500916, 0.17373429238796234]
[0.006468535866588354, 0.26102057099342346, 0.7325109243392944]
[0.10224908590316772, 0.42506495118141174, 0.4726859927177429]
[0.4285162091255188, 0.5320781469345093, 0.039405614137649536]
[0.5968891382217407, 0.33693501353263855, 0.06617589294910431]
[0.13648590445518494, 0.5464122891426086, 0.3171018660068512]
[0.0035756677389144897, 0.021273331716656685, 0.975151002407074]
[0.0012824040604755282, 0.039735373109579086, 0.9589822292327881]
[0.001866147038526833, 0.04578279331326485, 0.9523510336875916]
[0.008713062852621078, 0.061774734407663345, 0.9295122027397156]
[0.8100258111953735, 0.15941503643989563, 0.03055914305150509]
[0.03635670989751816, 0.21756847202777863, 0.7460748553276062]
[0.05493307486176491, 0.32404592633247375, 0.6210209131240845]
[0.5767372846603394, 0.40975919365882874, 0.013503563590347767]
[0.8684700727462769, 0.12630558013916016, 0.005224317312240601]
[0.09199466556310654, 0.6479607224464417, 0.26004472374916077]
[0.03447823226451874, 0.7661135196685791, 0.19940826296806335]
[0.11297240853309631, 0.4272022247314453, 0.4598253667354584]
[0.012391990050673485, 0.030496174469590187, 0.9571118950843811]
[0.01222574058920145, 0.07739083468914032, 0.9103834629058838]
[0.16483309864997864, 0.28283610939979553, 0.5523307919502258]
[0.0026912942994385958, 0.04919715225696564, 0.9481115937232971]
[0.474301278591156, 0.4676855206489563, 0.05801317095756531]
[0.0031383719760924578, 0.021936068311333656, 0.9749256372451782]
[0.1967349648475647, 0.5654932856559753, 0.23777177929878235]
[0.05320431664586067, 0.18418936431407928, 0.7626063227653503]
[0.960289716720581, 0.034128282219171524, 0.005581957288086414]
[0.04980453848838806, 0.20242324471473694, 0.747772216796875]
[0.023763304576277733, 0.25577378273010254, 0.7204628586769104]
[0.044885531067848206, 0.27144157886505127, 0.6836729049682617]
[0.029405290260910988, 0.4928450882434845, 0.47774964570999146]
[0.018786922097206116, 0.5116707682609558, 0.46954235434532166]
[0.1310402899980545, 0.4506785571575165, 0.4182811677455902]
[0.0868164673447609, 0.3500407636165619, 0.563142716884613]
[0.020064298063516617, 0.14249104261398315, 0.8374446630477905]
[0.0030273222364485264, 0.03318443149328232, 0.9637882709503174]
[0.03250081464648247, 0.15857627987861633, 0.8089228868484497]
[0.004339298699051142, 0.04397597163915634, 0.9516847133636475]
[0.7620432376861572, 0.22167444229125977, 0.01628226600587368]
[0.17830678820610046, 0.2793007493019104, 0.5423924326896667]
[0.6809158325195312, 0.2840096652507782, 0.03507450222969055]
[0.17484316229820251, 0.6224653124809265, 0.20269151031970978]
[0.07455788552761078, 0.375431627035141, 0.5500105023384094]
[0.1224951520562172, 0.6220179200172424, 0.2554869055747986]
[0.030122889205813408, 0.3575960099697113, 0.612281084060669]
[0.20220372080802917, 0.5696060061454773, 0.22819028794765472]
[0.08060433715581894, 0.4955218434333801, 0.42387375235557556]
[0.006117747165262699, 0.0693402886390686, 0.9245420098304749]
[0.291337788105011, 0.5089123845100403, 0.1997499167919159]
[0.09817627817392349, 0.4854860305786133, 0.41633763909339905]
[0.06875651329755783, 0.4137149453163147, 0.5175285339355469]
[0.07716850936412811, 0.2739199995994568, 0.6489115357398987]
[0.24868781864643097, 0.6530182957649231, 0.09829394519329071]
[0.4652978777885437, 0.3824530243873596, 0.1522490680217743]
[0.3270086944103241, 0.5885232090950012, 0.08446807414293289]
[0.30356329679489136, 0.501157820224762, 0.19527888298034668]
[0.21276839077472687, 0.6636601090431213, 0.12357155233621597]
[0.017229313030838966, 0.13827858865261078, 0.8444921374320984]
[0.1414245367050171, 0.591655969619751, 0.2669195532798767]
[0.03234054520726204, 0.25549834966659546, 0.7121610641479492]
[0.12699244916439056, 0.34370627999305725, 0.5293012857437134]
[0.015431270003318787, 0.13634037971496582, 0.848228394985199]
[0.012336191721260548, 0.10746237635612488, 0.8802013993263245]
[0.5579597353935242, 0.3739164173603058, 0.06812391430139542]
[0.5927683115005493, 0.32473787665367126, 0.08249380439519882]
[0.16073882579803467, 0.45726844668388367, 0.3819926679134369]
[0.6090276837348938, 0.29943379759788513, 0.09153855592012405]
[0.13148194551467896, 0.470333993434906, 0.3981841206550598]
[0.9339109659194946, 0.05862569808959961, 0.007463325280696154]
[0.6796354651451111, 0.25315648317337036, 0.06720807403326035]
[0.016673723235726357, 0.19898074865341187, 0.7843455076217651]
[0.08623912930488586, 0.4399741590023041, 0.4737866520881653]
[0.007937909103929996, 0.2023327648639679, 0.7897293567657471]
[0.10930339992046356, 0.34523457288742065, 0.5454619526863098]
[0.015949036926031113, 0.11801149696111679, 0.8660394549369812]
[0.12133666127920151, 0.6512134671211243, 0.2274499386548996]
[0.3271092176437378, 0.4330140948295593, 0.23987668752670288]
[0.13705259561538696, 0.5256231427192688, 0.3373242914676666]
[0.003820242825895548, 0.11763906478881836, 0.8785406947135925]
[0.0900404080748558, 0.41251134872436523, 0.49744829535484314]
[0.019674483686685562, 0.31673336029052734, 0.6635921001434326]
[0.36955320835113525, 0.5408616065979004, 0.08958514779806137]
[0.042527616024017334, 0.15826724469661713, 0.7992051839828491]
[0.010272251442074776, 0.06215481832623482, 0.9275729656219482]
[0.010338466614484787, 0.15045996010303497, 0.8392015099525452]
[0.020211443305015564, 0.14808472990989685, 0.8317038416862488]
[0.38139596581459045, 0.5262547731399536, 0.09234926104545593]
[0.13679097592830658, 0.8013596534729004, 0.06184934824705124]
[0.007085947785526514, 0.0451691597700119, 0.9477449655532837]
[0.8694995045661926, 0.12199123948812485, 0.008509206585586071]
[0.045493174344301224, 0.7094462513923645, 0.24506054818630219]
[0.5353392362594604, 0.4094546139240265, 0.05520623177289963]
[0.4864636957645416, 0.39683854579925537, 0.1166977658867836]
[0.8725197315216064, 0.11550063639879227, 0.011979653500020504]
[0.8863177299499512, 0.10332206636667252, 0.010360185988247395]
[0.8122565746307373, 0.17228029668331146, 0.015463159419596195]
[0.07755151391029358, 0.5611263513565063, 0.36132216453552246]
[0.03895219787955284, 0.4048209488391876, 0.556226909160614]
[0.46683117747306824, 0.38679930567741394, 0.14636950194835663]
[0.5496457815170288, 0.41793516278266907, 0.03241903707385063]
[0.9336060285568237, 0.06064135208725929, 0.0057525914162397385]
[0.8538532853126526, 0.13665971159934998, 0.009487004950642586]
[0.16684404015541077, 0.46870627999305725, 0.364449679851532]
[0.5587519407272339, 0.4083938002586365, 0.032854270190000534]
[0.09036889672279358, 0.37959200143814087, 0.5300390720367432]
[0.5708222389221191, 0.39544329047203064, 0.033734533935785294]
[0.4705389738082886, 0.4608134329319, 0.06864762306213379]
[0.04076629504561424, 0.27642086148262024, 0.6828128099441528]
[0.05672268569469452, 0.20949195325374603, 0.7337853908538818]
[0.5461771488189697, 0.39431509375572205, 0.05950778350234032]
[0.07593075186014175, 0.7766159772872925, 0.14745332300662994]
[0.1445443481206894, 0.35523301362991333, 0.5002226829528809]
[0.08862259984016418, 0.35462716221809387, 0.5567502379417419]
[0.09819889068603516, 0.761904776096344, 0.13989636301994324]
[0.07590672373771667, 0.7923855781555176, 0.13170777261257172]
[0.3620026707649231, 0.4471995234489441, 0.1907978504896164]
[0.3526165187358856, 0.5693215727806091, 0.07806195318698883]
[0.02109929360449314, 0.21643558144569397, 0.7624651193618774]
[0.4010196030139923, 0.5248273015022278, 0.0741531103849411]
[0.3534962832927704, 0.514316976070404, 0.1321866810321808]
[0.005284344777464867, 0.36697426438331604, 0.6277413368225098]
[0.42397239804267883, 0.5147929191589355, 0.061234667897224426]
[0.49704012274742126, 0.4391876757144928, 0.06377220898866653]
[0.06328283995389938, 0.5768340229988098, 0.35988306999206543]
[0.004143429454416037, 0.38323336839675903, 0.6126232147216797]
[0.2807532548904419, 0.6455207467079163, 0.07372598350048065]
[0.1506674438714981, 0.658265233039856, 0.19106729328632355]
[0.8083141446113586, 0.17353148758411407, 0.018154412508010864]
[0.6737795472145081, 0.2770083546638489, 0.04921204596757889]
[0.46031391620635986, 0.45459428429603577, 0.08509177714586258]
[0.09396041929721832, 0.5671988725662231, 0.33884066343307495]
[0.03492848575115204, 0.5304589867591858, 0.43461257219314575]
[0.13114874064922333, 0.6054480075836182, 0.2634032666683197]
[0.08431591093540192, 0.4570922255516052, 0.45859190821647644]
[0.11898467689752579, 0.5573362112045288, 0.3236791789531708]
[0.8034095764160156, 0.17270326614379883, 0.023887138813734055]
[0.21088819205760956, 0.38926196098327637, 0.39984992146492004]
[0.4317874312400818, 0.40848737955093384, 0.15972521901130676]
[0.3976850211620331, 0.3434448540210724, 0.25887009501457214]
[0.33418333530426025, 0.5962719917297363, 0.06954468786716461]
[0.004368841182440519, 0.5638863444328308, 0.43174484372138977]
[0.3311443626880646, 0.6056024432182312, 0.06325311213731766]
[0.015171128325164318, 0.21349942684173584, 0.7713294625282288]
[0.45084771513938904, 0.4956173896789551, 0.053534843027591705]
[0.41715317964553833, 0.474461168050766, 0.10838570445775986]
[0.45142921805381775, 0.4531383514404297, 0.09543242305517197]
[0.4347972571849823, 0.4854377508163452, 0.07976493239402771]
[0.6661345362663269, 0.284455806016922, 0.04940963163971901]
[0.7297120094299316, 0.25963056087493896, 0.010657403618097305]
[0.18072015047073364, 0.6292248964309692, 0.19005495309829712]
[0.007297403644770384, 0.0957474336028099, 0.896955132484436]
[0.1967843919992447, 0.5607572793960571, 0.2424582540988922]
[0.16789208352565765, 0.7045173645019531, 0.1275905817747116]
[0.42001771926879883, 0.4923361837863922, 0.08764605969190598]
[0.38499367237091064, 0.5389392375946045, 0.0760670155286789]
[0.3165234923362732, 0.5623814463615417, 0.12109500169754028]
[0.4535198211669922, 0.5196824669837952, 0.02679775096476078]
[0.17457032203674316, 0.4417445957660675, 0.38368508219718933]
[0.3327721655368805, 0.3775720000267029, 0.28965580463409424]
[0.031238777562975883, 0.35863929986953735, 0.6101219654083252]
[0.03459519147872925, 0.4163822531700134, 0.5490225553512573]
[0.4279104769229889, 0.38319748640060425, 0.18889200687408447]
[0.28592973947525024, 0.5030147433280945, 0.21105551719665527]
[0.7187989354133606, 0.25580865144729614, 0.025392349809408188]
[0.5331262350082397, 0.4534339904785156, 0.013439823873341084]
[0.27397361397743225, 0.4772287607192993, 0.24879759550094604]
[0.05082475021481514, 0.4689176678657532, 0.48025763034820557]
[0.1419224590063095, 0.40757066011428833, 0.45050689578056335]
[0.5749265551567078, 0.3710305988788605, 0.054042816162109375]
[0.06930635124444962, 0.25778818130493164, 0.6729055047035217]
[0.8939089775085449, 0.09602516144514084, 0.010065874084830284]
[0.06539519876241684, 0.5385963916778564, 0.3960084021091461]
[0.14116379618644714, 0.4924347400665283, 0.3664015531539917]
[0.07118920981884003, 0.30445733666419983, 0.6243534088134766]
[0.12683166563510895, 0.6800484657287598, 0.1931198239326477]
[0.09842002391815186, 0.7040196657180786, 0.19756042957305908]
[0.03609480336308479, 0.46916452050209045, 0.49474072456359863]
[0.008328035473823547, 0.22184787690639496, 0.7698241472244263]
[0.3456232249736786, 0.5137025117874146, 0.14067429304122925]
[0.2582593560218811, 0.673150360584259, 0.06859029084444046]
[0.35389959812164307, 0.5962551236152649, 0.04984530806541443]
[0.07624022662639618, 0.4053115248680115, 0.5184482932090759]
[0.03179619461297989, 0.30614739656448364, 0.6620563864707947]
[0.012122518382966518, 0.45915618538856506, 0.5287213325500488]
[0.0031311404891312122, 0.05676355957984924, 0.9401053786277771]
[0.0716560110449791, 0.21348001062870026, 0.7148640155792236]
[0.24605576694011688, 0.4395788013935089, 0.3143654465675354]
[0.17240963876247406, 0.46834301948547363, 0.3592472970485687]
[0.02062184177339077, 0.3410457372665405, 0.6383324861526489]
[0.692277193069458, 0.2683773636817932, 0.03934546560049057]
[0.012292144820094109, 0.3959504961967468, 0.5917573571205139]
[0.053248971700668335, 0.3962559998035431, 0.5504950881004333]
[0.002320040948688984, 0.020004915073513985, 0.9776750206947327]
[0.03855088725686073, 0.24864637851715088, 0.7128027677536011]
[0.367674857378006, 0.5630103945732117, 0.06931472569704056]
[0.04782324284315109, 0.19696316123008728, 0.7552135586738586]
[0.0561939962208271, 0.21929815411567688, 0.7245078086853027]
[0.16978509724140167, 0.43443024158477783, 0.39578476548194885]
[0.03762899339199066, 0.48129937052726746, 0.48107168078422546]
[0.2729934751987457, 0.4174343943595886, 0.3095721900463104]
[0.024218641221523285, 0.2179618626832962, 0.7578195333480835]
[0.25907060503959656, 0.4916735589504242, 0.24925588071346283]
[0.05720127001404762, 0.43842753767967224, 0.504371166229248]
[0.4803869426250458, 0.3964655101299286, 0.12314759939908981]
[0.09359966963529587, 0.5196577310562134, 0.3867425322532654]
[0.01551975216716528, 0.20881779491901398, 0.7756624817848206]
[0.15468336641788483, 0.3070160448551178, 0.5383005738258362]
[0.0019289929186925292, 0.04973217472434044, 0.9483388662338257]
[0.01762196607887745, 0.11865267157554626, 0.8637253642082214]
[0.027248729020357132, 0.23581016063690186, 0.7369410991668701]
[0.017545511946082115, 0.27295103669166565, 0.7095034122467041]
[0.012083071283996105, 0.12300635874271393, 0.8649105429649353]
[0.002062711399048567, 0.03747496008872986, 0.9604623317718506]
[0.05858396366238594, 0.6727721095085144, 0.26864391565322876]
[0.37977516651153564, 0.5478261709213257, 0.07239867001771927]
[0.015448223799467087, 0.09840931743383408, 0.8861424326896667]
[0.00546700693666935, 0.1528753787279129, 0.8416576385498047]
[0.13515333831310272, 0.5105006694793701, 0.3543459475040436]
[0.006935600191354752, 0.18053469061851501, 0.8125297427177429]
[0.002835484454408288, 0.136577770113945, 0.8605867624282837]
[0.05279694125056267, 0.3217686712741852, 0.625434398651123]
[0.16273118555545807, 0.7424010634422302, 0.09486772119998932]
[0.21916157007217407, 0.535986602306366, 0.24485190212726593]
[0.013099823147058487, 0.06322380155324936, 0.9236763715744019]
[0.007770211435854435, 0.14404387772083282, 0.8481858968734741]
[0.05508231744170189, 0.39240777492523193, 0.5525099039077759]
[0.8085535168647766, 0.17537128925323486, 0.01607513800263405]
[0.2544732689857483, 0.6147589683532715, 0.13076773285865784]
[0.1328343003988266, 0.43679800629615784, 0.4303676187992096]
[0.4017738103866577, 0.39630481600761414, 0.20192138850688934]
[0.4068608582019806, 0.46862930059432983, 0.1245097815990448]
[0.02310858853161335, 0.20224803686141968, 0.7746433615684509]
[0.24054524302482605, 0.55504310131073, 0.20441171526908875]
[0.37417227029800415, 0.46351704001426697, 0.1623106747865677]
[0.3141930401325226, 0.5686931014060974, 0.11711379885673523]
[0.15774588286876678, 0.6427857279777527, 0.19946835935115814]
[0.8362417817115784, 0.13711220026016235, 0.026646029204130173]
[0.003122803522273898, 0.02193308249115944, 0.9749440550804138]
[0.0851825550198555, 0.22655412554740906, 0.6882632970809937]
[0.047820720821619034, 0.15550239384174347, 0.7966769337654114]
[0.5424394011497498, 0.4316111207008362, 0.02594943530857563]
[0.2104659527540207, 0.6554903388023376, 0.13404378294944763]
[0.19421599805355072, 0.6524288654327393, 0.15335513651371002]
[0.3900308310985565, 0.4271681606769562, 0.18280097842216492]
[0.5088272094726562, 0.4292981028556824, 0.061874665319919586]
[0.7532187700271606, 0.22259536385536194, 0.024185875430703163]
[0.4462084174156189, 0.4795891046524048, 0.07420247048139572]
[0.8696620464324951, 0.11970946937799454, 0.010628417134284973]
[0.7904045581817627, 0.17915485799312592, 0.030440539121627808]
[0.17507392168045044, 0.5140332579612732, 0.31089287996292114]
[0.03308715671300888, 0.23667821288108826, 0.7302346229553223]
[0.11321769654750824, 0.7769457697868347, 0.1098366230726242]
[0.08585316687822342, 0.5874353647232056, 0.3267114758491516]
[0.00955984927713871, 0.178065687417984, 0.812374472618103]
[0.01092409435659647, 0.1718175709247589, 0.8172582983970642]
[0.15864084661006927, 0.44159409403800964, 0.3997650742530823]
[0.5247443914413452, 0.3851189613342285, 0.09013664722442627]
[0.1592419296503067, 0.5971314907073975, 0.2436266392469406]
[0.016818126663565636, 0.4167556166648865, 0.5664262175559998]
[0.34395426511764526, 0.5368961095809937, 0.11914965510368347]
[0.03605860844254494, 0.2710981070995331, 0.6928433179855347]
[0.0660414844751358, 0.51375412940979, 0.4202044606208801]
[0.0029812962748110294, 0.06467963010072708, 0.932339072227478]
[0.29280468821525574, 0.46024829149246216, 0.2469470053911209]
[0.15808576345443726, 0.3511398732662201, 0.49077436327934265]
[0.09245628118515015, 0.3995562195777893, 0.5079874992370605]
[0.47424250841140747, 0.46932458877563477, 0.05643286183476448]
[0.31211334466934204, 0.619497537612915, 0.0683891624212265]
[0.008171972818672657, 0.15847238898277283, 0.8333556652069092]
[0.007101177237927914, 0.1435338705778122, 0.8493648767471313]
[0.029262427240610123, 0.1728186011314392, 0.7979189157485962]
[0.07967938482761383, 0.22648020088672638, 0.6938403844833374]
[0.7453029751777649, 0.219610795378685, 0.03508622944355011]
[0.04389350116252899, 0.23262543976306915, 0.7234810590744019]
[0.4078061282634735, 0.5007789134979248, 0.09141489118337631]
[0.2633073627948761, 0.5934575796127319, 0.14323507249355316]
[0.5088124871253967, 0.4285547435283661, 0.06263269484043121]
[0.021416299045085907, 0.14071837067604065, 0.8378653526306152]
[0.339800626039505, 0.596142590045929, 0.06405671685934067]
