[0.5174931883811951, 0.34424877166748047, 0.13825801014900208]
[0.3089146018028259, 0.44401177763938904, 0.24707353115081787]
[0.034613240510225296, 0.39110472798347473, 0.5742820501327515]
[0.06854251027107239, 0.6204721331596375, 0.31098541617393494]
[0.12186272442340851, 0.41639426350593567, 0.4617430567741394]
[0.3745869994163513, 0.555095911026001, 0.07031706720590591]
[0.028656940907239914, 0.19591177999973297, 0.7754312753677368]
[0.03904782235622406, 0.7627859711647034, 0.19816623628139496]
[0.0626978874206543, 0.24144545197486877, 0.6958566904067993]
[0.10885699838399887, 0.4589754045009613, 0.43216758966445923]
[0.23217669129371643, 0.48440325260162354, 0.28341999650001526]
[0.04858699440956116, 0.5685252547264099, 0.38288772106170654]
[0.051315054297447205, 0.36478886008262634, 0.5838961005210876]
[0.7298932075500488, 0.24324002861976624, 0.026866739615797997]
[0.31462350487709045, 0.548801839351654, 0.13657468557357788]
[0.5276835560798645, 0.39447054266929626, 0.07784592360258102]
[0.08905613422393799, 0.3114912509918213, 0.5994526147842407]
[0.4879615306854248, 0.47483667731285095, 0.037201788276433945]
[0.7995318174362183, 0.18370236456394196, 0.016765758395195007]
[0.43056806921958923, 0.4798247814178467, 0.0896071344614029]
[0.6681357622146606, 0.2989749312400818, 0.03288928419351578]
[0.6499863862991333, 0.3011195957660675, 0.048894014209508896]
[0.13926054537296295, 0.5195838809013367, 0.3411555588245392]
[0.12496256083250046, 0.3167465925216675, 0.5582908987998962]
[0.01992041990160942, 0.18014979362487793, 0.7999297976493835]
[0.2842516303062439, 0.5240736603736877, 0.19167473912239075]
[0.018237682059407234, 0.15815258026123047, 0.8236097097396851]
[0.0030677136965095997, 0.03250837326049805, 0.9644238948822021]
[0.3100435137748718, 0.625252366065979, 0.0647040531039238]
[0.19518116116523743, 0.6327047348022461, 0.17211416363716125]
[0.02211032807826996, 0.3700385093688965, 0.6078511476516724]
[0.12090189754962921, 0.7642450332641602, 0.11485303938388824]
