[0.7914133667945862, 0.181400865316391, 0.027185745537281036]
[0.8075438737869263, 0.17182417213916779, 0.020632000640034676]
[0.0020190076902508736, 0.0621902272105217, 0.9357907772064209]
[0.2166241705417633, 0.3914371132850647, 0.391938716173172]
[0.08545833081007004, 0.37727588415145874, 0.5372657775878906]
[0.16102275252342224, 0.7437429428100586, 0.09523427486419678]
[0.21297959983348846, 0.47038325667381287, 0.31663721799850464]
[0.07053335756063461, 0.7273101210594177, 0.20215646922588348]
[0.6675063967704773, 0.2856220304965973, 0.0468716137111187]
[0.7189273238182068, 0.23052820563316345, 0.05054440721869469]
[0.024312397465109825, 0.14101378619670868, 0.8346738219261169]
[0.2315731942653656, 0.6979764699935913, 0.0704503133893013]
[0.1459159106016159, 0.5712877511978149, 0.28279632329940796]
[0.5422043800354004, 0.37041300535202026, 0.08738254755735397]
[0.706398606300354, 0.26312023401260376, 0.03048112988471985]
[0.1887311041355133, 0.46350187063217163, 0.34776705503463745]
[0.11239192634820938, 0.43043994903564453, 0.4571681618690491]
[0.6332903504371643, 0.3356226980686188, 0.03108694963157177]
[0.021735012531280518, 0.2852003872394562, 0.6930646300315857]
[0.21668948233127594, 0.4493683874607086, 0.33394211530685425]
[0.135361909866333, 0.5534179210662842, 0.3112201690673828]
[0.1464301347732544, 0.461816668510437, 0.391753226518631]
[0.22431130707263947, 0.5812400579452515, 0.19444867968559265]
[0.22951708734035492, 0.6254143118858337, 0.14506855607032776]
[0.003802522784098983, 0.19638700783252716, 0.7998104691505432]
[0.003056417917832732, 0.038148604333400726, 0.9587949514389038]
[0.19699297845363617, 0.6144665479660034, 0.18854035437107086]
