[0.2806081175804138, 0.49134042859077454, 0.22805140912532806]
[0.011103503406047821, 0.36984783411026, 0.6190486550331116]
[0.2399141788482666, 0.49705561995506287, 0.26303020119667053]
[0.08935997635126114, 0.33658236265182495, 0.5740576386451721]
[0.25783079862594604, 0.4425886869430542, 0.29958051443099976]
[0.8915082216262817, 0.09059365093708038, 0.01789814792573452]
[0.8502858281135559, 0.13423727452754974, 0.01547683123499155]
[0.4345659911632538, 0.3779936134815216, 0.187440425157547]
[0.09967397898435593, 0.5009691119194031, 0.3993568420410156]
[0.017096418887376785, 0.23684868216514587, 0.7460548877716064]
[0.26501893997192383, 0.44181689620018005, 0.29316413402557373]
[0.6559710502624512, 0.2497071921825409, 0.09432178735733032]
[0.19363927841186523, 0.4853491187095642, 0.32101163268089294]
[0.07853807508945465, 0.24641555547714233, 0.6750463843345642]
[0.4050300717353821, 0.3783954977989197, 0.21657440066337585]
[0.09253402799367905, 0.43634071946144104, 0.47112521529197693]
[0.04884296655654907, 0.268699586391449, 0.682457447052002]
[0.18298029899597168, 0.384094774723053, 0.43292492628097534]
[0.054262109100818634, 0.7784301042556763, 0.16730773448944092]
[0.11912394315004349, 0.4042586386203766, 0.4766174256801605]
[0.387658953666687, 0.44675594568252563, 0.165584996342659]
[0.12456458061933517, 0.3662860095500946, 0.509149432182312]
[0.39980360865592957, 0.45311370491981506, 0.14708274602890015]
[0.014284525066614151, 0.20638824999332428, 0.7793272137641907]
[0.013711104169487953, 0.27526336908340454, 0.7110255360603333]
[0.027208684012293816, 0.06919949501752853, 0.9035917520523071]
