[0.11110974848270416, 0.6059601306915283, 0.28293007612228394]
[0.0885741263628006, 0.43547168374061584, 0.4759542644023895]
[0.011870592832565308, 0.24495957791805267, 0.7431697845458984]
[0.0410301610827446, 0.6671708822250366, 0.2917989492416382]
[0.4678202271461487, 0.4078162610530853, 0.12436355650424957]
[0.024508414790034294, 0.21139021217823029, 0.7641013264656067]
[0.16879147291183472, 0.7212719917297363, 0.10993656516075134]
[0.5498947501182556, 0.39445218443870544, 0.055653076618909836]
[0.045000720769166946, 0.6896528005599976, 0.265346497297287]
[0.03682784363627434, 0.3531695604324341, 0.6100025773048401]
[0.11581000685691833, 0.5405812859535217, 0.3436087369918823]
[0.011919453740119934, 0.32618260383605957, 0.6618980169296265]
[0.005328294821083546, 0.03748322278261185, 0.9571884274482727]
[0.2496822476387024, 0.6019368171691895, 0.14838093519210815]
[0.37505245208740234, 0.508919358253479, 0.11602823436260223]
[0.06505287438631058, 0.5105281472206116, 0.42441898584365845]
[0.0031321682035923004, 0.027617409825325012, 0.9692503809928894]
[0.06714718788862228, 0.34946316480636597, 0.5833896398544312]
[0.027676980942487717, 0.49159231781959534, 0.48073071241378784]
[0.12490665912628174, 0.1932912915945053, 0.6818020343780518]
[0.5018242597579956, 0.41984009742736816, 0.07833569496870041]
[0.21385762095451355, 0.4319436252117157, 0.35419878363609314]
[0.005564313847571611, 0.10600247234106064, 0.8884332180023193]
[0.3065395653247833, 0.327246755361557, 0.3662136495113373]
[0.06853903084993362, 0.15517333149909973, 0.7762876749038696]
[0.23747093975543976, 0.43083301186561584, 0.331696093082428]
[0.08047150820493698, 0.4859435260295868, 0.43358492851257324]
