[0.22509396076202393, 0.5980948209762573, 0.17681115865707397]
[0.43783649802207947, 0.49044686555862427, 0.07171665132045746]
[0.5903976559638977, 0.3507736921310425, 0.05882864445447922]
[0.338919460773468, 0.5742367506027222, 0.08684384822845459]
[0.4555620551109314, 0.4866657555103302, 0.057772185653448105]
[0.04888448491692543, 0.24036036431789398, 0.7107551693916321]
[0.8738217949867249, 0.11382528394460678, 0.012352912686765194]
[0.5758739709854126, 0.33574938774108887, 0.08837667852640152]
[0.39127323031425476, 0.4402534067630768, 0.1684732586145401]
[0.5712037682533264, 0.39368030428886414, 0.03511597216129303]
[0.21449553966522217, 0.6481181979179382, 0.1373862773180008]
[0.4522896111011505, 0.4801189601421356, 0.06759131699800491]
[0.8298571109771729, 0.15384213626384735, 0.016300717368721962]
[0.5416143536567688, 0.4072442948818207, 0.05114135518670082]
[0.34282827377319336, 0.5670027136802673, 0.09016908705234528]
[0.29373258352279663, 0.6004993915557861, 0.10576795786619186]
[0.4452457129955292, 0.4275381863117218, 0.127216175198555]
[0.35552287101745605, 0.48309963941574097, 0.1613774597644806]
[0.17720092833042145, 0.5658259391784668, 0.25697317719459534]
[0.4776324927806854, 0.4578588008880615, 0.06450872123241425]
[0.7929683327674866, 0.18676450848579407, 0.020267121493816376]
[0.38642147183418274, 0.5120649933815002, 0.10151349008083344]
[0.9052391648292542, 0.08334694802761078, 0.011413893662393093]
[0.354189395904541, 0.4998016059398651, 0.14600898325443268]
[0.025053417310118675, 0.32896068692207336, 0.6459858417510986]
[0.3478964567184448, 0.5863406658172607, 0.06576283276081085]
[0.9148831963539124, 0.07789050042629242, 0.007226224523037672]
[0.6468713879585266, 0.3120952844619751, 0.0410333052277565]
[0.43902334570884705, 0.5018043518066406, 0.059172309935092926]
[0.14546562731266022, 0.4478856027126312, 0.40664878487586975]
[0.3684197962284088, 0.5267931222915649, 0.10478710383176804]
[0.10111955553293228, 0.6586591005325317, 0.24022135138511658]
[0.3555404841899872, 0.5436905026435852, 0.10076907277107239]
[0.3573474586009979, 0.579078197479248, 0.06357435882091522]
[0.39047110080718994, 0.49580293893814087, 0.11372590810060501]
[0.6810654997825623, 0.29504677653312683, 0.02388780750334263]
[0.005371290259063244, 0.1062624454498291, 0.8883662819862366]
[0.005699205212295055, 0.1538318544626236, 0.8404689431190491]
[0.0046404143795371056, 0.059814173728227615, 0.9355453848838806]
