[0.11444445699453354, 0.4040624797344208, 0.4814930260181427]
[0.16326172649860382, 0.40613028407096863, 0.43060803413391113]
[0.1275402158498764, 0.5084766745567322, 0.363983154296875]
[0.19400587677955627, 0.4333748519420624, 0.37261924147605896]
[0.40494704246520996, 0.41890835762023926, 0.1761445701122284]
[0.2225703001022339, 0.56294846534729, 0.2144812047481537]
[0.16144266724586487, 0.5148372054100037, 0.3237200677394867]
[0.02531590312719345, 0.07626375555992126, 0.8984203338623047]
[0.19311651587486267, 0.5494394302368164, 0.25744399428367615]
[0.022094035521149635, 0.11813455075025558, 0.8597713708877563]
[0.03205561637878418, 0.14760002493858337, 0.8203443884849548]
[0.12143032997846603, 0.5898476839065552, 0.2887219488620758]
[0.05079653859138489, 0.2279399186372757, 0.7212635278701782]
[0.22834283113479614, 0.5327584147453308, 0.23889875411987305]
[0.28351104259490967, 0.49307841062545776, 0.22341051697731018]
[0.059900954365730286, 0.2965620756149292, 0.6435370445251465]
[0.11590801179409027, 0.4545261859893799, 0.4295658469200134]
[0.14223089814186096, 0.497875452041626, 0.3598935902118683]
[0.8038557171821594, 0.1759818196296692, 0.02016245760023594]
[0.809508204460144, 0.16231191158294678, 0.028179854154586792]
[0.2867397665977478, 0.4578796625137329, 0.2553805708885193]
[0.08169004321098328, 0.39621326327323914, 0.5220966339111328]
[0.2959534227848053, 0.4726792871952057, 0.2313673198223114]
[0.0024978574365377426, 0.09670691192150116, 0.9007952213287354]
[0.5068245530128479, 0.3374655544757843, 0.1557098925113678]
