[0.039976440370082855, 0.25624528527259827, 0.7037783265113831]
[0.6959030628204346, 0.2618218660354614, 0.04227514564990997]
[0.0029200746212154627, 0.028443269431591034, 0.9686365723609924]
[0.032584257423877716, 0.24280132353305817, 0.7246144413948059]
[0.2593801021575928, 0.6664170026779175, 0.07420291006565094]
[0.006158345378935337, 0.03532036766409874, 0.9585212469100952]
[0.0886504128575325, 0.3921569883823395, 0.5191925764083862]
[0.3753025233745575, 0.5305736064910889, 0.09412387013435364]
[0.012218855321407318, 0.09369324147701263, 0.8940879106521606]
[0.20094096660614014, 0.7004421353340149, 0.09861679375171661]
[0.4259593188762665, 0.5039443969726562, 0.07009624689817429]
[0.010366898030042648, 0.1966038942337036, 0.7930291891098022]
[0.29032275080680847, 0.48947227001190186, 0.22020502388477325]
[0.1252942979335785, 0.42963707447052, 0.4450686275959015]
[0.14702272415161133, 0.2904515862464905, 0.5625256896018982]
[0.40448349714279175, 0.501033365726471, 0.0944831445813179]
[0.29362934827804565, 0.5697057843208313, 0.1366649568080902]
[0.0836193859577179, 0.7900847792625427, 0.12629592418670654]
[0.04150824248790741, 0.538784384727478, 0.4197072982788086]
[0.04436188563704491, 0.6033284068107605, 0.35230979323387146]
[0.5019734501838684, 0.40806514024734497, 0.0899614617228508]
[0.029072299599647522, 0.4836804270744324, 0.4872472882270813]
[0.18976572155952454, 0.46481817960739136, 0.3454160988330841]
[0.031028682366013527, 0.3893556296825409, 0.5796157121658325]
[0.23245444893836975, 0.5567528605461121, 0.2107926905155182]
[0.35874128341674805, 0.5650787353515625, 0.07617995887994766]
[0.16283394396305084, 0.6319630742073059, 0.20520296692848206]
[0.14432843029499054, 0.5543286204338074, 0.3013429343700409]
[0.0026238225400447845, 0.03766198828816414, 0.9597141742706299]
[0.03620105981826782, 0.4628351032733917, 0.5009638071060181]
[0.39192864298820496, 0.47014957666397095, 0.13792183995246887]
[0.6200985908508301, 0.32299667596817017, 0.05690477043390274]
[0.09966688603162766, 0.4366700351238251, 0.4636630117893219]
[0.04032815992832184, 0.3153703212738037, 0.6443014740943909]
[0.08660495281219482, 0.4552362859249115, 0.4581587314605713]
[0.034422487020492554, 0.12930604815483093, 0.8362714648246765]
[0.3676474988460541, 0.5171816945075989, 0.11517083644866943]
[0.014379107393324375, 0.27376842498779297, 0.7118524312973022]
[0.1795133352279663, 0.3955276310443878, 0.4249590337276459]
[0.17380285263061523, 0.445326030254364, 0.3808711767196655]
[0.24518071115016937, 0.6790046691894531, 0.07581458985805511]
[0.6613035798072815, 0.2831914722919464, 0.05550497770309448]
[0.11193675547838211, 0.4700206518173218, 0.4180426299571991]
[0.020548516884446144, 0.21121884882450104, 0.7682326436042786]
[0.41717302799224854, 0.5270759463310242, 0.055751096457242966]
[0.20598670840263367, 0.6651051640510559, 0.128908172249794]
[0.1497827023267746, 0.5567289590835571, 0.29348835349082947]
[0.2962207794189453, 0.6035587191581726, 0.10022048652172089]
[0.01129936147481203, 0.2201106697320938, 0.768589973449707]
[0.4447145164012909, 0.49066609144210815, 0.06461942195892334]
[0.024004267528653145, 0.3086375892162323, 0.6673581600189209]
[0.12718598544597626, 0.6989008188247681, 0.17391319572925568]
[0.3257458806037903, 0.46522873640060425, 0.20902544260025024]
[0.14120998978614807, 0.7710762023925781, 0.08771388232707977]
[0.06608261913061142, 0.2009783536195755, 0.7329390048980713]
[0.9269315600395203, 0.06717894226312637, 0.005889452062547207]
[0.5896262526512146, 0.3557261526584625, 0.05464763194322586]
[0.1668788343667984, 0.31224218010902405, 0.5208790302276611]
[0.5235649943351746, 0.41274967789649963, 0.06368532031774521]
[0.05478226765990257, 0.27892693877220154, 0.666290819644928]
[0.5359241366386414, 0.41135600209236145, 0.05271994322538376]
[0.3372187316417694, 0.5022082328796387, 0.1605730652809143]
[0.2213066667318344, 0.6029067635536194, 0.1757865697145462]
[0.22123999893665314, 0.47288814187049866, 0.30587178468704224]
[0.17298473417758942, 0.49014270305633545, 0.3368726074695587]
[0.4787101745605469, 0.4585804343223572, 0.06270932406187057]
[0.014238625764846802, 0.13293057680130005, 0.8528307676315308]
[0.157511368393898, 0.6681206226348877, 0.1743679642677307]
[0.024057703092694283, 0.4904499650001526, 0.4854922890663147]
[0.08879183977842331, 0.7057592868804932, 0.2054489254951477]
[0.005138291511684656, 0.03200792148709297, 0.9628538489341736]
[0.538503110408783, 0.4004051387310028, 0.061091694980859756]
[0.4054590165615082, 0.5289175510406494, 0.06562336534261703]
[0.6123489141464233, 0.30382683873176575, 0.0838242694735527]
[0.09132950007915497, 0.52443927526474, 0.38423120975494385]
[0.5251251459121704, 0.41500696539878845, 0.05986788496375084]
[0.7344958186149597, 0.23906618356704712, 0.026437966153025627]
[0.012906202115118504, 0.25955072045326233, 0.7275430560112]
[0.4090045392513275, 0.43695199489593506, 0.15404349565505981]
[0.24230116605758667, 0.531308114528656, 0.22639063000679016]
[0.5771389603614807, 0.3758297264575958, 0.04703129082918167]
[0.3325973451137543, 0.6072937250137329, 0.06010892242193222]
[0.2834301292896271, 0.5500115752220154, 0.16655825078487396]
[0.494036465883255, 0.44575607776641846, 0.06020745635032654]
[0.7041934728622437, 0.26858940720558167, 0.027217214927077293]
[0.08489719778299332, 0.5223417282104492, 0.3927610218524933]
[0.3288073241710663, 0.4596759080886841, 0.2115168273448944]
[0.057670947164297104, 0.2761811316013336, 0.6661479473114014]
[0.18417134881019592, 0.5899915099143982, 0.22583717107772827]
[0.4098149836063385, 0.44952401518821716, 0.14066104590892792]
[0.04328170791268349, 0.26230430603027344, 0.694413959980011]
[0.010009902529418468, 0.10237333923578262, 0.8876168131828308]
[0.2268868088722229, 0.5287693738937378, 0.2443438321352005]
[0.6173361539840698, 0.30251801013946533, 0.08014590293169022]
[0.1769905984401703, 0.6130792498588562, 0.20993007719516754]
[0.0129599804058671, 0.14838092029094696, 0.8386591076850891]
[0.07375133037567139, 0.39409685134887695, 0.5321518182754517]
[0.2848008871078491, 0.6278935670852661, 0.08730550110340118]
[0.013632308691740036, 0.1351260244846344, 0.8512417078018188]
[0.03845471888780594, 0.3411862254142761, 0.6203590631484985]
[0.49646705389022827, 0.4295544922351837, 0.07397844642400742]
[0.553941547870636, 0.35623699426651, 0.08982149511575699]
[0.35508066415786743, 0.4067147970199585, 0.2382044792175293]
[0.2589656710624695, 0.6120238304138184, 0.12901052832603455]
[0.688615620136261, 0.2786475419998169, 0.03273685649037361]
[0.20271854102611542, 0.536094605922699, 0.261186808347702]
[0.7890700697898865, 0.16665373742580414, 0.04427613690495491]
[0.44945454597473145, 0.41430458426475525, 0.1362408995628357]
[0.36922407150268555, 0.5701325535774231, 0.06064334511756897]
[0.4036724865436554, 0.516114354133606, 0.08021318912506104]
[0.33232417702674866, 0.5941085815429688, 0.07356724888086319]
[0.5812833309173584, 0.37543848156929016, 0.04327819123864174]
[0.4652034342288971, 0.4192393720149994, 0.1155572384595871]
[0.4871419072151184, 0.4148733913898468, 0.09798470884561539]
[0.19031758606433868, 0.571816086769104, 0.2378663420677185]
[0.6898940801620483, 0.2766294777393341, 0.03347643464803696]
[0.11926145106554031, 0.35726720094680786, 0.5234713554382324]
[0.6856030821800232, 0.275167316198349, 0.03922960162162781]
[0.7068977952003479, 0.27340635657310486, 0.019695816561579704]
[0.714482843875885, 0.2529285252094269, 0.03258863091468811]
[0.024552633985877037, 0.3348950147628784, 0.6405524015426636]
[0.09598508477210999, 0.753141462802887, 0.15087345242500305]
[0.027239937335252762, 0.22759054601192474, 0.7451695203781128]
[0.026672914624214172, 0.5125983357429504, 0.4607287049293518]
[0.029942667111754417, 0.5787879824638367, 0.391269326210022]
[0.708747923374176, 0.26920390129089355, 0.02204815298318863]
[0.1252150535583496, 0.5767187476158142, 0.2980661392211914]
[0.00923988502472639, 0.14236105978488922, 0.8483989834785461]
[0.2216317504644394, 0.5403910279273987, 0.2379772663116455]
[0.18330343067646027, 0.6393532156944275, 0.1773434281349182]
[0.6108763813972473, 0.34443920850753784, 0.044684357941150665]
[0.2569819390773773, 0.5850598216056824, 0.15795819461345673]
[0.009630422107875347, 0.11244786530733109, 0.8779217600822449]
[0.57728111743927, 0.3530225455760956, 0.06969637423753738]
[0.16100917756557465, 0.49127069115638733, 0.3477202355861664]
[0.1293090283870697, 0.7689807415008545, 0.1017102375626564]
[0.02743411436676979, 0.21314212679862976, 0.7594237923622131]
[0.029079284518957138, 0.42672258615493774, 0.5441981554031372]
[0.5018066167831421, 0.39619362354278564, 0.10199974477291107]
[0.1581168919801712, 0.4311385750770569, 0.4107445180416107]
[0.02457970380783081, 0.08777937293052673, 0.8876409530639648]
[0.514868438243866, 0.4092271625995636, 0.07590444386005402]
[0.08282172679901123, 0.4488118290901184, 0.46836644411087036]
[0.9237048625946045, 0.07034777849912643, 0.00594733003526926]
[0.3832021951675415, 0.5012247562408447, 0.11557310074567795]
[0.49492958188056946, 0.44814106822013855, 0.05692939832806587]
[0.008468006737530231, 0.08994360268115997, 0.9015883803367615]
[0.41987159848213196, 0.45706236362457275, 0.12306607514619827]
[0.14942309260368347, 0.4949771761894226, 0.3555997610092163]
[0.07151011377573013, 0.37143707275390625, 0.5570527911186218]
[0.06641635298728943, 0.35304349660873413, 0.5805401802062988]
[0.013775987550616264, 0.1506911665201187, 0.8355328440666199]
[0.060735106468200684, 0.6451440453529358, 0.2941208481788635]
[0.012018825858831406, 0.16655416786670685, 0.8214269876480103]
[0.01697223074734211, 0.24842272698879242, 0.734605073928833]
[0.023842159658670425, 0.4110402464866638, 0.565117597579956]
[0.7371904253959656, 0.22235076129436493, 0.04045874997973442]
[0.28062132000923157, 0.570084810256958, 0.1492938995361328]
[0.02675379067659378, 0.32632991671562195, 0.6469162702560425]
[0.5392154455184937, 0.35406842827796936, 0.10671618580818176]
[0.1604202538728714, 0.5513628125190735, 0.2882169485092163]
[0.07776307314634323, 0.3940931558609009, 0.5281437635421753]
[0.26847773790359497, 0.3680058419704437, 0.3635164201259613]
[0.0073575228452682495, 0.24409933388233185, 0.7485431432723999]
[0.0021572038531303406, 0.06013995409011841, 0.9377028346061707]
[0.01672748103737831, 0.11926577240228653, 0.864006757736206]
[0.8803539872169495, 0.11189091205596924, 0.0077551426365971565]
[0.822866678237915, 0.15944401919841766, 0.017689334228634834]
[0.7669484615325928, 0.20598287880420685, 0.027068641036748886]
[0.08886294066905975, 0.26277676224708557, 0.6483603119850159]
[0.7765851616859436, 0.18741174042224884, 0.03600304201245308]
[0.3828842043876648, 0.4515736997127533, 0.1655421257019043]
[0.04995211958885193, 0.2652088403701782, 0.6848390102386475]
[0.6382784843444824, 0.31314224004745483, 0.048579342663288116]
[0.007499929051846266, 0.053855329751968384, 0.9386447668075562]
[0.027176707983016968, 0.3497816324234009, 0.6230416893959045]
[0.10863208025693893, 0.3635995388031006, 0.5277683734893799]
[0.4933124780654907, 0.4307572543621063, 0.07593031972646713]
[0.03791819512844086, 0.3680616617202759, 0.5940201878547668]
[0.45258575677871704, 0.38825440406799316, 0.159159854054451]
[0.008090545423328876, 0.08656150847673416, 0.9053479433059692]
[0.19778427481651306, 0.4748266041278839, 0.32738903164863586]
[0.4038216769695282, 0.3515768349170685, 0.24460148811340332]
[0.4217236042022705, 0.4241231381893158, 0.1541532427072525]
[0.3733728528022766, 0.5348448753356934, 0.09178230166435242]
[0.09934695065021515, 0.5402421355247498, 0.3604108989238739]
[0.09597815573215485, 0.6230358481407166, 0.2809859812259674]
[0.4691588878631592, 0.4444110691547394, 0.08643002808094025]
[0.23022793233394623, 0.5149762630462646, 0.25479578971862793]
[0.1372508704662323, 0.4397331476211548, 0.4230160713195801]
[0.18299606442451477, 0.5116362571716309, 0.30536773800849915]
[0.7700159549713135, 0.2003680169582367, 0.029616007581353188]
[0.056921135634183884, 0.2905227839946747, 0.6525561213493347]
[0.5274731516838074, 0.3815825581550598, 0.09094426035881042]
[0.37942445278167725, 0.45444443821907043, 0.1661311686038971]
[0.559596836566925, 0.37336811423301697, 0.06703507155179977]
[0.012781512923538685, 0.3100922405719757, 0.6771262288093567]
[0.0018694768659770489, 0.09115413576364517, 0.9069763422012329]
[0.0025626635178923607, 0.05256859213113785, 0.9448687434196472]
[0.11407323181629181, 0.6510420441627502, 0.23488469421863556]
[0.5153759717941284, 0.3795282244682312, 0.1050957664847374]
[0.17608387768268585, 0.39000627398490906, 0.4339098334312439]
[0.4404970407485962, 0.4508366882801056, 0.10866636782884598]
[0.05256522819399834, 0.38450324535369873, 0.562931478023529]
[0.4502108693122864, 0.44134801626205444, 0.10844113677740097]
[0.3159444332122803, 0.37167665362358093, 0.3123788833618164]
[0.39780426025390625, 0.5390427708625793, 0.06315294653177261]
[0.2688489854335785, 0.43694552779197693, 0.2942054569721222]
[0.006381711456924677, 0.10081034898757935, 0.8928079009056091]
[0.003480053972452879, 0.048179659992456436, 0.9483402371406555]
[0.5344162583351135, 0.3189626634120941, 0.14662107825279236]
[0.014277067966759205, 0.15666373074054718, 0.8290591835975647]
[0.24917633831501007, 0.5542502999305725, 0.1965733915567398]
[0.6989170908927917, 0.25410792231559753, 0.04697496443986893]
[0.11606884002685547, 0.48771193623542786, 0.39621931314468384]
[0.7622174024581909, 0.19614973664283752, 0.041632864624261856]
[0.12735296785831451, 0.47421783208847046, 0.3984292149543762]
[0.03388335928320885, 0.1871497631072998, 0.7789669036865234]
[0.1269424706697464, 0.4125154912471771, 0.46054208278656006]
[0.019237717613577843, 0.19182021915912628, 0.7889420390129089]
[0.07847028970718384, 0.3104498088359833, 0.6110799312591553]
[0.2919827401638031, 0.3463154137134552, 0.3617018759250641]
[0.3034365475177765, 0.4822441041469574, 0.2143193930387497]
[0.7511348724365234, 0.1992616206407547, 0.04960353672504425]
[0.697041928768158, 0.2689500153064728, 0.034008048474788666]
[0.18649064004421234, 0.5922637581825256, 0.22124561667442322]
[0.11549319326877594, 0.7848040461540222, 0.09970273077487946]
[0.270568311214447, 0.38587358593940735, 0.343558132648468]
[0.40993329882621765, 0.4669972062110901, 0.12306951731443405]
[0.10899987071752548, 0.4695666432380676, 0.4214334785938263]
[0.18989893794059753, 0.49660712480545044, 0.3134939968585968]
[0.14050503075122833, 0.43221452832221985, 0.42728039622306824]
[0.20702454447746277, 0.6209932565689087, 0.17198221385478973]
[0.1206035241484642, 0.4450359046459198, 0.4343606233596802]
[0.06292102485895157, 0.7138006687164307, 0.22327828407287598]
[0.246783047914505, 0.4895241856575012, 0.26369279623031616]
[0.1855604648590088, 0.41381070017814636, 0.40062886476516724]
[0.111109659075737, 0.5340313911437988, 0.35485896468162537]
[0.42395472526550293, 0.4422253966331482, 0.13381992280483246]
[0.04116278514266014, 0.16564887762069702, 0.7931883931159973]
[0.13916900753974915, 0.41371241211891174, 0.44711852073669434]
[0.023385122418403625, 0.27114397287368774, 0.705470860004425]
[0.1722552478313446, 0.35609719157218933, 0.4716476500034332]
[0.17533281445503235, 0.47220349311828613, 0.3524637222290039]
[0.022222917526960373, 0.17668241262435913, 0.8010947108268738]
[0.12043691426515579, 0.339630126953125, 0.539932906627655]
[0.0761118084192276, 0.46710696816444397, 0.4567812383174896]
[0.17030538618564606, 0.5398521423339844, 0.289842426776886]
[0.06801286339759827, 0.7153103947639465, 0.21667683124542236]
[0.001578596537001431, 0.03147367388010025, 0.9669477343559265]
[0.08449151366949081, 0.43370547890663147, 0.4818030893802643]
[0.04630511254072189, 0.16495318710803986, 0.7887417078018188]
[0.6446906924247742, 0.305202841758728, 0.05010652914643288]
[0.4106752872467041, 0.42219969630241394, 0.16712500154972076]
[0.6368110179901123, 0.3288765251636505, 0.034312449395656586]
[0.17451030015945435, 0.43318265676498413, 0.3923071026802063]
[0.015405838377773762, 0.04640933498740196, 0.9381848573684692]
[0.022396167740225792, 0.4698794484138489, 0.507724404335022]
[0.0036640691105276346, 0.0328102633357048, 0.9635257124900818]
[0.008752153255045414, 0.027592353522777557, 0.9636555314064026]
[0.07784820348024368, 0.3095706105232239, 0.6125811338424683]
[0.26355499029159546, 0.36914151906967163, 0.3673035502433777]
[0.19449414312839508, 0.48021548986434937, 0.32529041171073914]
[0.5128039717674255, 0.45710036158561707, 0.030095618218183517]
[0.28976544737815857, 0.5974608063697815, 0.11277374625205994]
[0.1304401159286499, 0.6004454493522644, 0.2691144347190857]
[0.019177310168743134, 0.23021933436393738, 0.7506033778190613]
[0.13935406506061554, 0.5507715940475464, 0.30987435579299927]
[0.04302314296364784, 0.29841887950897217, 0.6585580110549927]
[0.8530120253562927, 0.1356857270002365, 0.011302297003567219]
[0.07472088187932968, 0.42459753155708313, 0.5006815791130066]
[0.046147383749485016, 0.261191189289093, 0.692661464214325]
[0.19913706183433533, 0.5696749091148376, 0.23118795454502106]
[0.032712697982788086, 0.19394761323928833, 0.7733396887779236]
[0.02568097971379757, 0.08877837657928467, 0.8855406641960144]
[0.016789553686976433, 0.12586529552936554, 0.8573451638221741]
[0.3063829839229584, 0.592994213104248, 0.1006227359175682]
[0.013102256692945957, 0.4969995617866516, 0.4898982644081116]
[0.008925825357437134, 0.10016008466482162, 0.8909140825271606]
[0.5232096910476685, 0.40891948342323303, 0.06787079572677612]
[0.9451568126678467, 0.04924776405096054, 0.005595389287918806]
[0.03839235380291939, 0.19599583745002747, 0.7656118273735046]
[0.3903590738773346, 0.467230886220932, 0.14241012930870056]
[0.551183819770813, 0.3742899000644684, 0.07452628016471863]
[0.004770403727889061, 0.04289552941918373, 0.9523340463638306]
[0.007526328321546316, 0.047908078879117966, 0.9445656538009644]
[0.41660159826278687, 0.47914597392082214, 0.10425243526697159]
[0.05221951752901077, 0.3718946874141693, 0.5758858323097229]
[0.1503080427646637, 0.6833778619766235, 0.16631411015987396]
[0.17005538940429688, 0.5690252780914307, 0.26091933250427246]
[0.03159665688872337, 0.20830491185188293, 0.760098397731781]
[0.05322954058647156, 0.4941083490848541, 0.45266205072402954]
[0.5276080965995789, 0.4027421176433563, 0.06964985281229019]
[0.04757353290915489, 0.27222827076911926, 0.6801981925964355]
[0.014133564196527004, 0.10775014013051987, 0.8781163096427917]
[0.05010364577174187, 0.514205813407898, 0.43569043278694153]
[0.4028402268886566, 0.5337381958961487, 0.06342167407274246]
[0.07062016427516937, 0.3579672873020172, 0.5714125633239746]
[0.012298849411308765, 0.125729039311409, 0.8619721531867981]
[0.36105969548225403, 0.5682651996612549, 0.07067510485649109]
[0.10656583309173584, 0.5467846393585205, 0.3466494679450989]
[0.13256989419460297, 0.5542497634887695, 0.3131803572177887]
[0.183628648519516, 0.7283732891082764, 0.08799809962511063]
[0.1367747038602829, 0.2840031385421753, 0.5792221426963806]
[0.6154580116271973, 0.3174939751625061, 0.0670480728149414]
