[0.47613075375556946, 0.43084755539894104, 0.09302167594432831]
[0.462358683347702, 0.49661269783973694, 0.041028574109077454]
[0.012913648039102554, 0.16975137591362, 0.8173349499702454]
[0.006878180429339409, 0.0749918594956398, 0.9181299209594727]
[0.14650042355060577, 0.4481244683265686, 0.40537509322166443]
[0.7868030667304993, 0.19410958886146545, 0.019087282940745354]
[0.10059206932783127, 0.5882420539855957, 0.3111659288406372]
[0.040184877812862396, 0.2743181884288788, 0.6854969263076782]
[0.09691432118415833, 0.47158533334732056, 0.4315003454685211]
[0.5080480575561523, 0.42526066303253174, 0.06669124215841293]
[0.3283624053001404, 0.45486482977867126, 0.21677272021770477]
[0.17947614192962646, 0.47682344913482666, 0.3437003791332245]
[0.6308428645133972, 0.26624006032943726, 0.10291707515716553]
[0.28927940130233765, 0.5995256304740906, 0.11119502782821655]
[0.46963876485824585, 0.36849984526634216, 0.16186131536960602]
[0.1858266144990921, 0.369198203086853, 0.4449752867221832]
[0.49148276448249817, 0.42800939083099365, 0.08050786703824997]
[0.21899619698524475, 0.5313050746917725, 0.24969877302646637]
[0.7864876389503479, 0.19417530298233032, 0.019337033852934837]
[0.564003586769104, 0.35593098402023315, 0.08006541430950165]
[0.6363740563392639, 0.2993965446949005, 0.06422940641641617]
[0.39118078351020813, 0.47474315762519836, 0.1340761035680771]
[0.06411140412092209, 0.34453675150871277, 0.5913518071174622]
[0.08840541541576385, 0.47852930426597595, 0.4330653250217438]
[0.8053960204124451, 0.17575408518314362, 0.01884986273944378]
[0.42054054141044617, 0.4977627098560333, 0.08169672638177872]
[0.3480619192123413, 0.4827418923377991, 0.16919612884521484]
[0.05083322525024414, 0.42128583788871765, 0.5278809070587158]
[0.07988258451223373, 0.5967759490013123, 0.3233414888381958]
[0.008959786035120487, 0.2491377890110016, 0.7419024705886841]
[0.16424930095672607, 0.3621004819869995, 0.473650187253952]
[0.9467083215713501, 0.04866157844662666, 0.004630174487829208]
[0.1781187504529953, 0.5067831873893738, 0.3150980770587921]
[0.04258115217089653, 0.37980687618255615, 0.5776119232177734]
[0.8999198079109192, 0.09016194194555283, 0.009918291121721268]
[0.029751505702733994, 0.10524190217256546, 0.8650065660476685]
[0.540386974811554, 0.35072004795074463, 0.10889294743537903]
[0.685602068901062, 0.2669115364551544, 0.04748643934726715]
[0.792585551738739, 0.17947626113891602, 0.02793820947408676]
[0.5855937600135803, 0.336434006690979, 0.07797221839427948]
[0.18287308514118195, 0.7160601615905762, 0.10106676816940308]
[0.04837619513273239, 0.38120514154434204, 0.5704187154769897]
[0.0872248113155365, 0.5931108593940735, 0.3196642994880676]
[0.04995269700884819, 0.1420135796070099, 0.8080337643623352]
[0.046742409467697144, 0.33500048518180847, 0.6182571053504944]
[0.20653052628040314, 0.40250396728515625, 0.39096543192863464]
[0.004138922318816185, 0.06278858333826065, 0.9330724477767944]
[0.17402052879333496, 0.3542948067188263, 0.47168460488319397]
[0.079594187438488, 0.3539865016937256, 0.5664193034172058]
