[0.013254865072667599, 0.2713351249694824, 0.7154099941253662]
[0.45382899045944214, 0.42503032088279724, 0.12114060670137405]
[0.882361114025116, 0.10646270960569382, 0.011176172643899918]
[0.016539588570594788, 0.1493845283985138, 0.8340758681297302]
[0.0034359667915850878, 0.06556203961372375, 0.9310019612312317]
[0.058465730398893356, 0.2638471722602844, 0.6776871085166931]
[0.4894089698791504, 0.36618101596832275, 0.14440996944904327]
[0.42835530638694763, 0.4770132005214691, 0.09463151544332504]
[0.04525040090084076, 0.3868645429611206, 0.5678850412368774]
[0.36769944429397583, 0.5896545648574829, 0.04264600947499275]
[0.006882816553115845, 0.09644765406847, 0.8966695070266724]
[0.004721830133348703, 0.03498329222202301, 0.9602949023246765]
[0.09023252874612808, 0.5728868246078491, 0.336880624294281]
[0.09552585333585739, 0.6995322108268738, 0.20494191348552704]
[0.18450167775154114, 0.48135414719581604, 0.3341441750526428]
[0.021483734250068665, 0.24011249840259552, 0.7384037971496582]
[0.04560544714331627, 0.23036962747573853, 0.7240249514579773]
[0.06039341166615486, 0.1878768652677536, 0.7517296671867371]
[0.02792179025709629, 0.3221505284309387, 0.6499277353286743]
[0.048734307289123535, 0.4083079397678375, 0.5429577827453613]
[0.008310539647936821, 0.2689165771007538, 0.7227728962898254]
[0.12492233514785767, 0.600522518157959, 0.2745552062988281]
[0.10367312282323837, 0.40790024399757385, 0.4884266257286072]
[0.04055047407746315, 0.2912536859512329, 0.668195903301239]
[0.17831289768218994, 0.6505422592163086, 0.17114481329917908]
[0.13391947746276855, 0.699118435382843, 0.16696210205554962]
[0.3155856430530548, 0.4194066524505615, 0.26500773429870605]
[0.004712461028248072, 0.09114068001508713, 0.9041469097137451]
[0.003913807682693005, 0.1844276636838913, 0.8116585612297058]
[0.009055880829691887, 0.05439091473817825, 0.9365532398223877]
[0.5434643626213074, 0.4001379609107971, 0.05639767274260521]
[0.16012528538703918, 0.5952017903327942, 0.24467292428016663]
[0.005399986635893583, 0.16356581449508667, 0.8310341835021973]
[0.00544015085324645, 0.09283795207738876, 0.9017218947410583]
[0.09722702205181122, 0.6293822526931763, 0.2733907103538513]
[0.028131434693932533, 0.29257580637931824, 0.6792927384376526]
[0.5698737502098083, 0.3394761085510254, 0.09065008163452148]
[0.5635776519775391, 0.3849024772644043, 0.051519908010959625]
[0.12656165659427643, 0.5186201930046082, 0.3548181354999542]
[0.11679736524820328, 0.3810919523239136, 0.5021106600761414]
[0.42267370223999023, 0.4573175013065338, 0.12000876665115356]
[0.004306760150939226, 0.028399569913744926, 0.9672936797142029]
[0.026272160932421684, 0.2056223452091217, 0.7681054472923279]
[0.016879212111234665, 0.11511022597551346, 0.8680105805397034]
[0.02423517405986786, 0.11902717500925064, 0.8567376732826233]
[0.46444249153137207, 0.359378457069397, 0.17617903649806976]
[0.012711098417639732, 0.07376492768526077, 0.9135240316390991]
[0.07092924416065216, 0.20610538125038147, 0.72296541929245]
[0.008021930232644081, 0.09882340580224991, 0.8931546807289124]
[0.08619628101587296, 0.3535877764225006, 0.560215950012207]
[0.4280446171760559, 0.4255470931529999, 0.146408349275589]
[0.10673696547746658, 0.6204004883766174, 0.2728625535964966]
[0.6151028871536255, 0.28457388281822205, 0.10032322257757187]
[0.11138302832841873, 0.6182441115379333, 0.2703728973865509]
[0.015316125936806202, 0.28952664136886597, 0.6951572299003601]
[0.2638244926929474, 0.49713975191116333, 0.23903577029705048]
[0.4442061185836792, 0.42313727736473083, 0.13265655934810638]
[0.01947508566081524, 0.14896126091480255, 0.8315636515617371]
[0.01509373914450407, 0.08047071844339371, 0.9044355154037476]
[0.04448828101158142, 0.2405751645565033, 0.7149365544319153]
[0.03445476293563843, 0.16852903366088867, 0.7970162034034729]
[0.005543787498027086, 0.04341600835323334, 0.9510401487350464]
[0.012477830052375793, 0.08580337464809418, 0.90171879529953]
[0.5299931168556213, 0.36517155170440674, 0.10483531653881073]
[0.5713066458702087, 0.3419780731201172, 0.0867152288556099]
[0.011219053529202938, 0.1517789512872696, 0.8370019793510437]
[0.10930284112691879, 0.5577799081802368, 0.3329172432422638]
[0.06594809144735336, 0.3033377230167389, 0.6307141780853271]
[0.2529122829437256, 0.5534500479698181, 0.19363762438297272]
[0.025503426790237427, 0.44720402359962463, 0.5272924900054932]
[0.15078501403331757, 0.6691003441810608, 0.18011461198329926]
[0.2678791880607605, 0.6033617854118347, 0.12875905632972717]
[0.23081772029399872, 0.44855430722236633, 0.320627897977829]
[0.29186564683914185, 0.562086284160614, 0.14604803919792175]
[0.23623570799827576, 0.4249602258205414, 0.3388040065765381]
[0.03170730546116829, 0.29089024662971497, 0.6774024367332458]
[0.7224758863449097, 0.23669828474521637, 0.04082586616277695]
[0.13741137087345123, 0.49420464038848877, 0.3683840036392212]
[0.015828600153326988, 0.629119336605072, 0.35505202412605286]
[0.3068373501300812, 0.4969659447669983, 0.1961967647075653]
[0.4035397171974182, 0.5122608542442322, 0.08419933915138245]
[0.00698365643620491, 0.05354759842157364, 0.9394688010215759]
[0.0052102613262832165, 0.045126207172870636, 0.9496635794639587]
