[0.36248520016670227, 0.48744064569473267, 0.15007412433624268]
[0.015271750278770924, 0.18323518335819244, 0.8014931082725525]
[0.015745189040899277, 0.19893746078014374, 0.7853173613548279]
[0.019143689423799515, 0.6838133931159973, 0.29704293608665466]
[0.3042052984237671, 0.5004858374595642, 0.19530881941318512]
[0.38711413741111755, 0.4882112741470337, 0.12467458099126816]
[0.08710405975580215, 0.7126638293266296, 0.20023204386234283]
[0.02251603826880455, 0.2525408864021301, 0.7249430418014526]
[0.21697242558002472, 0.6481512784957886, 0.13487620651721954]
[0.22160878777503967, 0.5444098711013794, 0.23398134112358093]
[0.4513968825340271, 0.4685612618923187, 0.08004190027713776]
[0.07953350245952606, 0.34937652945518494, 0.5710899829864502]
[0.027390196919441223, 0.40654900670051575, 0.5660607814788818]
[0.014310927130281925, 0.1838327795267105, 0.8018563389778137]
[0.04124303534626961, 0.2917373776435852, 0.6670195460319519]
[0.06596893072128296, 0.47189369797706604, 0.4621374011039734]
[0.033085405826568604, 0.1603834629058838, 0.8065311312675476]
[0.001597283291630447, 0.020770246163010597, 0.9776325225830078]
[0.02499489113688469, 0.07537520676851273, 0.8996298909187317]
[0.024879664182662964, 0.30882135033607483, 0.6662989854812622]
[0.011627833358943462, 0.10620614886283875, 0.8821659684181213]
[0.0012235798640176654, 0.010457676835358143, 0.988318681716919]
