[0.7561723589897156, 0.21195904910564423, 0.03186865150928497]
[0.5133610963821411, 0.40127289295196533, 0.08536597341299057]
[0.8363600969314575, 0.1526351422071457, 0.01100483350455761]
[0.8862918615341187, 0.10665633529424667, 0.007051782216876745]
[0.8606326580047607, 0.13143454492092133, 0.007932739332318306]
[0.2939753532409668, 0.5668556094169617, 0.13916897773742676]
[0.2033749222755432, 0.3318072259426117, 0.4648178219795227]
[0.03312550485134125, 0.5870261788368225, 0.37984833121299744]
[0.10108282417058945, 0.6475564241409302, 0.25136077404022217]
[0.07504633814096451, 0.46832355856895447, 0.4566301107406616]
[0.578514814376831, 0.3833842873573303, 0.03810093551874161]
[0.20124047994613647, 0.41668862104415894, 0.3820708692073822]
[0.2838459312915802, 0.5780067443847656, 0.1381472796201706]
[0.3665565252304077, 0.5747425556182861, 0.05870088189840317]
[0.7110152244567871, 0.25906187295913696, 0.029922906309366226]
[0.16082246601581573, 0.4849252700805664, 0.35425230860710144]
[0.1858169287443161, 0.7129372954368591, 0.10124572366476059]
[0.16733604669570923, 0.7347174286842346, 0.09794650971889496]
[0.3226877450942993, 0.6041052341461182, 0.07320701330900192]
[0.38055795431137085, 0.587817370891571, 0.031624626368284225]
[0.5626991391181946, 0.4073433578014374, 0.029957517981529236]
[0.30911627411842346, 0.5345402956008911, 0.1563434898853302]
[0.49837806820869446, 0.4298025369644165, 0.07181929051876068]
[0.01991499587893486, 0.49235981702804565, 0.487725168466568]
[0.16506099700927734, 0.5173707008361816, 0.31756827235221863]
[0.7324475646018982, 0.2447533905506134, 0.02279907651245594]
[0.16669632494449615, 0.3910512626171112, 0.4422524869441986]
[0.5601311326026917, 0.3660832643508911, 0.07378558814525604]
[0.5251690149307251, 0.40899279713630676, 0.06583813577890396]
[0.8008905053138733, 0.186336487531662, 0.012772989459335804]
[0.20924924314022064, 0.6065105199813843, 0.18424025177955627]
[0.5024687051773071, 0.42186450958251953, 0.07566680759191513]
[0.005675196647644043, 0.06613791733980179, 0.9281868934631348]
[0.014012149535119534, 0.14370228350162506, 0.8422855138778687]
[0.4334886372089386, 0.5129927396774292, 0.053518544882535934]
[0.2586912214756012, 0.6490784287452698, 0.09223035722970963]
[0.2673191726207733, 0.6469027400016785, 0.08577803522348404]
[0.5310813188552856, 0.43785950541496277, 0.03105923905968666]
[0.7039332389831543, 0.28050878643989563, 0.015557896345853806]
[0.1554103046655655, 0.753633975982666, 0.0909556895494461]
[0.752194881439209, 0.2400617152452469, 0.0077434140257537365]
[0.3562929630279541, 0.5415380597114563, 0.10216900706291199]
[0.5856561064720154, 0.3633439838886261, 0.05099988728761673]
[0.16790616512298584, 0.6513659954071045, 0.18072785437107086]
