[0.006283322814851999, 0.028362177312374115, 0.9653545022010803]
[0.12298145145177841, 0.6367498636245728, 0.24026870727539062]
[0.8899103403091431, 0.10219438374042511, 0.007895266637206078]
[0.061478391289711, 0.8817815184593201, 0.05674007907509804]
[0.00300967856310308, 0.07664849609136581, 0.9203417897224426]
[0.10604290664196014, 0.6894094944000244, 0.20454759895801544]
[0.49445784091949463, 0.41960930824279785, 0.08593278378248215]
[0.025084396824240685, 0.2274334579706192, 0.747482180595398]
[0.07590103894472122, 0.6141945123672485, 0.30990442633628845]
[0.30129414796829224, 0.526183009147644, 0.1725228875875473]
[0.005341724958270788, 0.032012827694416046, 0.9626454710960388]
[0.019789399579167366, 0.10303347557783127, 0.8771771192550659]
[0.007303633727133274, 0.053592097014188766, 0.9391042590141296]
[0.014848103746771812, 0.15374422073364258, 0.8314076662063599]
[0.13159050047397614, 0.7197585105895996, 0.14865092933177948]
[0.10261287540197372, 0.7873926162719727, 0.10999448597431183]
[0.1643388420343399, 0.5563098192214966, 0.2793513834476471]
[0.002706489060074091, 0.04745152220129967, 0.9498419761657715]
[0.4154418110847473, 0.4531315267086029, 0.1314266473054886]
[0.785969614982605, 0.19015710055828094, 0.023873303085565567]
[0.03560692071914673, 0.3984173536300659, 0.5659757256507874]
[0.2767622768878937, 0.621551513671875, 0.10168617218732834]
[0.6744577884674072, 0.2867783308029175, 0.03876388818025589]
[0.4412757456302643, 0.3898296654224396, 0.16889454424381256]
[0.4183409512042999, 0.4148160219192505, 0.16684302687644958]
[0.696812093257904, 0.26016274094581604, 0.04302521422505379]
[0.22576503455638885, 0.5495752692222595, 0.22465969622135162]
[0.052274130284786224, 0.6311410665512085, 0.3165847659111023]
[0.06887587904930115, 0.3362237811088562, 0.5949003100395203]
[0.035479284822940826, 0.39323484897613525, 0.5712858438491821]
[0.05024440586566925, 0.756282389163971, 0.19347317516803741]
[0.15645745396614075, 0.5495704412460327, 0.2939721643924713]
[0.6990378499031067, 0.23881149291992188, 0.062150683254003525]
[0.15789717435836792, 0.6054649353027344, 0.2366378903388977]
[0.8635829091072083, 0.12909190356731415, 0.007325205486267805]
[0.7326995730400085, 0.2432199865579605, 0.02408047951757908]
[0.3582029640674591, 0.5807676911354065, 0.06102931872010231]
[0.09797961264848709, 0.4573022127151489, 0.4447181820869446]
[0.485714316368103, 0.4573776125907898, 0.056908074766397476]
[0.3615744113922119, 0.5228704214096069, 0.11555513739585876]
[0.006863502319902182, 0.20945119857788086, 0.7836852669715881]
[0.3474743068218231, 0.5509980916976929, 0.10152758657932281]
[0.1718759536743164, 0.5289540886878967, 0.29916998744010925]
[0.10746299475431442, 0.4330756366252899, 0.4594614505767822]
[0.27064085006713867, 0.6952342987060547, 0.034124813973903656]
[0.33724746108055115, 0.6023062467575073, 0.060446251183748245]
[0.37241920828819275, 0.5682719349861145, 0.05930889770388603]
[0.4979906678199768, 0.430695116519928, 0.07131428271532059]
[0.00415574898943305, 0.14282585680484772, 0.8530183434486389]
[0.02060091868042946, 0.2207617163658142, 0.7586374282836914]
[0.438818097114563, 0.5234771370887756, 0.037704698741436005]
[0.09262186288833618, 0.7876575589179993, 0.11972057819366455]
[0.3474659323692322, 0.525773823261261, 0.12676028907299042]
[0.7030254006385803, 0.22934721410274506, 0.06762741506099701]
[0.6662924289703369, 0.2988167405128479, 0.03489093855023384]
[0.5611987709999084, 0.377143919467926, 0.06165728718042374]
[0.12622752785682678, 0.48868322372436523, 0.38508930802345276]
[0.0629991814494133, 0.41317132115364075, 0.523829460144043]
[0.6254333257675171, 0.3069610595703125, 0.0676056370139122]
[0.045612726360559464, 0.6588612198829651, 0.2955261170864105]
[0.25256308913230896, 0.679562509059906, 0.06787437945604324]
[0.22917266190052032, 0.645603597164154, 0.12522368133068085]
[0.5439032316207886, 0.4182133376598358, 0.03788333758711815]
[0.04833577945828438, 0.5728722810745239, 0.3787919282913208]
[0.03549683839082718, 0.22199927270412445, 0.7425039410591125]
[0.04555239900946617, 0.6913962364196777, 0.26305142045021057]
[0.051474038511514664, 0.2618845999240875, 0.6866413354873657]
[0.3735407292842865, 0.49584320187568665, 0.13061600923538208]
[0.0931491032242775, 0.5878729820251465, 0.31897786259651184]
[0.0808771550655365, 0.3201897144317627, 0.598933219909668]
[0.1939152330160141, 0.49793681502342224, 0.30814802646636963]
[0.11501975357532501, 0.4458015263080597, 0.4391787350177765]
[0.7088330388069153, 0.23611465096473694, 0.055052321404218674]
[0.2389245331287384, 0.4910222887992859, 0.2700531780719757]
[0.6213955283164978, 0.29086628556251526, 0.08773820102214813]
[0.7481487989425659, 0.22398518025875092, 0.027866026386618614]
[0.025100693106651306, 0.32857245206832886, 0.6463268995285034]
[0.28058645129203796, 0.46395283937454224, 0.2554606795310974]
[0.08553406596183777, 0.5982756018638611, 0.31619033217430115]
[0.00967005267739296, 0.15491820871829987, 0.8354117274284363]
[0.024039151147007942, 0.15013764798641205, 0.825823187828064]
[0.18690375983715057, 0.4828590452671051, 0.33023715019226074]
[0.9410174489021301, 0.05464254319667816, 0.00433995621278882]
[0.5674900412559509, 0.39171820878982544, 0.040791697800159454]
[0.6238753795623779, 0.35076773166656494, 0.025356914848089218]
[0.11168096959590912, 0.5865207314491272, 0.30179834365844727]
[0.02740226499736309, 0.173391193151474, 0.799206554889679]
[0.05579027161002159, 0.44715431332588196, 0.49705544114112854]
[0.4673116207122803, 0.45263075828552246, 0.08005760610103607]
[0.22989024221897125, 0.38501980900764465, 0.3850899636745453]
[0.6727091073989868, 0.27956053614616394, 0.04773036018013954]
[0.07242423295974731, 0.6623407602310181, 0.265235036611557]
[0.16342763602733612, 0.6646875143051147, 0.17188486456871033]
[0.04902702942490578, 0.511847734451294, 0.4391252398490906]
[0.020253146067261696, 0.17639976739883423, 0.8033470511436462]
[0.0025678600650280714, 0.04668569192290306, 0.950746476650238]
[0.05095597729086876, 0.20920923352241516, 0.7398347854614258]
[0.6360101103782654, 0.28228330612182617, 0.08170658349990845]
[0.05142690986394882, 0.37955206632614136, 0.5690210461616516]
[0.10262469202280045, 0.4570826292037964, 0.4402926564216614]
[0.34087613224983215, 0.5692873001098633, 0.08983650803565979]
[0.00558870704844594, 0.30117300152778625, 0.6932382583618164]
[0.21458199620246887, 0.6991061568260193, 0.08631182461977005]
[0.1709318906068802, 0.6990178823471069, 0.13005025684833527]
[0.008163237012922764, 0.5603446960449219, 0.4314921200275421]
[0.48894116282463074, 0.43803542852401733, 0.0730234831571579]
[0.3873840868473053, 0.4996570348739624, 0.11295882612466812]
[0.854725182056427, 0.13531924784183502, 0.009955566376447678]
[0.3012388348579407, 0.3561369776725769, 0.3426241874694824]
[0.03569982200860977, 0.22900770604610443, 0.7352924942970276]
[0.0035199320409446955, 0.07894900441169739, 0.9175311326980591]
[0.06206450238823891, 0.3126758933067322, 0.6252596378326416]
[0.0621068961918354, 0.23370851576328278, 0.7041846513748169]
[0.1009444072842598, 0.48152729868888855, 0.41752830147743225]
[0.09943157434463501, 0.27060431241989136, 0.6299640536308289]
[0.04486986994743347, 0.30228811502456665, 0.6528420448303223]
[0.01435727160423994, 0.21242564916610718, 0.7732170820236206]
[0.006673491559922695, 0.17586193978786469, 0.8174645900726318]
[0.07526195049285889, 0.6176254749298096, 0.30711257457733154]
[0.001432251650840044, 0.027646420523524284, 0.9709213376045227]
[0.15325292944908142, 0.42792588472366333, 0.41882121562957764]
[0.28966274857521057, 0.537846565246582, 0.17249071598052979]
[0.7165027260780334, 0.2669091820716858, 0.01658809185028076]
[0.46000173687934875, 0.49791771173477173, 0.042080558836460114]
[0.43495795130729675, 0.5052390098571777, 0.059802986681461334]
[0.4257686734199524, 0.5090649724006653, 0.06516639143228531]
[0.4982677102088928, 0.43232378363609314, 0.06940852850675583]
[0.04069659858942032, 0.13617552816867828, 0.8231278657913208]
[0.0011696162400767207, 0.04596651345491409, 0.9528639316558838]
[0.0016137341735884547, 0.16779646277427673, 0.830589771270752]
[0.003226619213819504, 0.07174105197191238, 0.925032377243042]
[0.3439440131187439, 0.48658204078674316, 0.16947399079799652]
[0.21611729264259338, 0.4636855721473694, 0.32019710540771484]
[0.5495073199272156, 0.38825181126594543, 0.062240827828645706]
[0.3731938302516937, 0.5101444721221924, 0.1166616678237915]
[0.10682660341262817, 0.4355756342411041, 0.4575978219509125]
[0.20446081459522247, 0.6328221559524536, 0.1627170294523239]
[0.4070771038532257, 0.5001717209815979, 0.09275108575820923]
[0.2791576683521271, 0.6174595355987549, 0.10338272899389267]
[0.2488747537136078, 0.6612114906311035, 0.08991371095180511]
[0.08863424509763718, 0.7924819588661194, 0.11888380348682404]
[0.43036019802093506, 0.5208122730255127, 0.04882754758000374]
[0.14602169394493103, 0.39989495277404785, 0.4540833532810211]
[0.7250205278396606, 0.26211780309677124, 0.012861685827374458]
[0.5118259787559509, 0.46823957562446594, 0.019934391602873802]
[0.5051236748695374, 0.4277597963809967, 0.06711652129888535]
[0.5274573564529419, 0.4231780171394348, 0.049364618957042694]
[0.04863738268613815, 0.7138245701789856, 0.23753803968429565]
[0.21580110490322113, 0.6824122667312622, 0.10178665816783905]
[0.04690319672226906, 0.48853734135627747, 0.46455952525138855]
[0.3053044080734253, 0.6102638840675354, 0.08443175256252289]
[0.014329629950225353, 0.4211869537830353, 0.5644834041595459]
[0.07501768320798874, 0.35409846901893616, 0.5708839297294617]
[0.6313003301620483, 0.2871532440185547, 0.08154638856649399]
[0.21717971563339233, 0.6057864427566528, 0.17703388631343842]
[0.8295156955718994, 0.16019710898399353, 0.010287199169397354]
[0.6237744688987732, 0.34932196140289307, 0.026903480291366577]
[0.19414721429347992, 0.4721837043762207, 0.3336690664291382]
[0.6279597878456116, 0.3326745629310608, 0.03936571627855301]
[0.059857968240976334, 0.28852254152297974, 0.6516194939613342]
[0.049687594175338745, 0.5185368657112122, 0.4317755103111267]
[0.10901452600955963, 0.530066967010498, 0.36091849207878113]
[0.10028088837862015, 0.49011754989624023, 0.4096015691757202]
[0.1915469467639923, 0.5214181542396545, 0.2870348393917084]
[0.42664727568626404, 0.4442763328552246, 0.12907637655735016]
[0.3394985795021057, 0.5523765087127686, 0.10812494903802872]
[0.1297869235277176, 0.7560037970542908, 0.11420932412147522]
[0.4033564031124115, 0.522391676902771, 0.07425196468830109]
[0.5432336330413818, 0.39560914039611816, 0.06115727871656418]
[0.07244449108839035, 0.25710147619247437, 0.6704540848731995]
[0.7497116923332214, 0.20255613327026367, 0.047732166945934296]
[0.5122642517089844, 0.38530030846595764, 0.10243545472621918]
[0.6150656342506409, 0.29497718811035156, 0.08995720744132996]
[0.9171012043952942, 0.07203152775764465, 0.010867346078157425]
[0.36959508061408997, 0.4279908239841461, 0.20241406559944153]
[0.5058778524398804, 0.37015777826309204, 0.1239643394947052]
[0.23344503343105316, 0.5341744422912598, 0.23238049447536469]
[0.16588233411312103, 0.39326682686805725, 0.4408508241176605]
[0.024170828983187675, 0.3515378534793854, 0.6242913007736206]
[0.12118206918239594, 0.35398784279823303, 0.5248301029205322]
[0.06311111152172089, 0.20106682181358337, 0.7358220219612122]
[0.37177735567092896, 0.5614901781082153, 0.06673240661621094]
[0.6583309173583984, 0.3250366449356079, 0.01663241907954216]
[0.4084758758544922, 0.5525459051132202, 0.03897828981280327]
[0.2871667146682739, 0.6223989725112915, 0.09043427556753159]
[0.6358692049980164, 0.3271774649620056, 0.03695330396294594]
[0.5110734105110168, 0.4481252133846283, 0.040801309049129486]
[0.3686504364013672, 0.5191271901130676, 0.11222237348556519]
[0.7737980484962463, 0.20480072498321533, 0.02140125073492527]
[0.8816666007041931, 0.11186627298593521, 0.006467170547693968]
[0.18694539368152618, 0.740483283996582, 0.07257130742073059]
[0.3215022683143616, 0.573822021484375, 0.10467574745416641]
[0.2809993624687195, 0.4774707853794098, 0.24152980744838715]
[0.002250335179269314, 0.04719396308064461, 0.9505556225776672]
[0.09062034636735916, 0.31919384002685547, 0.590185821056366]
[0.5015050768852234, 0.4397240877151489, 0.058770801872015]
[0.3856704533100128, 0.4672156274318695, 0.14711391925811768]
[0.8020307421684265, 0.16972842812538147, 0.02824082411825657]
[0.9481260776519775, 0.045578110963106155, 0.0062958793714642525]
[0.6120555400848389, 0.31191566586494446, 0.0760287493467331]
[0.5411674976348877, 0.4261525869369507, 0.03267988935112953]
[0.2000056803226471, 0.3601773977279663, 0.4398169219493866]
[0.5953532457351685, 0.3398297429084778, 0.06481696665287018]
[0.06662289053201675, 0.19402442872524261, 0.7393526434898376]
[0.05560918524861336, 0.2633216679096222, 0.6810691952705383]
[0.038996029645204544, 0.16460411250591278, 0.7963998913764954]
[0.01335230190306902, 0.1343027800321579, 0.8523448705673218]
[0.28476032614707947, 0.4924779236316681, 0.22276180982589722]
[0.031343087553977966, 0.20625755190849304, 0.7623993754386902]
[0.03085702285170555, 0.1825975775718689, 0.7865453958511353]
[0.009070215746760368, 0.09211432188749313, 0.8988154530525208]
[0.9015787839889526, 0.08781471103429794, 0.010606500320136547]
[0.43322744965553284, 0.46894383430480957, 0.09782873094081879]
[0.4438343644142151, 0.44566774368286133, 0.1104978695511818]
[0.25448471307754517, 0.5669216513633728, 0.17859366536140442]
[0.250292032957077, 0.6145035624504089, 0.13520444929599762]
[0.3630351424217224, 0.5196143388748169, 0.11735043674707413]
[0.15786926448345184, 0.5241007804870605, 0.3180300295352936]
[0.5504158139228821, 0.3777572512626648, 0.07182694226503372]
[0.22266298532485962, 0.6280657052993774, 0.1492713987827301]
[0.3556450605392456, 0.45824262499809265, 0.18611232936382294]
[0.016603372991085052, 0.10998238623142242, 0.8734142184257507]
[0.056443825364112854, 0.31805533170700073, 0.6255008578300476]
[0.06851158291101456, 0.6875807046890259, 0.24390771985054016]
[0.7453360557556152, 0.22062356770038605, 0.0340404137969017]
[0.13162946701049805, 0.45961979031562805, 0.4087507724761963]
[0.044250089675188065, 0.8077684044837952, 0.1479814201593399]
[0.19273309409618378, 0.558486819267273, 0.24878013134002686]
[0.02059842459857464, 0.2620832622051239, 0.7173182964324951]
[0.3410588502883911, 0.5721268057823181, 0.08681429177522659]
[0.24948088824748993, 0.5168315172195435, 0.23368752002716064]
[0.3741125464439392, 0.4927360713481903, 0.1331513524055481]
[0.859811544418335, 0.12925375998020172, 0.010934628546237946]
[0.10963024199008942, 0.41628333926200867, 0.4740864038467407]
[0.45827406644821167, 0.48386138677597046, 0.057864539325237274]
[0.319886177778244, 0.5377910137176514, 0.1423228681087494]
[0.5286370515823364, 0.3629995286464691, 0.10836352407932281]
[0.001929057645611465, 0.026594357565045357, 0.9714765548706055]
[0.275863915681839, 0.54863041639328, 0.1755056530237198]
[0.22170637547969818, 0.6076199412345886, 0.17067372798919678]
[0.5953104496002197, 0.3414759039878845, 0.06321366131305695]
[0.033102039247751236, 0.5550652146339417, 0.4118327796459198]
[0.053481027483940125, 0.5238717794418335, 0.4226472079753876]
[0.8918989896774292, 0.09287159144878387, 0.015229451470077038]
[0.30135393142700195, 0.6467583179473877, 0.051887694746255875]
[0.7565616369247437, 0.20490016043186188, 0.038538191467523575]
[0.5940034985542297, 0.3714945316314697, 0.03450201824307442]
[0.3102599084377289, 0.5519095659255981, 0.13783057034015656]
[0.7418642044067383, 0.23909582197666168, 0.019040009006857872]
[0.13572068512439728, 0.3957503139972687, 0.46852895617485046]
[0.07429659366607666, 0.379185289144516, 0.5465181469917297]
[0.4502120912075043, 0.45798054337501526, 0.09180732816457748]
[0.20857271552085876, 0.654791533946991, 0.13663579523563385]
[0.3496856391429901, 0.5685222148895264, 0.08179217576980591]
[0.504165530204773, 0.4388591945171356, 0.05697522684931755]
[0.900941014289856, 0.09033260494470596, 0.008726300671696663]
[0.6912072896957397, 0.28523311018943787, 0.023559557273983955]
[0.5794830918312073, 0.3596874475479126, 0.06082947924733162]
[0.043774183839559555, 0.29701027274131775, 0.65921550989151]
[0.7620638608932495, 0.21768037974834442, 0.020255746319890022]
[0.5213440656661987, 0.4036635160446167, 0.07499241083860397]
[0.038768041878938675, 0.837093710899353, 0.12413819879293442]
[0.4590783417224884, 0.48699551820755005, 0.053926195949316025]
[0.7141838669776917, 0.27010345458984375, 0.01571272686123848]
[0.5537173748016357, 0.3926703631877899, 0.05361226946115494]
[0.47562822699546814, 0.4843568205833435, 0.04001486673951149]
[0.1904837042093277, 0.5985456109046936, 0.21097078919410706]
[0.5423882007598877, 0.389803946018219, 0.06780781596899033]
[0.4810701608657837, 0.45017701387405396, 0.06875286996364594]
[0.8726102113723755, 0.1128401979804039, 0.014549502171576023]
[0.8775424361228943, 0.10908856242895126, 0.013369022868573666]
[0.11071262508630753, 0.38390031456947327, 0.5053870677947998]
[0.7122534513473511, 0.2575477063655853, 0.030198778957128525]
[0.5650032758712769, 0.3872925043106079, 0.047704149037599564]
[0.4727139472961426, 0.4000803530216217, 0.12720566987991333]
[0.28264710307121277, 0.6497719287872314, 0.06758099049329758]
[0.08561081439256668, 0.6203182935714722, 0.2940709590911865]
[0.7961453199386597, 0.18857234716415405, 0.0152824018150568]
[0.24638336896896362, 0.6058717966079712, 0.14774487912654877]
[0.6089381575584412, 0.3396756947040558, 0.05138615518808365]
[0.7342274785041809, 0.2480454295873642, 0.01772703230381012]
[0.9544504880905151, 0.04185700789093971, 0.003692427882924676]
[0.28826963901519775, 0.5711947083473206, 0.14053559303283691]
[0.31598952412605286, 0.6183534264564514, 0.06565706431865692]
[0.9148492813110352, 0.07527695596218109, 0.009873759001493454]
[0.15879346430301666, 0.7138582468032837, 0.1273483783006668]
[0.6609075665473938, 0.27460604906082153, 0.06448641419410706]
[0.4289058446884155, 0.46669113636016846, 0.1044030636548996]
[0.7039802074432373, 0.2592170834541321, 0.03680261969566345]
[0.7823570966720581, 0.19922597706317902, 0.01841692253947258]
[0.05072856694459915, 0.15379300713539124, 0.7954784035682678]
[0.7889630198478699, 0.19116348028182983, 0.01987353153526783]
[0.26895633339881897, 0.35543403029441833, 0.3756096363067627]
[0.16241109371185303, 0.6119588017463684, 0.22563005983829498]
[0.5567856431007385, 0.39060091972351074, 0.0526135079562664]
[0.677872359752655, 0.3006608188152313, 0.021466827020049095]
[0.5409311056137085, 0.3990457057952881, 0.06002311781048775]
[0.2456754744052887, 0.632463276386261, 0.1218612939119339]
[0.727567195892334, 0.21864821016788483, 0.053784627467393875]
[0.0749630555510521, 0.611009955406189, 0.31402695178985596]
[0.7577278017997742, 0.2134922593832016, 0.028779925778508186]
[0.2225988656282425, 0.6481490135192871, 0.129252091050148]
[0.2836909294128418, 0.42907217144966125, 0.28723689913749695]
[0.9077799320220947, 0.08318497240543365, 0.009035175666213036]
[0.7665169835090637, 0.19952204823493958, 0.03396095335483551]
[0.32396817207336426, 0.5830075740814209, 0.09302427619695663]
[0.05300850421190262, 0.2562803030014038, 0.690711259841919]
[0.5780177712440491, 0.3644765019416809, 0.05750580132007599]
[0.3728565275669098, 0.5358111262321472, 0.09133228659629822]
[0.5044457316398621, 0.44708946347236633, 0.0484648123383522]
[0.5404037237167358, 0.3816430866718292, 0.07795320451259613]
[0.23836496472358704, 0.5501132607460022, 0.2115217000246048]
[0.06998676806688309, 0.4883290231227875, 0.44168412685394287]
[0.011547500267624855, 0.16490527987480164, 0.8235471844673157]
[0.18182681500911713, 0.6563898324966431, 0.16178332269191742]
[0.7643290758132935, 0.22122511267662048, 0.01444571278989315]
[0.42430710792541504, 0.527824342250824, 0.04786849394440651]
[0.02663298323750496, 0.5115739107131958, 0.46179312467575073]
[0.007793124299496412, 0.12934063374996185, 0.8628662824630737]
[0.46324366331100464, 0.454984575510025, 0.08177173137664795]
[0.37151777744293213, 0.5337013006210327, 0.09478094428777695]
[0.31706807017326355, 0.5926463603973389, 0.09028555452823639]
[0.8984828591346741, 0.09168366342782974, 0.009833397343754768]
[0.5818790197372437, 0.3753504157066345, 0.04277060925960541]
[0.6659653186798096, 0.28914549946784973, 0.04488914832472801]
[0.07036414742469788, 0.27925971150398254, 0.6503761410713196]
[0.6858563423156738, 0.2872777283191681, 0.026865923777222633]
[0.19888417422771454, 0.7073396444320679, 0.09377621859312057]
[0.18295960128307343, 0.7239223718643188, 0.09311805665493011]
[0.05455479398369789, 0.35424789786338806, 0.5911972522735596]
[0.048818957060575485, 0.47517338395118713, 0.4760076105594635]
[0.046906862407922745, 0.26195254921913147, 0.6911405920982361]
