[0.040255386382341385, 0.299655556678772, 0.6600890159606934]
[0.43188828229904175, 0.4815327227115631, 0.0865790843963623]
[0.4077686369419098, 0.530286431312561, 0.06194488704204559]
[0.38140109181404114, 0.5373951196670532, 0.08120378851890564]
[0.4928322434425354, 0.4640607237815857, 0.04310706630349159]
[0.062294356524944305, 0.3263447880744934, 0.6113609075546265]
[0.1458166241645813, 0.5264210104942322, 0.3277624845504761]
[0.5844814777374268, 0.3886537551879883, 0.02686477079987526]
[0.5191767811775208, 0.44029226899147034, 0.040530893951654434]
[0.1877976655960083, 0.667174220085144, 0.14502815902233124]
[0.03547636419534683, 0.4200335741043091, 0.5444900989532471]
[0.16487112641334534, 0.5507879853248596, 0.28434085845947266]
[0.04506121575832367, 0.6581064462661743, 0.2968323230743408]
[0.42003268003463745, 0.46332651376724243, 0.11664076149463654]
[0.042134836316108704, 0.6740629076957703, 0.28380221128463745]
[0.4478364586830139, 0.49478694796562195, 0.057376667857170105]
[0.37787729501724243, 0.5786737203598022, 0.04344899207353592]
[0.09511616826057434, 0.660830020904541, 0.24405387043952942]
[0.1953102946281433, 0.7060994505882263, 0.09859028458595276]
[0.25656935572624207, 0.6942602396011353, 0.04917048290371895]
[0.619356095790863, 0.3398124575614929, 0.040831420570611954]
[0.010888890363276005, 0.1967819631099701, 0.7923291325569153]
[0.03507271781563759, 0.8479467034339905, 0.11698051542043686]
[0.11078140139579773, 0.7754806280136108, 0.11373802274465561]
[0.0443645641207695, 0.6387706995010376, 0.3168646991252899]
[0.1460680067539215, 0.7768182158470154, 0.07711383700370789]
[0.1663782298564911, 0.4947343170642853, 0.3388875424861908]
[0.529306948184967, 0.4164152443408966, 0.05427784100174904]
[0.32644331455230713, 0.6141217947006226, 0.05943490192294121]
[0.3461953401565552, 0.577982485294342, 0.07582219690084457]
[0.18998265266418457, 0.7029616832733154, 0.10705561935901642]
[0.31820598244667053, 0.5638429522514343, 0.11795108020305634]
[0.5873162746429443, 0.3730449080467224, 0.03963889554142952]
[0.4951429069042206, 0.4651515483856201, 0.039705585688352585]
[0.3021865487098694, 0.49072980880737305, 0.20708365738391876]
[0.36179372668266296, 0.3494570255279541, 0.28874918818473816]
[0.372223436832428, 0.5120577812194824, 0.11571886390447617]
[0.30111125111579895, 0.5859761238098145, 0.11291266232728958]
[0.6665555238723755, 0.2918262183666229, 0.0416182242333889]
[0.026124199852347374, 0.31494849920272827, 0.6589273810386658]
[0.27246564626693726, 0.6331044435501099, 0.09442993253469467]
[0.4270693063735962, 0.47604477405548096, 0.09688594937324524]
[0.001988278469070792, 0.11079927533864975, 0.8872124552726746]
[0.0033071881625801325, 0.02553498186171055, 0.9711578488349915]
[0.003274502232670784, 0.09413857758045197, 0.9025869369506836]
[0.7622074484825134, 0.21642251312732697, 0.021370019763708115]
[0.017762212082743645, 0.2440596967935562, 0.7381781339645386]
[0.23919670283794403, 0.33693987131118774, 0.42386341094970703]
[0.4419386684894562, 0.517607569694519, 0.040453676134347916]
[0.6465318202972412, 0.2967453896999359, 0.056722842156887054]
[0.5263330340385437, 0.4065764844417572, 0.0670904666185379]
[0.39864417910575867, 0.579586386680603, 0.021769464015960693]
[0.6932069063186646, 0.2880483567714691, 0.01874476484954357]
[0.42618677020072937, 0.5014113187789917, 0.07240189611911774]
[0.5058473348617554, 0.462153822183609, 0.031998828053474426]
[0.5785961151123047, 0.3661644458770752, 0.055239465087652206]
[0.3701314926147461, 0.4694310426712036, 0.16043740510940552]
[0.6338222026824951, 0.34184911847114563, 0.02432871051132679]
[0.07259501516819, 0.6476319432258606, 0.2797730565071106]
[0.49715420603752136, 0.4508279263973236, 0.05201786756515503]
[0.5474910736083984, 0.4074542820453644, 0.04505469650030136]
[0.3531367778778076, 0.4675474762916565, 0.1793157011270523]
[0.21421945095062256, 0.7089006304740906, 0.07687994092702866]
[0.10071814060211182, 0.8377479314804077, 0.06153400242328644]
[0.09427991509437561, 0.6712594032287598, 0.23446066677570343]
[0.3295123279094696, 0.5164238214492798, 0.15406383574008942]
[0.6546308994293213, 0.3144626319408417, 0.030906476080417633]
[0.8111578226089478, 0.17129535973072052, 0.01754683069884777]
[0.4187692105770111, 0.4922715127468109, 0.0889592170715332]
[0.5135061740875244, 0.45343732833862305, 0.03305656090378761]
[0.639893114566803, 0.316764771938324, 0.043342072516679764]
[0.8711956739425659, 0.12004836648702621, 0.00875601451843977]
[0.49084046483039856, 0.37326541543006897, 0.13589413464069366]
[0.2744213044643402, 0.6308651566505432, 0.09471343457698822]
[0.03384688124060631, 0.6109945774078369, 0.35515856742858887]
[0.686859130859375, 0.27985283732414246, 0.03328796848654747]
[0.5045810341835022, 0.4585156738758087, 0.03690333291888237]
[0.5572355389595032, 0.4047907292842865, 0.03797367215156555]
[0.23007257282733917, 0.65132737159729, 0.11860007792711258]
[0.05355191230773926, 0.3364180326461792, 0.6100299954414368]
[0.500041663646698, 0.4323666989803314, 0.0675916075706482]
[0.41292887926101685, 0.5275241732597351, 0.05954693630337715]
[0.22120758891105652, 0.45068204402923584, 0.32811039686203003]
[0.2709614932537079, 0.46851441264152527, 0.260524183511734]
[0.2069106101989746, 0.6380850076675415, 0.1550043821334839]
[0.17577780783176422, 0.65478515625, 0.16943705081939697]
[0.5732577443122864, 0.3980605900287628, 0.028681643307209015]
[0.3831360340118408, 0.5476425886154175, 0.06922140717506409]
[0.5500103831291199, 0.4032457768917084, 0.046743836253881454]
[0.48790407180786133, 0.4588790535926819, 0.0532168485224247]
[0.4570103883743286, 0.49776703119277954, 0.04522259905934334]
[0.13428643345832825, 0.7308099269866943, 0.1349036544561386]
[0.3750632703304291, 0.5323491096496582, 0.09258760511875153]
[0.005942394956946373, 0.07716110348701477, 0.9168964624404907]
[0.4562693238258362, 0.4846281111240387, 0.0591026172041893]
[0.4995768666267395, 0.44227221608161926, 0.058150872588157654]
[0.351115882396698, 0.5140952467918396, 0.1347888708114624]
[0.006590381730347872, 0.1441373974084854, 0.8492721915245056]
[0.09020669013261795, 0.7033575177192688, 0.20643582940101624]
[0.006314822006970644, 0.19135646522045135, 0.8023287057876587]
[0.5598115921020508, 0.3829742670059204, 0.057214170694351196]
[0.30071017146110535, 0.5082795023918152, 0.19101038575172424]
[0.11989007890224457, 0.5971133708953857, 0.2829965353012085]
[0.04494142159819603, 0.8919541239738464, 0.06310446560382843]
[0.25690925121307373, 0.6584157943725586, 0.08467494696378708]
[0.14447124302387238, 0.7253456711769104, 0.13018307089805603]
[0.0500560998916626, 0.5475329160690308, 0.4024110436439514]
[0.06951756030321121, 0.18571080267429352, 0.7447716593742371]
[0.04566436633467674, 0.21017111837863922, 0.7441645264625549]
[0.009367603808641434, 0.26326677203178406, 0.7273656129837036]
[0.342141330242157, 0.4565562307834625, 0.2013023942708969]
[0.011657080613076687, 0.07951571047306061, 0.9088272452354431]
[0.00879440363496542, 0.05010673403739929, 0.9410988688468933]
[0.6661149263381958, 0.28105679154396057, 0.05282823368906975]
[0.016835268586874008, 0.4608286917209625, 0.5223360061645508]
[0.022772017866373062, 0.2561980187892914, 0.7210299372673035]
[0.01511851605027914, 0.22412273287773132, 0.7607586979866028]
[0.005569288972765207, 0.06724709272384644, 0.9271836876869202]
[0.022893039509654045, 0.23683515191078186, 0.7402717471122742]
[0.015284650959074497, 0.1740870177745819, 0.8106284141540527]
[0.16510914266109467, 0.6355414986610413, 0.19934940338134766]
[0.055440861731767654, 0.21552225947380066, 0.7290368676185608]
[0.026408206671476364, 0.15550287067890167, 0.8180888891220093]
[0.015607758425176144, 0.28458842635154724, 0.6998038291931152]
[0.018070228397846222, 0.30743861198425293, 0.6744911670684814]
[0.08419951796531677, 0.5007408857345581, 0.41505956649780273]
[0.06046518683433533, 0.22008803486824036, 0.7194467186927795]
[0.3829042911529541, 0.5523974299430847, 0.0646982192993164]
[0.031573742628097534, 0.20539310574531555, 0.7630331516265869]
[0.07179867476224899, 0.6958634257316589, 0.23233790695667267]
[0.39639830589294434, 0.5557542443275452, 0.04784741625189781]
[0.10496918112039566, 0.5482082366943359, 0.3468226492404938]
[0.025231238454580307, 0.4923946261405945, 0.4823742210865021]
[0.05123281106352806, 0.33368077874183655, 0.6150863766670227]
[0.004293553996831179, 0.2843059301376343, 0.7114005088806152]
[0.009673471562564373, 0.07503338158130646, 0.9152931571006775]
[0.6912046670913696, 0.252780944108963, 0.05601436272263527]
[0.5307955145835876, 0.4229291081428528, 0.04627545177936554]
[0.008274207822978497, 0.2150856852531433, 0.7766401171684265]
[0.037095312029123306, 0.2041173130273819, 0.7587873339653015]
[0.00806415919214487, 0.21198157966136932, 0.7799543142318726]
[0.002116972813382745, 0.03319637477397919, 0.9646866321563721]
[0.004411555361002684, 0.05457787588238716, 0.941010594367981]
[0.007223646622151136, 0.07896582037210464, 0.9138105511665344]
[0.0435931421816349, 0.18018944561481476, 0.7762174010276794]
[0.031526610255241394, 0.356566458940506, 0.6119069457054138]
[0.4484196603298187, 0.43220049142837524, 0.11937984824180603]
[0.006560124456882477, 0.03175380453467369, 0.9616860747337341]
[0.12183094024658203, 0.3992100656032562, 0.4789590835571289]
[0.0041756536811590195, 0.07358991354703903, 0.9222344756126404]
[0.7573840618133545, 0.21709522604942322, 0.025520706549286842]
[0.0691465511918068, 0.5758596658706665, 0.35499370098114014]
[0.019868439063429832, 0.10411632806062698, 0.8760152459144592]
[0.09312399476766586, 0.3314136862754822, 0.5754623413085938]
[0.014676439575850964, 0.0619729645550251, 0.9233506321907043]
[0.05548211187124252, 0.31304991245269775, 0.6314679384231567]
[0.09312447160482407, 0.46511977910995483, 0.4417557716369629]
[0.1609918773174286, 0.733430802822113, 0.10557737201452255]
[0.02052607573568821, 0.5591722130775452, 0.420301616191864]
[0.0036252224817872047, 0.06327792257070541, 0.9330968856811523]
[0.3465569019317627, 0.5765355825424194, 0.07690756022930145]
[0.5306578874588013, 0.38820984959602356, 0.08113228529691696]
[0.29682958126068115, 0.5994452238082886, 0.10372518748044968]
[0.010469792410731316, 0.09755225479602814, 0.8919779062271118]
[0.029719499871134758, 0.25318726897239685, 0.717093288898468]
[0.12173466384410858, 0.4485691487789154, 0.4296962320804596]
[0.0051493593491613865, 0.016343599185347557, 0.9785070419311523]
[0.3262138366699219, 0.5602272152900696, 0.11355885863304138]
[0.002893393859267235, 0.03114236518740654, 0.9659641981124878]
[0.4926252067089081, 0.47560355067253113, 0.03177124261856079]
[0.0386323519051075, 0.37053382396698, 0.5908337831497192]
[0.09394010901451111, 0.45010489225387573, 0.45595505833625793]
[0.0907549262046814, 0.6760371327400208, 0.23320788145065308]
[0.4005270302295685, 0.5382616519927979, 0.06121129170060158]
[0.5317031145095825, 0.3776130676269531, 0.09068382531404495]
[0.18930651247501373, 0.5524013042449951, 0.25829216837882996]
[0.3569626212120056, 0.5589485168457031, 0.08408885449171066]
[0.006991881411522627, 0.027794815599918365, 0.9652132987976074]
[0.6248956322669983, 0.32708969712257385, 0.048014651983976364]
[0.0174358282238245, 0.2578757703304291, 0.7246884107589722]
[0.1618451178073883, 0.7078947424888611, 0.13026019930839539]
[0.028750834986567497, 0.2783913314342499, 0.6928578615188599]
[0.0038470467552542686, 0.04354916885495186, 0.952603816986084]
[0.034686412662267685, 0.2714278995990753, 0.6938857436180115]
[0.030942386016249657, 0.323032408952713, 0.6460251808166504]
[0.12832865118980408, 0.32560795545578003, 0.5460634231567383]
[0.0026064857374876738, 0.044476862996816635, 0.9529166221618652]
[0.14576883614063263, 0.573985755443573, 0.2802453935146332]
[0.0422266460955143, 0.4833170473575592, 0.4744563698768616]
[0.04718528315424919, 0.1729576289653778, 0.7798570990562439]
[0.08062054216861725, 0.736243724822998, 0.18313565850257874]
[0.21671833097934723, 0.6517795324325562, 0.13150210678577423]
[0.26158010959625244, 0.49324333667755127, 0.2451765239238739]
[0.5436608195304871, 0.3952986001968384, 0.06104061007499695]
[0.16476596891880035, 0.6639465689659119, 0.17128747701644897]
[0.01172847393900156, 0.1620839536190033, 0.8261875510215759]
[0.007855207659304142, 0.056767117232084274, 0.9353776574134827]
[0.1964527666568756, 0.43892475962638855, 0.36462244391441345]
[0.4299592673778534, 0.4854816198348999, 0.08455916494131088]
[0.26126712560653687, 0.6625400185585022, 0.07619281113147736]
[0.28288695216178894, 0.6662765741348267, 0.050836462527513504]
[0.1667005568742752, 0.7271660566329956, 0.10613337904214859]
[0.7386400103569031, 0.25049832463264465, 0.01086178794503212]
[0.8711041212081909, 0.12316323816776276, 0.005732640158385038]
[0.24795077741146088, 0.6855815649032593, 0.06646763533353806]
[0.6758904457092285, 0.29551446437835693, 0.028595080599188805]
[0.6933200359344482, 0.2831425368785858, 0.023537492379546165]
[0.6353065371513367, 0.32575324177742004, 0.038940202444791794]
[0.5391503572463989, 0.412087082862854, 0.04876257851719856]
[0.1373652070760727, 0.5717944502830505, 0.2908402979373932]
[0.42975914478302, 0.5363202691078186, 0.03392057493329048]
[0.3475147783756256, 0.5518606305122375, 0.10062464326620102]
[0.3423495292663574, 0.569991409778595, 0.08765913546085358]
[0.15702484548091888, 0.38880401849746704, 0.4541711211204529]
[0.44663166999816895, 0.49386492371559143, 0.05950334668159485]
[0.7139360904693604, 0.2664111256599426, 0.01965276710689068]
[0.004240293521434069, 0.03607873618602753, 0.95968097448349]
[0.44309738278388977, 0.42052027583122253, 0.13638237118721008]
[0.3418458104133606, 0.5084090828895569, 0.14974504709243774]
[0.05757518857717514, 0.36473771929740906, 0.5776870846748352]
[0.1267063170671463, 0.7235570549964905, 0.14973659813404083]
[0.8023634552955627, 0.17562220990657806, 0.022014329209923744]
[0.34061315655708313, 0.5955954194068909, 0.06379140168428421]
[0.9266427755355835, 0.06746654957532883, 0.0058906106278300285]
[0.3596186339855194, 0.4159053862094879, 0.2244759500026703]
[0.9553791284561157, 0.040357790887355804, 0.0042631058022379875]
[0.6642492413520813, 0.289974570274353, 0.0457761250436306]
[0.3234387934207916, 0.41893985867500305, 0.2576213777065277]
[0.3509747385978699, 0.4935895800590515, 0.15543565154075623]
[0.014954118058085442, 0.2180536836385727, 0.7669922709465027]
[0.2923569977283478, 0.6038466691970825, 0.10379629582166672]
[0.10379259288311005, 0.5432102084159851, 0.3529972732067108]
[0.062044356018304825, 0.17806848883628845, 0.7598870992660522]
[0.006746409460902214, 0.1487990766763687, 0.8444544672966003]
[0.33774319291114807, 0.5913911461830139, 0.07086566090583801]
[0.2607446610927582, 0.5802972912788391, 0.1589580923318863]
[0.06731323897838593, 0.4893798530101776, 0.4433068335056305]
[0.06809768080711365, 0.5471938252449036, 0.38470855355262756]
[0.4015936851501465, 0.5228398442268372, 0.07556646317243576]
[0.330790251493454, 0.5572683811187744, 0.11194134503602982]
[0.022858593612909317, 0.2722930610179901, 0.7048484086990356]
[0.5496644377708435, 0.4142889380455017, 0.03604662045836449]
[0.0813152939081192, 0.47713300585746765, 0.44155165553092957]
[0.020633984357118607, 0.26487889885902405, 0.7144870758056641]
[0.6322741508483887, 0.3236057162284851, 0.04412013292312622]
[0.36427733302116394, 0.46675601601600647, 0.1689666360616684]
[0.31333979964256287, 0.5536434650421143, 0.13301675021648407]
[0.4976623058319092, 0.43949568271636963, 0.06284192949533463]
[0.003946185111999512, 0.24987129867076874, 0.7461825609207153]
[0.4943409562110901, 0.4199930429458618, 0.08566597104072571]
[0.5062047243118286, 0.4467952847480774, 0.04699999839067459]
[0.5172979235649109, 0.4111213684082031, 0.07158061116933823]
[0.4274753928184509, 0.5089607834815979, 0.06356381624937057]
[0.7367127537727356, 0.23699215054512024, 0.026295049116015434]
[0.44021251797676086, 0.47582098841667175, 0.08396650105714798]
[0.4351809024810791, 0.464725524187088, 0.10009361058473587]
[0.09787250310182571, 0.6821411848068237, 0.21998625993728638]
[0.3786160945892334, 0.5179694890975952, 0.10341445356607437]
[0.029208768159151077, 0.33685675263404846, 0.6339343786239624]
[0.32235613465309143, 0.5760824084281921, 0.10156147181987762]
[0.22376349568367004, 0.6388367414474487, 0.13739974796772003]
[0.11513429880142212, 0.34825679659843445, 0.5366089344024658]
[0.12029458582401276, 0.40677306056022644, 0.4729323387145996]
[0.23037074506282806, 0.4717946946620941, 0.29783451557159424]
[0.3424965441226959, 0.41740453243255615, 0.24009893834590912]
[0.059740178287029266, 0.31300127506256104, 0.6272585988044739]
[0.02104361541569233, 0.13634230196475983, 0.8426140546798706]
[0.0023772832937538624, 0.027086392045021057, 0.9705362915992737]
[0.3781558573246002, 0.5278894305229187, 0.09395458549261093]
[0.06612659245729446, 0.41514888405799866, 0.5187245607376099]
[0.013162747956812382, 0.06104140728712082, 0.9257957935333252]
[0.011370870284736156, 0.10161905735731125, 0.8870100975036621]
[0.05697038769721985, 0.42751193046569824, 0.5155177116394043]
[0.15792880952358246, 0.758758008480072, 0.08331312239170074]
[0.2713903486728668, 0.5430253744125366, 0.18558424711227417]
[0.7815911173820496, 0.1918339729309082, 0.026574868708848953]
[0.012639948166906834, 0.10083401203155518, 0.8865260481834412]
[0.03618628531694412, 0.1613944172859192, 0.8024193048477173]
[0.2698878049850464, 0.5360271334648132, 0.19408507645130157]
[0.8558543920516968, 0.13279394805431366, 0.01135166548192501]
[0.09862016141414642, 0.5888834595680237, 0.3124964237213135]
[0.18884994089603424, 0.6309372782707214, 0.18021269142627716]
[0.11817871779203415, 0.4592796266078949, 0.42254164814949036]
[0.25625112652778625, 0.5392603874206543, 0.20448848605155945]
[0.16596834361553192, 0.6566900610923767, 0.17734161019325256]
[0.3040158748626709, 0.4093649089336395, 0.28661924600601196]
[0.018833445385098457, 0.2836221754550934, 0.6975443959236145]
[0.5481745600700378, 0.3967466354370117, 0.05507880821824074]
[0.37491315603256226, 0.5739478468894958, 0.05113895237445831]
[0.36356261372566223, 0.5922611355781555, 0.04417622834444046]
[0.2568901777267456, 0.46651163697242737, 0.2765982449054718]
[0.1859937459230423, 0.5772427320480347, 0.23676346242427826]
[0.37012845277786255, 0.575130045413971, 0.05474149063229561]
[0.4340730905532837, 0.5110163688659668, 0.05491051822900772]
[0.042816706001758575, 0.18249818682670593, 0.7746850848197937]
[0.28253212571144104, 0.5118160843849182, 0.20565180480480194]
[0.1710950881242752, 0.36522868275642395, 0.46367618441581726]
[0.007831237278878689, 0.15534207224845886, 0.8368266224861145]
[0.05942964553833008, 0.574536919593811, 0.3660334050655365]
[0.04052649810910225, 0.7719099521636963, 0.18756352365016937]
[0.0317261666059494, 0.3889015316963196, 0.5793723464012146]
[0.3330480754375458, 0.46768975257873535, 0.1992621272802353]
[0.19506631791591644, 0.5850425958633423, 0.21989110112190247]
[0.28258976340293884, 0.5363437533378601, 0.18106654286384583]
[0.024107547476887703, 0.18987198173999786, 0.7860205173492432]
[0.3861616253852844, 0.3662435710430145, 0.24759484827518463]
[0.6342673301696777, 0.2968965470790863, 0.06883616000413895]
[0.04301055520772934, 0.5593802332878113, 0.3976092040538788]
[0.6558541655540466, 0.3181535601615906, 0.02599227987229824]
[0.33001458644866943, 0.46142375469207764, 0.2085617184638977]
[0.24769380688667297, 0.5954806804656982, 0.15682554244995117]
[0.3095962703227997, 0.617407500743866, 0.07299624383449554]
[0.8595821261405945, 0.13154903054237366, 0.00886878278106451]
[0.7988395690917969, 0.17711211740970612, 0.0240483395755291]
[0.020441630855202675, 0.17674720287322998, 0.8028112053871155]
[0.35838282108306885, 0.5507729053497314, 0.09084425121545792]
[0.09577935189008713, 0.5042921304702759, 0.3999285101890564]
[0.06301970779895782, 0.5467860102653503, 0.39019426703453064]
[0.05366385355591774, 0.6295751333236694, 0.3167610466480255]
[0.021432168781757355, 0.3482872247695923, 0.630280613899231]
[0.16309042274951935, 0.6377497315406799, 0.19915981590747833]
[0.34441810846328735, 0.6130963563919067, 0.042485564947128296]
[0.08798743784427643, 0.5534658432006836, 0.3585467040538788]
[0.041981399059295654, 0.3730432093143463, 0.5849754214286804]
[0.25728076696395874, 0.6230974793434143, 0.11962170153856277]
[0.00955974031239748, 0.1321803629398346, 0.8582598567008972]
[0.13046258687973022, 0.49197807908058167, 0.3775593042373657]
[0.019464971497654915, 0.6601806282997131, 0.32035449147224426]
[0.4772217571735382, 0.47872257232666016, 0.04405556991696358]
[0.4632371664047241, 0.46138450503349304, 0.07537832111120224]
[0.012189183384180069, 0.11813586205244064, 0.8696749210357666]
[0.5893879532814026, 0.35814231634140015, 0.05246967822313309]
[0.6284917593002319, 0.3313769996166229, 0.04013131931424141]
[0.5149372816085815, 0.4460732042789459, 0.038989581167697906]
[0.4319854974746704, 0.5340082049369812, 0.03400623798370361]
[0.6076510548591614, 0.3484857380390167, 0.043863214552402496]
[0.4503801465034485, 0.4570024907588959, 0.09261731803417206]
[0.6705842018127441, 0.2966907322406769, 0.03272504732012749]
[0.39615246653556824, 0.5133818984031677, 0.09046559780836105]
[0.3276326656341553, 0.6297091841697693, 0.042658161371946335]
[0.4431297183036804, 0.5227509140968323, 0.03411936014890671]
[0.03545711934566498, 0.4626435935497284, 0.5018993020057678]
[0.3696695864200592, 0.5532609820365906, 0.07706937938928604]
[0.017248667776584625, 0.08389314264059067, 0.8988581299781799]
[0.1175781711935997, 0.49375852942466736, 0.38866323232650757]
[0.04162472486495972, 0.8623502850532532, 0.0960250124335289]
[0.04645068943500519, 0.8194602131843567, 0.13408908247947693]
[0.0030843764543533325, 0.10905680805444717, 0.8878588080406189]
[0.3944658637046814, 0.5344204306602478, 0.0711136981844902]
[0.07731325924396515, 0.8372206687927246, 0.08546605706214905]
[0.04983650520443916, 0.7428780794143677, 0.20728544890880585]
[0.1855148822069168, 0.7225747108459473, 0.09191039204597473]
[0.3208718001842499, 0.5861039757728577, 0.09302420914173126]
[0.23985229432582855, 0.5380058288574219, 0.22214195132255554]
[0.4119211435317993, 0.4774110019207001, 0.11066781729459763]
[0.47797873616218567, 0.426274836063385, 0.09574638307094574]
[0.22226715087890625, 0.5344955325126648, 0.24323734641075134]
[0.2485445886850357, 0.44429248571395874, 0.30716294050216675]
[0.04251721501350403, 0.33480319380760193, 0.622679591178894]
[0.04397883638739586, 0.30934566259384155, 0.6466755270957947]
[0.1925501525402069, 0.6850486993789673, 0.12240113317966461]
[0.010480772703886032, 0.08544786274433136, 0.9040713906288147]
[0.14119088649749756, 0.39438098669052124, 0.4644281566143036]
[0.056040216237306595, 0.30638059973716736, 0.6375792026519775]
[0.3055669069290161, 0.5440955758094788, 0.15033753216266632]
[0.012093422934412956, 0.03999275714159012, 0.9479138255119324]
[0.06496325135231018, 0.25756388902664185, 0.6774728298187256]
[0.2467273324728012, 0.7120301127433777, 0.04124252125620842]
[0.014464125037193298, 0.16808824241161346, 0.8174476027488708]
[0.272376149892807, 0.5516520738601685, 0.1759718358516693]
[0.004623642656952143, 0.1289960891008377, 0.8663802146911621]
[0.17981798946857452, 0.6250596642494202, 0.19512231647968292]
[0.05982466787099838, 0.47519564628601074, 0.4649796187877655]
[0.2952226400375366, 0.5297593474388123, 0.17501796782016754]
[0.28523385524749756, 0.6030159592628479, 0.11175023764371872]
[0.412334680557251, 0.48678916692733765, 0.10087611526250839]
[0.004251972772181034, 0.0239104051142931, 0.9718376398086548]
[0.5654794573783875, 0.35874009132385254, 0.07578039914369583]
[0.6434296369552612, 0.31896674633026123, 0.03760360926389694]
[0.23622699081897736, 0.6172659397125244, 0.1465071439743042]
[0.0106238704174757, 0.1611015796661377, 0.8282745480537415]
[0.6726332306861877, 0.2991068363189697, 0.028259899467229843]
[0.005801101215183735, 0.12908734381198883, 0.8651115894317627]
[0.06567590683698654, 0.2880131006240845, 0.6463109254837036]
[0.19758455455303192, 0.39594048261642456, 0.4064749777317047]
[0.010872985236346722, 0.0788894072175026, 0.9102376103401184]
[0.10131208598613739, 0.5658730864524841, 0.3328148424625397]
[0.16170482337474823, 0.27489757537841797, 0.5633976459503174]
