[0.11388256400823593, 0.2567426562309265, 0.6293748021125793]
[0.032257337123155594, 0.39426305890083313, 0.5734796524047852]
[0.7320227026939392, 0.2325691282749176, 0.035408228635787964]
[0.6333091855049133, 0.32834720611572266, 0.03834372013807297]
[0.27945733070373535, 0.487791508436203, 0.23275119066238403]
[0.03416924178600311, 0.7831519842147827, 0.18267881870269775]
[0.044734638184309006, 0.4485476315021515, 0.5067177414894104]
[0.022605426609516144, 0.1900956928730011, 0.787298858165741]
[0.1017785519361496, 0.35356372594833374, 0.5446577072143555]
[0.42043668031692505, 0.5217979550361633, 0.05776536837220192]
[0.38352376222610474, 0.42459121346473694, 0.1918850690126419]
[0.01521522831171751, 0.12820541858673096, 0.8565793037414551]
[0.14063186943531036, 0.3808572590351105, 0.47851088643074036]
[0.009511717595160007, 0.139530211687088, 0.850957989692688]
[0.07373325526714325, 0.2811028063297272, 0.6451640129089355]
[0.007197108585387468, 0.07493601739406586, 0.9178668260574341]
[0.3884076178073883, 0.5032393932342529, 0.10835293680429459]
[0.42391273379325867, 0.456124871969223, 0.11996237188577652]
[0.14492075145244598, 0.5213579535484314, 0.3337213397026062]
[0.001692942576482892, 0.028497803956270218, 0.9698092937469482]
[0.0027368664741516113, 0.02099035494029522, 0.9762727618217468]
[0.03916393592953682, 0.6973199248313904, 0.2635160982608795]
