[0.7372277975082397, 0.1950598508119583, 0.06771231442689896]
[0.32662802934646606, 0.4279215931892395, 0.24545031785964966]
[0.005538047756999731, 0.017914386466145515, 0.9765475392341614]
[0.0060799624770879745, 0.0645826980471611, 0.9293373823165894]
[0.036273080855607986, 0.06962119787931442, 0.8941057324409485]
[0.0038999987300485373, 0.03672372177243233, 0.959376335144043]
[0.8887038230895996, 0.10190368443727493, 0.009392501786351204]
[0.01665160432457924, 0.08417464792728424, 0.8991737961769104]
[0.05016164854168892, 0.17589549720287323, 0.7739428877830505]
[0.24465414881706238, 0.6617615818977356, 0.09358430653810501]
[0.5185686945915222, 0.4473732113838196, 0.03405812755227089]
[0.38993698358535767, 0.4773688018321991, 0.13269422948360443]
[0.1409056931734085, 0.44971710443496704, 0.40937721729278564]
[0.23841431736946106, 0.6501649022102356, 0.11142072826623917]
[0.048956263810396194, 0.6681309342384338, 0.2829129099845886]
[0.419933944940567, 0.470804899930954, 0.10926109552383423]
[0.4213426113128662, 0.47375038266181946, 0.10490698367357254]
[0.17093729972839355, 0.6016545295715332, 0.22740817070007324]
[0.7302929162979126, 0.24106459319591522, 0.028642522171139717]
[0.4248989522457123, 0.5153245329856873, 0.05977649614214897]
[0.0877540111541748, 0.49122557044029236, 0.42102038860321045]
[0.4385973811149597, 0.4332347810268402, 0.12816789746284485]
[0.8699192404747009, 0.11625214666128159, 0.013828623108565807]
[0.3300139904022217, 0.5700869560241699, 0.09989900887012482]
[0.3318459093570709, 0.552112877368927, 0.11604119092226028]
[0.23024076223373413, 0.378154456615448, 0.39160478115081787]
[0.5723344087600708, 0.36418113112449646, 0.06348447501659393]
[0.9058237075805664, 0.08779410272836685, 0.006382205989211798]
[0.8513992428779602, 0.12491368502378464, 0.023687029257416725]
[0.014371315948665142, 0.2939852476119995, 0.691643476486206]
[0.44640088081359863, 0.3858497142791748, 0.16774944961071014]
[0.3440764248371124, 0.5781727433204651, 0.07775086909532547]
[0.01457396149635315, 0.5172864198684692, 0.4681396484375]
[0.2679603695869446, 0.6338094472885132, 0.0982302650809288]
[0.7439982295036316, 0.23018266260623932, 0.025819160044193268]
[0.016544997692108154, 0.21082091331481934, 0.7726340889930725]
[0.7668440937995911, 0.2097882181406021, 0.023367637768387794]
[0.17506125569343567, 0.6525035500526428, 0.17243514955043793]
[0.2748139798641205, 0.5756539702415466, 0.14953207969665527]
[0.02529798075556755, 0.35329288244247437, 0.6214091181755066]
[0.23590858280658722, 0.5620878338813782, 0.2020035982131958]
[0.5959411859512329, 0.3699834942817688, 0.03407527506351471]
[0.49770140647888184, 0.39556193351745605, 0.10673658549785614]
[0.528394877910614, 0.41884732246398926, 0.05275778844952583]
[0.7247430086135864, 0.2504066824913025, 0.024850372225046158]
[0.41572704911231995, 0.34801071882247925, 0.23626220226287842]
[0.5472685694694519, 0.4018478989601135, 0.050883498042821884]
[0.0039128148928284645, 0.06144975125789642, 0.9346373677253723]
[0.5161714553833008, 0.4428284764289856, 0.04100004956126213]
[0.6732831597328186, 0.3111373782157898, 0.015579392202198505]
[0.261208176612854, 0.6878015995025635, 0.05099024623632431]
[0.7888968586921692, 0.20081454515457153, 0.010288544930517673]
[0.09464511275291443, 0.5219011902809143, 0.38345372676849365]
[0.34765568375587463, 0.6214436292648315, 0.030900683254003525]
[0.11805608868598938, 0.3529302179813385, 0.5290137529373169]
[0.37757235765457153, 0.5338101983070374, 0.08861752599477768]
[0.5409185290336609, 0.3910524547100067, 0.06802907586097717]
[0.5544878244400024, 0.4097990095615387, 0.035713210701942444]
[0.2449645698070526, 0.6327951550483704, 0.12224023789167404]
[0.5843601226806641, 0.372307687997818, 0.04333220422267914]
[0.1105896532535553, 0.6487107872962952, 0.24069949984550476]
[0.015487566590309143, 0.2880571782588959, 0.696455180644989]
[0.38786581158638, 0.49235525727272034, 0.11977901309728622]
[0.6698945760726929, 0.29992255568504333, 0.030182890594005585]
[0.05916040018200874, 0.6695469617843628, 0.2712925672531128]
[0.05735152214765549, 0.69454425573349, 0.24810422956943512]
[0.7717782258987427, 0.20667105913162231, 0.02155068702995777]
[0.945155680179596, 0.0514216348528862, 0.003422689391300082]
[0.2564963102340698, 0.6743941307067871, 0.06910953670740128]
[0.00590047612786293, 0.04699281230568886, 0.947106659412384]
[0.0033815146889537573, 0.03644769638776779, 0.9601708054542542]
[0.6599810123443604, 0.30321601033210754, 0.0368029810488224]
[0.020166225731372833, 0.1803234964609146, 0.7995103597640991]
[0.4191548824310303, 0.5029681324958801, 0.0778769850730896]
[0.6687139868736267, 0.2830635607242584, 0.048222459852695465]
[0.6790088415145874, 0.30188849568367004, 0.019102660939097404]
[0.5191503167152405, 0.4250751733779907, 0.0557745136320591]
[0.7422382831573486, 0.24042923748493195, 0.017332466319203377]
[0.13715976476669312, 0.6897221803665161, 0.17311805486679077]
[0.4471793472766876, 0.43569183349609375, 0.11712881177663803]
[0.2235627919435501, 0.5877605676651001, 0.188676655292511]
[0.20963996648788452, 0.36396458745002747, 0.4263954758644104]
[0.5390333533287048, 0.3488213121891022, 0.112145334482193]
[0.24567003548145294, 0.4882238805294037, 0.26610609889030457]
[0.018706200644373894, 0.16219522058963776, 0.8190985918045044]
[0.003372371196746826, 0.20208418369293213, 0.7945433855056763]
[0.3106195628643036, 0.5613361597061157, 0.1280442625284195]
[0.08477292209863663, 0.6395695209503174, 0.2756575047969818]
[0.025034284219145775, 0.5532110929489136, 0.4217546284198761]
[0.24000445008277893, 0.47981545329093933, 0.2801800072193146]
[0.08593271672725677, 0.5297368168830872, 0.3843304216861725]
[0.013930550776422024, 0.10455445945262909, 0.8815150260925293]
[0.0015576431760564446, 0.010679746977984905, 0.9877626895904541]
[0.05458734184503555, 0.22912226617336273, 0.7162903547286987]
[0.03624749183654785, 0.7077891230583191, 0.25596335530281067]
[0.03444691002368927, 0.5983732342720032, 0.36717987060546875]
[0.1144423559308052, 0.5040269494056702, 0.38153076171875]
[0.15899628400802612, 0.6965928077697754, 0.1444108635187149]
[0.03241415694355965, 0.44259509444236755, 0.5249906778335571]
[0.01649848371744156, 0.2369990050792694, 0.7465024590492249]
[0.0048731854185462, 0.06675298511981964, 0.9283738732337952]
[0.010740235447883606, 0.14277194440364838, 0.846487820148468]
[0.10517124086618423, 0.3791596293449402, 0.5156691074371338]
[0.06524549424648285, 0.34449252486228943, 0.5902619957923889]
[0.009709775447845459, 0.5715832114219666, 0.4187069535255432]
[0.011328637599945068, 0.5018413662910461, 0.4868299067020416]
[0.0022688705939799547, 0.03873757645487785, 0.9589935541152954]
[0.0051757111214101315, 0.0780542716383934, 0.9167700409889221]
[0.45781266689300537, 0.49097445607185364, 0.05121290311217308]
[0.3108092248439789, 0.5417947173118591, 0.1473960131406784]
[0.21340630948543549, 0.5526282787322998, 0.2339654564857483]
[0.10239794850349426, 0.6829303503036499, 0.21467173099517822]
[0.05687253922224045, 0.35734111070632935, 0.5857864022254944]
[0.6921785473823547, 0.2749793827533722, 0.03284198418259621]
[0.5846298336982727, 0.37070000171661377, 0.044670190662145615]
[0.8827153444290161, 0.1053004339337349, 0.011984164826571941]
[0.8239992260932922, 0.16347551345825195, 0.012525299564003944]
[0.38315415382385254, 0.534220278263092, 0.08262556046247482]
[0.27030542492866516, 0.593605101108551, 0.13608942925930023]
[0.30353406071662903, 0.5786120295524597, 0.11785384267568588]
[0.39450177550315857, 0.5134686231613159, 0.09202960878610611]
[0.09956943243741989, 0.5596927404403687, 0.3407377600669861]
[0.10961130261421204, 0.4077848494052887, 0.48260387778282166]
[0.5758946537971497, 0.38944509625434875, 0.03466019779443741]
[0.2659640610218048, 0.5667506456375122, 0.1672852635383606]
[0.19665661454200745, 0.6563425660133362, 0.14700084924697876]
[0.003949218429625034, 0.05541820824146271, 0.9406325221061707]
[0.5709624886512756, 0.3843688666820526, 0.044668566435575485]
[0.5560072660446167, 0.42144709825515747, 0.022545671090483665]
[0.52474045753479, 0.4596671462059021, 0.015592403709888458]
[0.30355939269065857, 0.6516054272651672, 0.044835206121206284]
[0.5606905221939087, 0.38532862067222595, 0.05398085340857506]
[0.10749313235282898, 0.56307053565979, 0.3294363021850586]
[0.40637147426605225, 0.5437784194946289, 0.049850042909383774]
[0.07439983636140823, 0.6580275893211365, 0.26757264137268066]
[0.33854225277900696, 0.5994448065757751, 0.062012914568185806]
[0.45566925406455994, 0.4774877429008484, 0.06684301793575287]
[0.3563774526119232, 0.4623871445655823, 0.18123546242713928]
[0.3405739367008209, 0.5562664866447449, 0.10315960645675659]
[0.03182361274957657, 0.13100937008857727, 0.8371670246124268]
[0.11915339529514313, 0.3479635715484619, 0.5328830480575562]
[0.021525615826249123, 0.16066955029964447, 0.8178048729896545]
[0.1315288245677948, 0.6094539165496826, 0.2590172588825226]
[0.04857746511697769, 0.21866025030612946, 0.7327622771263123]
[0.1602928787469864, 0.5556024312973022, 0.28410473465919495]
[0.18976043164730072, 0.6587886214256287, 0.15145094692707062]
[0.7919409275054932, 0.17634908854961395, 0.0317099466919899]
[0.015754634514451027, 0.14410309493541718, 0.8401422500610352]
[0.016756638884544373, 0.3247753977775574, 0.6584679484367371]
[0.7021189332008362, 0.2519698739051819, 0.045911237597465515]
[0.33921268582344055, 0.4385671317577362, 0.22222018241882324]
[0.007986479438841343, 0.11136002093553543, 0.8806535601615906]
[0.0217692069709301, 0.1302356868982315, 0.8479950428009033]
[0.038763999938964844, 0.6188919544219971, 0.3423439860343933]
[0.10439220815896988, 0.39902299642562866, 0.49658477306365967]
[0.5490453243255615, 0.40780743956565857, 0.0431472472846508]
[0.027422139421105385, 0.30959340929985046, 0.6629844903945923]
[0.03222837299108505, 0.5349624156951904, 0.43280917406082153]
[0.13892202079296112, 0.6669653058052063, 0.19411268830299377]
[0.46617934107780457, 0.4498109221458435, 0.0840098112821579]
[0.42160534858703613, 0.5036860704421997, 0.07470854371786118]
[0.6503899097442627, 0.31226348876953125, 0.037346649914979935]
[0.22632735967636108, 0.6668628454208374, 0.10680973529815674]
[0.8522977828979492, 0.13688716292381287, 0.01081513799726963]
[0.46612784266471863, 0.45966455340385437, 0.0742076188325882]
[0.3399127423763275, 0.4174545109272003, 0.24263280630111694]
[0.46759089827537537, 0.48676928877830505, 0.04563979059457779]
[0.2013069987297058, 0.709733247756958, 0.08895976096391678]
[0.22981026768684387, 0.5862412452697754, 0.1839485466480255]
[0.5931275486946106, 0.34009262919425964, 0.06677986681461334]
[0.6728519201278687, 0.30406317114830017, 0.023084871470928192]
[0.29505157470703125, 0.6488132476806641, 0.05613522231578827]
[0.8341390490531921, 0.14975272119045258, 0.016108248382806778]
[0.5960359573364258, 0.35267922282218933, 0.05128483846783638]
[0.4047510027885437, 0.5502924919128418, 0.04495653510093689]
[0.3259906470775604, 0.5625397562980652, 0.11146954447031021]
[0.517090380191803, 0.3777371048927307, 0.10517247021198273]
[0.10750462114810944, 0.5296369194984436, 0.36285844445228577]
[0.1842334270477295, 0.51220703125, 0.3035595417022705]
[0.46026811003685, 0.44939011335372925, 0.09034173935651779]
[0.024334894493222237, 0.16819077730178833, 0.8074742555618286]
[0.4089244604110718, 0.4619908928871155, 0.12908457219600677]
[0.13649335503578186, 0.7521305680274963, 0.11137599498033524]
[0.46303021907806396, 0.46318355202674866, 0.07378627359867096]
[0.3743773102760315, 0.4711683690547943, 0.15445435047149658]
[0.07058462500572205, 0.751053512096405, 0.17836196720600128]
[0.018740754574537277, 0.5908034443855286, 0.39045587182044983]
[0.014907521195709705, 0.2928536534309387, 0.6922388076782227]
[0.3344802260398865, 0.5155639052391052, 0.1499558687210083]
[0.04747242107987404, 0.40817680954933167, 0.544350802898407]
[0.10484787821769714, 0.6726313233375549, 0.22252075374126434]
[0.16685380041599274, 0.613670289516449, 0.2194758802652359]
[0.06834734231233597, 0.3264729976654053, 0.6051796674728394]
[0.7428032755851746, 0.24015523493289948, 0.01704157516360283]
[0.05536620318889618, 0.7089197635650635, 0.23571401834487915]
[0.010633368976414204, 0.1600305140018463, 0.8293361067771912]
[0.26566118001937866, 0.5982499122619629, 0.13608890771865845]
[0.01626790314912796, 0.18813015520572662, 0.7956019043922424]
[0.03207363933324814, 0.8282620310783386, 0.13966430723667145]
[0.007663541939109564, 0.2643367350101471, 0.7279996871948242]
[0.03848875313997269, 0.6674098968505859, 0.29410141706466675]
[0.7405626177787781, 0.23794610798358917, 0.02149125374853611]
[0.02416970767080784, 0.3845171332359314, 0.5913131237030029]
[0.0918547660112381, 0.3317626714706421, 0.5763826370239258]
[0.0010975002078339458, 0.021304696798324585, 0.9775977730751038]
[0.807869017124176, 0.17030751705169678, 0.021823501214385033]
[0.05850207060575485, 0.30186736583709717, 0.6396305561065674]
[0.6705434322357178, 0.28244665265083313, 0.04700986295938492]
[0.015542538836598396, 0.2596566379070282, 0.7248007655143738]
[0.6565427780151367, 0.28820982575416565, 0.055247362703084946]
[0.22283390164375305, 0.4461691379547119, 0.33099690079689026]
[0.7864020466804504, 0.18524280190467834, 0.028355209156870842]
[0.007856926880776882, 0.1302984356880188, 0.8618446588516235]
[0.04375608265399933, 0.2813538908958435, 0.6748899817466736]
[0.06315640360116959, 0.8789394497871399, 0.057904209941625595]
[0.007912530563771725, 0.29556894302368164, 0.6965185403823853]
[0.21365267038345337, 0.6950579881668091, 0.09128934890031815]
[0.6132994294166565, 0.30424001812934875, 0.08246064186096191]
[0.6635358333587646, 0.28567856550216675, 0.05078554525971413]
[0.42344364523887634, 0.5260041356086731, 0.05055224150419235]
[0.327293336391449, 0.49372097849845886, 0.178985595703125]
[0.011748824268579483, 0.22213491797447205, 0.7661163210868835]
[0.008374913595616817, 0.09844539314508438, 0.893179714679718]
[0.10695303976535797, 0.23699858784675598, 0.6560483574867249]
[0.06867827475070953, 0.7460033893585205, 0.18531830608844757]
[0.22205476462841034, 0.6324725151062012, 0.1454727202653885]
[0.5890455842018127, 0.37601205706596375, 0.03494240716099739]
[0.7241949439048767, 0.26126357913017273, 0.014541501179337502]
[0.7702564597129822, 0.19716452062129974, 0.03257900848984718]
[0.004309283569455147, 0.07264018803834915, 0.923050582408905]
[0.6384473443031311, 0.30571281909942627, 0.05583988130092621]
[0.9422570466995239, 0.04960273951292038, 0.008140196092426777]
[0.006136289332062006, 0.06684451550245285, 0.9270192384719849]
[0.01057340670377016, 0.12168016284704208, 0.8677464127540588]
[0.02639414556324482, 0.6981919407844543, 0.2754139304161072]
[0.0020327337551862, 0.03679701313376427, 0.9611703157424927]
[0.48489171266555786, 0.4443563222885132, 0.07075196504592896]
[0.44399505853652954, 0.45026150345802307, 0.1057433933019638]
[0.40138283371925354, 0.40850910544395447, 0.190108060836792]
[0.0992315486073494, 0.819556713104248, 0.08121175318956375]
[0.06378444284200668, 0.8567075729370117, 0.07950794696807861]
[0.07889166474342346, 0.6236435770988464, 0.2974647581577301]
[0.13602830469608307, 0.3478178381919861, 0.5161538124084473]
[0.005474927835166454, 0.09234955906867981, 0.9021754860877991]
[0.5692719221115112, 0.3823050260543823, 0.048423007130622864]
[0.11823458224534988, 0.5689370632171631, 0.3128283619880676]
[0.3504510223865509, 0.528321385383606, 0.12122752517461777]
[0.04632698744535446, 0.5091035962104797, 0.4445693790912628]
[0.66571444272995, 0.2932623326778412, 0.04102322831749916]
[0.021995732560753822, 0.24305316805839539, 0.7349510788917542]
[0.055489324033260345, 0.800512969493866, 0.14399772882461548]
[0.04160275310277939, 0.8966723084449768, 0.06172491982579231]
[0.0037964624352753162, 0.1691390573978424, 0.8270644545555115]
[0.04243502393364906, 0.489605575799942, 0.4679594337940216]
[0.6018483638763428, 0.34229081869125366, 0.05586082488298416]
[0.2100100964307785, 0.4912574589252472, 0.2987324595451355]
[0.02698969468474388, 0.183369979262352, 0.7896403074264526]
[0.008764802478253841, 0.1391552984714508, 0.8520798683166504]
[0.05972519889473915, 0.8210358023643494, 0.1192389652132988]
[0.4311985969543457, 0.5004822015762329, 0.068319171667099]
[0.2806498110294342, 0.5171962976455688, 0.20215396583080292]
[0.6711998581886292, 0.30696937441825867, 0.021830759942531586]
[0.054225094616413116, 0.8367603421211243, 0.10901457071304321]
[0.18964791297912598, 0.5500520467758179, 0.2603001296520233]
[0.14658722281455994, 0.6367358565330505, 0.21667690575122833]
[0.019103743135929108, 0.23342664539813995, 0.7474696040153503]
[0.6605568528175354, 0.28704020380973816, 0.05240293964743614]
[0.050758641213178635, 0.30710047483444214, 0.6421409249305725]
[0.1038837730884552, 0.3842547833919525, 0.5118615031242371]
[0.0077842604368925095, 0.0468982569873333, 0.9453174471855164]
[0.055373333394527435, 0.2550053894519806, 0.6896212697029114]
[0.19693516194820404, 0.6179565191268921, 0.18510840833187103]
[0.0920255109667778, 0.7553979158401489, 0.1525765061378479]
[0.09879299253225327, 0.6947986483573914, 0.20640835165977478]
[0.831565797328949, 0.15253350138664246, 0.015900729224085808]
[0.36801475286483765, 0.43455183506011963, 0.19743338227272034]
[0.16998548805713654, 0.4860539138317108, 0.3439606726169586]
[0.14981241524219513, 0.35090699791908264, 0.4992806017398834]
[0.04811593145132065, 0.22443456947803497, 0.7274495959281921]
[0.5299651026725769, 0.319765567779541, 0.15026932954788208]
[0.10836692154407501, 0.5046987533569336, 0.3869343400001526]
[0.34368717670440674, 0.48536062240600586, 0.17095230519771576]
[0.5842694640159607, 0.36846986413002014, 0.047260720282793045]
[0.10659424215555191, 0.3473096489906311, 0.5460960865020752]
[0.015964334830641747, 0.11858707666397095, 0.8654485940933228]
[0.3681507706642151, 0.4053581953048706, 0.2264910340309143]
[0.08038625121116638, 0.20374234020709991, 0.7158714532852173]
[0.2481001615524292, 0.5678443312644958, 0.1840553879737854]
[0.05863577127456665, 0.5925955176353455, 0.3487686812877655]
[0.5577155351638794, 0.4068169593811035, 0.03546750545501709]
[0.38960593938827515, 0.46692195534706116, 0.14347201585769653]
[0.09714921563863754, 0.48746800422668457, 0.4153827726840973]
[0.03165533393621445, 0.30876225233078003, 0.6595824360847473]
[0.04056645184755325, 0.17265118658542633, 0.7867823243141174]
[0.2607817053794861, 0.6173651814460754, 0.12185317277908325]
[0.20200082659721375, 0.5199810862541199, 0.278018057346344]
[0.06115799769759178, 0.28905045986175537, 0.6497915387153625]
[0.19527797400951385, 0.5370238423347473, 0.26769810914993286]
[0.4205774962902069, 0.5038601756095886, 0.07556237280368805]
[0.15355253219604492, 0.42917174100875854, 0.41727569699287415]
[0.13805976510047913, 0.7105886340141296, 0.15135161578655243]
[0.029680777341127396, 0.16922472417354584, 0.8010944724082947]
[0.00888158567249775, 0.12510713934898376, 0.8660113215446472]
[0.3016679286956787, 0.5847129225730896, 0.11361909657716751]
[0.28579387068748474, 0.6363284587860107, 0.07787767797708511]
[0.478724867105484, 0.4760761559009552, 0.045198954641819]
[0.023419121280312538, 0.25129434466362, 0.7252865433692932]
[0.10704789310693741, 0.5743477940559387, 0.31860432028770447]
[0.01125535648316145, 0.06130121275782585, 0.9274434447288513]
[0.2269980013370514, 0.5127310156822205, 0.260270893573761]
[0.3714989125728607, 0.593406617641449, 0.035094477236270905]
