[0.5025593638420105, 0.4365037679672241, 0.060936879366636276]
[0.8490650057792664, 0.14402152597904205, 0.006913449615240097]
[0.29477158188819885, 0.6131146550178528, 0.09211380779743195]
[0.7966058254241943, 0.1932680457830429, 0.010126141831278801]
[0.6264760494232178, 0.34098514914512634, 0.03253881633281708]
[0.19822174310684204, 0.6405609846115112, 0.16121725738048553]
[0.050638455897569656, 0.3344474732875824, 0.6149140000343323]
[0.6938848495483398, 0.2802298963069916, 0.025885209441184998]
[0.26590868830680847, 0.6042816638946533, 0.1298096477985382]
[0.8477919697761536, 0.14395101368427277, 0.008257097564637661]
[0.49050191044807434, 0.44957464933395386, 0.0599234513938427]
[0.16617821156978607, 0.5673829317092896, 0.26643890142440796]
[0.6804068684577942, 0.2783958315849304, 0.041197240352630615]
[0.010428383015096188, 0.22681620717048645, 0.7627553343772888]
[0.003134455531835556, 0.09095349162817001, 0.9059120416641235]
[0.01512195449322462, 0.2507754862308502, 0.7341026067733765]
