[0.6326438188552856, 0.2881391644477844, 0.07921694219112396]
[0.008650822564959526, 0.11889386922121048, 0.8724552989006042]
[0.017831644043326378, 0.28344038128852844, 0.6987279653549194]
[0.16411904990673065, 0.44146376848220825, 0.3944171667098999]
[0.03322453796863556, 0.3439982831478119, 0.6227771639823914]
[0.14258797466754913, 0.4753379225730896, 0.3820740580558777]
[0.006349998526275158, 0.0671311542391777, 0.9265188574790955]
[0.037243373692035675, 0.5445556044578552, 0.4182010293006897]
[0.011553442105650902, 0.24926665425300598, 0.7391799092292786]
[0.02186003513634205, 0.3432047665119171, 0.634935200214386]
[0.005242937244474888, 0.17839539051055908, 0.8163616061210632]
[0.06401172280311584, 0.45171844959259033, 0.4842698276042938]
[0.0014410843141376972, 0.03247807174921036, 0.9660807847976685]
[0.003905532183125615, 0.021702419966459274, 0.9743919968605042]
[0.09166481345891953, 0.5163648128509521, 0.3919704258441925]
[0.011284219101071358, 0.11998342722654343, 0.8687323331832886]
[0.030639944598078728, 0.27865999937057495, 0.690700113773346]
[0.07739117741584778, 0.5577759742736816, 0.3648328483104706]
[0.031583286821842194, 0.50904381275177, 0.459372878074646]
[0.03612641990184784, 0.4101496636867523, 0.5537239909172058]
[0.0018473542295396328, 0.056387729942798615, 0.9417648911476135]
[0.06213900446891785, 0.5238500833511353, 0.4140109121799469]
[0.06630503386259079, 0.5377836227416992, 0.3959112763404846]
[0.017249807715415955, 0.2312983274459839, 0.7514519095420837]
[0.25971829891204834, 0.48206689953804016, 0.2582148015499115]
[0.8491124510765076, 0.13919638097286224, 0.011691117659211159]
[0.28614768385887146, 0.4164859652519226, 0.29736635088920593]
[0.017336372286081314, 0.11209870874881744, 0.8705649375915527]
[0.041907694190740585, 0.13504920899868011, 0.8230430483818054]
[0.659977912902832, 0.268482506275177, 0.07153961062431335]
[0.13333244621753693, 0.3400669991970062, 0.5266005396842957]
[0.7568903565406799, 0.19783729314804077, 0.0452723428606987]
[0.5614302754402161, 0.3656134307384491, 0.07295618951320648]
[0.7285500168800354, 0.2314237356185913, 0.0400262326002121]
[0.8647230267524719, 0.12027650326490402, 0.015000423416495323]
[0.034999579191207886, 0.19561579823493958, 0.7693846225738525]
[0.22850199043750763, 0.5915970802307129, 0.1799008995294571]
[0.20967569947242737, 0.5111274123191833, 0.2791968584060669]
[0.016257531940937042, 0.10630324482917786, 0.8774391412734985]
[0.79585200548172, 0.1918174773454666, 0.012330552563071251]
[0.016556009650230408, 0.2014000415802002, 0.7820438742637634]
[0.05028775334358215, 0.41464152932167053, 0.5350707173347473]
