[0.9378862977027893, 0.05682297423481941, 0.005290713161230087]
[0.6527301669120789, 0.31566810607910156, 0.03160175308585167]
[0.7867621779441833, 0.19490082561969757, 0.018336988985538483]
[0.04104531928896904, 0.3892025053501129, 0.5697521567344666]
[0.1399936079978943, 0.5665792226791382, 0.29342707991600037]
[0.45483464002609253, 0.49348539113998413, 0.05168001726269722]
[0.32825687527656555, 0.6082301735877991, 0.0635128766298294]
[0.672096848487854, 0.30467915534973145, 0.023224039003252983]
[0.2274666428565979, 0.7034889459609985, 0.06904440373182297]
[0.5517152547836304, 0.4285154640674591, 0.019769249483942986]
[0.4493081271648407, 0.4298841953277588, 0.12080765515565872]
[0.5292877554893494, 0.43086111545562744, 0.03985106572508812]
[0.5786949992179871, 0.35968083143234253, 0.06162410229444504]
[0.4251773953437805, 0.47783687710762024, 0.09698574990034103]
[0.4647722840309143, 0.4139779210090637, 0.1212497353553772]
[0.5950928330421448, 0.32990047335624695, 0.07500676810741425]
[0.504473090171814, 0.45552852749824524, 0.039998337626457214]
[0.38822537660598755, 0.5788037180900574, 0.03297092393040657]
[0.43310752511024475, 0.4720219671726227, 0.09487055987119675]
[0.43628212809562683, 0.4698813855648041, 0.09383650869131088]
[0.10474569350481033, 0.6693556308746338, 0.2258986532688141]
[0.2939072251319885, 0.566602349281311, 0.13949041068553925]
[0.45771047472953796, 0.40212273597717285, 0.14016678929328918]
[0.03378788009285927, 0.20178529620170593, 0.7644268870353699]
[0.07083547860383987, 0.3835786283016205, 0.5455858111381531]
[0.7633802890777588, 0.21806837618350983, 0.018551424145698547]
[0.6027745008468628, 0.30851349234580994, 0.08871196955442429]
[0.0028449224773794413, 0.03568705916404724, 0.9614681005477905]
