[0.17235422134399414, 0.4153405427932739, 0.4123052656650543]
[0.026639537885785103, 0.12525419890880585, 0.8481062650680542]
[0.017915189266204834, 0.13220825791358948, 0.8498765826225281]
[0.0030752120073884726, 0.027378186583518982, 0.9695465564727783]
[0.004515748005360365, 0.02908845618367195, 0.9663957357406616]
[0.009164583869278431, 0.0684460774064064, 0.9223893284797668]
[0.003294861875474453, 0.03965040668845177, 0.9570547938346863]
[0.1384943127632141, 0.5214675664901733, 0.34003809094429016]
[0.060102976858615875, 0.3302246034145355, 0.6096723675727844]
[0.004449181258678436, 0.036018047481775284, 0.9595327973365784]
[0.1782892942428589, 0.3458738327026367, 0.4758368730545044]
[0.5006216764450073, 0.3024742305278778, 0.1969040185213089]
[0.387025386095047, 0.4353579580783844, 0.17761661112308502]
[0.8521012663841248, 0.1326686590909958, 0.015230092220008373]
[0.6329753398895264, 0.29499346017837524, 0.07203129678964615]
[0.21439950168132782, 0.492416650056839, 0.293183833360672]
[0.7239331007003784, 0.23782706260681152, 0.03823988139629364]
[0.7218688130378723, 0.24671658873558044, 0.031414616852998734]
[0.8458500504493713, 0.13584411144256592, 0.018305828794836998]
[0.4095120131969452, 0.435680091381073, 0.154807910323143]
[0.7109071016311646, 0.22251512110233307, 0.06657782196998596]
[0.412355899810791, 0.4406631290912628, 0.14698100090026855]
[0.45123642683029175, 0.3553636074066162, 0.19339993596076965]
[0.27398058772087097, 0.5255903005599976, 0.2004290521144867]
[0.6609957218170166, 0.2846604883670807, 0.054343849420547485]
[0.3004363477230072, 0.5818220376968384, 0.11774159967899323]
[0.4719410240650177, 0.4210459887981415, 0.10701308399438858]
[0.3793236315250397, 0.4484751224517822, 0.1722012460231781]
[0.014270763844251633, 0.13665497303009033, 0.8490742444992065]
[0.29318365454673767, 0.41933777928352356, 0.28747856616973877]
[0.26351451873779297, 0.5189080834388733, 0.21757741272449493]
[0.019416816532611847, 0.13583897054195404, 0.8447442054748535]
[0.34521663188934326, 0.45446136593818665, 0.2003219574689865]
[0.3104303181171417, 0.5672449469566345, 0.12232472747564316]
[0.5896173715591431, 0.33039769530296326, 0.07998490333557129]
[0.038725126534700394, 0.16969521343708038, 0.7915796637535095]
[0.06754275411367416, 0.38296544551849365, 0.549491822719574]
[0.058612994849681854, 0.4244922697544098, 0.5168948173522949]
[0.005858521908521652, 0.09943120926618576, 0.8947102427482605]
[0.0020377414766699076, 0.09704849123954773, 0.9009137749671936]
[0.003285699523985386, 0.04871794208884239, 0.9479963183403015]
