[0.13996407389640808, 0.5603232383728027, 0.2997126579284668]
[0.00518049718812108, 0.03591993451118469, 0.9588996171951294]
[0.2528262734413147, 0.5554379224777222, 0.19173583388328552]
[0.0032915244810283184, 0.030262285843491554, 0.9664462208747864]
[0.07921580970287323, 0.6730759143829346, 0.2477082461118698]
[0.056996941566467285, 0.12436908483505249, 0.8186339735984802]
[0.004121634643524885, 0.03362252190709114, 0.9622558951377869]
[0.05234643071889877, 0.5225271582603455, 0.42512649297714233]
[0.10216265171766281, 0.44943755865097046, 0.4483998417854309]
[0.004876928403973579, 0.04160356521606445, 0.9535195231437683]
[0.32972604036331177, 0.3776550889015198, 0.29261887073516846]
[0.26035284996032715, 0.43191856145858765, 0.3077286183834076]
[0.016897965222597122, 0.19330333173274994, 0.7897986769676208]
[0.18111826479434967, 0.6197571754455566, 0.1991245597600937]
[0.028448378667235374, 0.8604113459587097, 0.11114034801721573]
[0.007420622278004885, 0.09048563241958618, 0.902093768119812]
[0.08195159584283829, 0.5528945326805115, 0.36515387892723083]
[0.11385596543550491, 0.5760356783866882, 0.31010839343070984]
[0.4809727370738983, 0.42321470379829407, 0.09581261873245239]
[0.03093835897743702, 0.3643946051597595, 0.6046670079231262]
[0.005102317314594984, 0.058167215436697006, 0.9367305040359497]
[0.13249559700489044, 0.7063089609146118, 0.1611955165863037]
[0.13341334462165833, 0.6961709260940552, 0.1704157590866089]
[0.058757517486810684, 0.39693284034729004, 0.544309675693512]
[0.39867305755615234, 0.51472407579422, 0.08660279214382172]
[0.0028888771776109934, 0.04293510690331459, 0.9541760087013245]
[0.010496601462364197, 0.14870139956474304, 0.8408019542694092]
[0.5218812823295593, 0.45290592312812805, 0.025212720036506653]
[0.06054280325770378, 0.8299713730812073, 0.10948584973812103]
[0.0024439534172415733, 0.048871658742427826, 0.9486843943595886]
[0.0181927178055048, 0.30104270577430725, 0.6807646155357361]
[0.44041186571121216, 0.4724518656730652, 0.08713625371456146]
[0.1760464459657669, 0.6643267869949341, 0.15962675213813782]
[0.25622162222862244, 0.6595965623855591, 0.08418179303407669]
[0.06748729944229126, 0.35754549503326416, 0.5749672055244446]
[0.1151018738746643, 0.6043013334274292, 0.28059685230255127]
[0.014923062175512314, 0.2709968686103821, 0.7140800356864929]
[0.2986106276512146, 0.6591284275054932, 0.042260944843292236]
[0.5308432579040527, 0.364082932472229, 0.10507379472255707]
[0.16185325384140015, 0.7373829483985901, 0.10076382011175156]
[0.08853380382061005, 0.4876148998737335, 0.42385122179985046]
[0.23053136467933655, 0.5477291941642761, 0.22173945605754852]
[0.07787556946277618, 0.7029750943183899, 0.2191493660211563]
[0.2065112441778183, 0.5712399482727051, 0.2222488522529602]
[0.6343636512756348, 0.3149315118789673, 0.050704918801784515]
[0.12510380148887634, 0.6704041361808777, 0.20449209213256836]
[0.5290561318397522, 0.41840577125549316, 0.052538108080625534]
[0.5491974949836731, 0.36368268728256226, 0.08711977303028107]
[0.7903119325637817, 0.19854019582271576, 0.011147932149469852]
[0.5112289786338806, 0.4466431736946106, 0.042127832770347595]
[0.12472038716077805, 0.7535696029663086, 0.12170998752117157]
[0.6097342371940613, 0.3529290556907654, 0.037336770445108414]
[0.7130758762359619, 0.26356950402259827, 0.023354580625891685]
[0.38270896673202515, 0.5288883447647095, 0.08840270340442657]
[0.7217329740524292, 0.2586513161659241, 0.01961575075984001]
[0.3833460807800293, 0.5008324980735779, 0.11582142114639282]
[0.16444137692451477, 0.7577763199806213, 0.07778233289718628]
[0.19976362586021423, 0.7486939430236816, 0.05154246464371681]
[0.7233977913856506, 0.2592032849788666, 0.017398998141288757]
[0.3495735824108124, 0.5385427474975586, 0.11188367754220963]
[0.3600379526615143, 0.5043070316314697, 0.13565506041049957]
[0.14701661467552185, 0.5628361701965332, 0.29014724493026733]
[0.7509170770645142, 0.2338048666715622, 0.015277980826795101]
[0.06779539585113525, 0.7825623154640198, 0.14964227378368378]
[0.20281490683555603, 0.5565213561058044, 0.24066369235515594]
[0.3901800811290741, 0.5224353075027466, 0.08738458901643753]
[0.7058073878288269, 0.280491441488266, 0.01370116975158453]
[0.35563477873802185, 0.5132585167884827, 0.13110671937465668]
[0.055159781128168106, 0.3485996127128601, 0.5962405800819397]
[0.14592735469341278, 0.4949965178966522, 0.3590761125087738]
[0.5158756375312805, 0.4152623116970062, 0.06886207312345505]
[0.007549522444605827, 0.25104475021362305, 0.7414057850837708]
[0.10629641264677048, 0.38007852435112, 0.5136250853538513]
[0.03672616183757782, 0.7139177918434143, 0.24935610592365265]
[0.8291895389556885, 0.15394501388072968, 0.016865408048033714]
[0.029434582218527794, 0.5033440589904785, 0.46722131967544556]
[0.661436140537262, 0.2932974398136139, 0.04526635259389877]
[0.6027072668075562, 0.37520164251327515, 0.022091126069426537]
[0.8678750991821289, 0.12338127195835114, 0.008743653073906898]
[0.4680389165878296, 0.4499741196632385, 0.08198701590299606]
[0.18744906783103943, 0.4847005605697632, 0.3278504014015198]
[0.1996336281299591, 0.5554282069206238, 0.2449382245540619]
[0.0015168142272159457, 0.04140922427177429, 0.957073986530304]
[0.019948024302721024, 0.35239240527153015, 0.6276595592498779]
[0.09920007735490799, 0.40840548276901245, 0.49239444732666016]
[0.012111371383070946, 0.2795168459415436, 0.7083717584609985]
[0.005573260597884655, 0.43341201543807983, 0.561014711856842]
[0.5127134919166565, 0.4248100519180298, 0.06247645989060402]
[0.41819387674331665, 0.4882437586784363, 0.09356233477592468]
[0.01675671525299549, 0.4671557545661926, 0.5160875916481018]
[0.3915542960166931, 0.49464094638824463, 0.11380475014448166]
[0.0038736790884286165, 0.04523519426584244, 0.9508910775184631]
[0.884651243686676, 0.10360590368509293, 0.011742820963263512]
[0.21162176132202148, 0.35856589674949646, 0.42981240153312683]
[0.2892722189426422, 0.49349483847618103, 0.21723294258117676]
[0.4342806041240692, 0.5009929537773132, 0.06472648680210114]
[0.7600401639938354, 0.2201983630657196, 0.019761554896831512]
[0.6110771298408508, 0.35033613443374634, 0.038586728274822235]
[0.5111936330795288, 0.41017231345176697, 0.07863402366638184]
[0.02264641784131527, 0.13030725717544556, 0.8470463156700134]
[0.5666784644126892, 0.38713979721069336, 0.04618173837661743]
[0.10318361222743988, 0.3826475143432617, 0.5141688585281372]
[0.003427400952205062, 0.11922984570264816, 0.877342700958252]
[0.015476780943572521, 0.15486127138137817, 0.829662024974823]
[0.21044422686100006, 0.5366213321685791, 0.2529344856739044]
[0.5639927983283997, 0.356390118598938, 0.07961703091859818]
[0.3812513053417206, 0.4312486946582794, 0.18749995529651642]
[0.0076692295260727406, 0.06090350076556206, 0.9314272403717041]
[0.8785327672958374, 0.11313872784376144, 0.008328495547175407]
[0.7646750211715698, 0.21248598396778107, 0.022838938981294632]
[0.3603900372982025, 0.43959254026412964, 0.20001742243766785]
[0.2521892189979553, 0.6707382202148438, 0.0770726278424263]
[0.5869391560554504, 0.3949548304080963, 0.018106069415807724]
[0.35571545362472534, 0.5244078040122986, 0.1198766902089119]
[0.007178809959441423, 0.10639189183712006, 0.8864292502403259]
[0.49054229259490967, 0.3321859538555145, 0.177271768450737]
[0.7090241312980652, 0.26108765602111816, 0.029888160526752472]
[0.6846936941146851, 0.2648151218891144, 0.05049118772149086]
[0.06530261039733887, 0.6148701906204224, 0.31982722878456116]
[0.27230188250541687, 0.6450105309486389, 0.08268757909536362]
[0.026050502434372902, 0.30838045477867126, 0.6655690670013428]
[0.04373357072472572, 0.4108610451221466, 0.5454053282737732]
[0.3393663167953491, 0.5855650305747986, 0.0750686302781105]
[0.007337159011512995, 0.06174536049365997, 0.9309174418449402]
[0.009176931343972683, 0.0706813856959343, 0.9201416969299316]
[0.13983863592147827, 0.34658363461494446, 0.5135776996612549]
[0.007165977731347084, 0.040642768144607544, 0.9521912932395935]
[0.009839356876909733, 0.09918048232793808, 0.8909801840782166]
[0.00375180272385478, 0.07455512881278992, 0.9216930866241455]
[0.01004501711577177, 0.2896600365638733, 0.7002949118614197]
[0.4072146713733673, 0.5230201482772827, 0.0697651132941246]
[0.008042396046221256, 0.09773356467485428, 0.8942239880561829]
[0.09319188445806503, 0.6697121262550354, 0.2370959222316742]
[0.017158588394522667, 0.07892198860645294, 0.9039193987846375]
[0.007643211632966995, 0.10582844167947769, 0.8865283727645874]
[0.013132656924426556, 0.33668383955955505, 0.6501834988594055]
[0.0026583122089505196, 0.05907202139496803, 0.9382696151733398]
[0.05372938886284828, 0.24853579699993134, 0.6977348327636719]
[0.031034868210554123, 0.36779555678367615, 0.6011695265769958]
[0.028530370444059372, 0.21987192332744598, 0.7515977621078491]
[0.004310015123337507, 0.0255766361951828, 0.9701133370399475]
[0.506068766117096, 0.4574480950832367, 0.036483168601989746]
[0.1302286833524704, 0.5043235421180725, 0.3654477298259735]
[0.26542332768440247, 0.46639376878738403, 0.2681829035282135]
[0.47081905603408813, 0.4924403429031372, 0.036740608513355255]
[0.026206018403172493, 0.23210465908050537, 0.7416892647743225]
[0.35951119661331177, 0.5642255544662476, 0.07626316696405411]
[0.025385668501257896, 0.09930184483528137, 0.8753125071525574]
[0.06320950388908386, 0.2502652406692505, 0.6865252256393433]
[0.14310255646705627, 0.7205451130867004, 0.13635237514972687]
[0.04199158400297165, 0.3273550271987915, 0.6306533813476562]
[0.0565238781273365, 0.5069706439971924, 0.436505526304245]
[0.007311257533729076, 0.0569731742143631, 0.9357156157493591]
[0.031894076615571976, 0.3551229238510132, 0.612982988357544]
[0.019180815666913986, 0.09113925695419312, 0.8896799683570862]
[0.04469948261976242, 0.44121289253234863, 0.5140876770019531]
[0.3060086667537689, 0.6299976110458374, 0.0639936774969101]
[0.011993260122835636, 0.12312055379152298, 0.8648861646652222]
[0.16533565521240234, 0.4494767487049103, 0.385187566280365]
[0.566123366355896, 0.3777517080307007, 0.05612489581108093]
[0.007063330616801977, 0.0757007822394371, 0.9172358512878418]
[0.3466356098651886, 0.5869152545928955, 0.06644906848669052]
[0.05134585499763489, 0.5777965784072876, 0.3708575963973999]
[0.010703640058636665, 0.13121649622917175, 0.8580799102783203]
[0.006888898555189371, 0.05578801408410072, 0.9373231530189514]
[0.006438813172280788, 0.1898469775915146, 0.8037142157554626]
[0.03874046728014946, 0.6128591895103455, 0.3484003245830536]
[0.13903582096099854, 0.4511762857437134, 0.4097878932952881]
[0.6830342411994934, 0.28621721267700195, 0.03074854612350464]
[0.9170253872871399, 0.07718974351882935, 0.005784919019788504]
[0.002371752867475152, 0.04878584295511246, 0.9488423466682434]
[0.027079878374934196, 0.430865615606308, 0.5420544743537903]
[0.13864025473594666, 0.7653918266296387, 0.0959678366780281]
[0.16791363060474396, 0.7446384429931641, 0.08744793385267258]
[0.13371144235134125, 0.6030908823013306, 0.26319772005081177]
[0.27130934596061707, 0.6527528762817383, 0.07593782246112823]
[0.056061457842588425, 0.5655921697616577, 0.37834638357162476]
[0.1674748957157135, 0.7765839695930481, 0.05594107136130333]
[0.06597301363945007, 0.42256322503089905, 0.5114637017250061]
[0.14164969325065613, 0.5408856868743896, 0.3174646496772766]
[0.0024315351620316505, 0.04321455582976341, 0.954353928565979]
[0.007873008958995342, 0.6817694902420044, 0.3103574514389038]
[0.26017525792121887, 0.6085067987442017, 0.1313178688287735]
[0.007478491403162479, 0.09009217470884323, 0.9024293422698975]
[0.25793153047561646, 0.5702368021011353, 0.17183159291744232]
[0.057316116988658905, 0.8285484910011292, 0.11413529515266418]
[0.015130800195038319, 0.29701635241508484, 0.6878528594970703]
[0.059356898069381714, 0.45840510725975037, 0.4822379946708679]
[0.5885939598083496, 0.3583170771598816, 0.053088996559381485]
[0.015986228361725807, 0.05646467208862305, 0.9275491833686829]
[0.4573194086551666, 0.4397633671760559, 0.10291718691587448]
[0.002894829725846648, 0.05424688011407852, 0.9428582787513733]
[0.05385670065879822, 0.43622028827667236, 0.509922981262207]
[0.2267507016658783, 0.6458869576454163, 0.12736232578754425]
[0.08671021461486816, 0.5778288841247559, 0.3354608416557312]
[0.12709319591522217, 0.5728808641433716, 0.30002596974372864]
[0.030213482677936554, 0.24427758157253265, 0.7255088686943054]
[0.28251171112060547, 0.39508405327796936, 0.3224041759967804]
[0.29244115948677063, 0.5069575905799866, 0.2006012350320816]
[0.8253850936889648, 0.15971516072750092, 0.01489975955337286]
[0.006855615880340338, 0.03726201876997948, 0.9558824300765991]
[0.4190140664577484, 0.4821613132953644, 0.098824642598629]
[0.5433504581451416, 0.37468236684799194, 0.08196716010570526]
[0.34692248702049255, 0.5593187212944031, 0.09375876188278198]
[0.00423872284591198, 0.048184871673583984, 0.9475764632225037]
[0.2685966193675995, 0.5834515690803528, 0.14795184135437012]
[0.016263186931610107, 0.5705788731575012, 0.41315799951553345]
[0.2197159081697464, 0.5108351111412048, 0.26944899559020996]
[0.007145940791815519, 0.05437225475907326, 0.9384817481040955]
[0.012506486847996712, 0.1920257806777954, 0.795467734336853]
[0.6597887277603149, 0.30255749821662903, 0.03765374422073364]
[0.2519505023956299, 0.4444837272167206, 0.30356574058532715]
[0.38140779733657837, 0.5020122528076172, 0.11657989025115967]
[0.046613726764917374, 0.29981786012649536, 0.6535683870315552]
[0.4025956094264984, 0.539884090423584, 0.057520341128110886]
[0.6804333329200745, 0.2998844385147095, 0.019682222977280617]
[0.8608201742172241, 0.12704406678676605, 0.012135816738009453]
[0.12512432038784027, 0.39803701639175415, 0.4768386781215668]
[0.14462974667549133, 0.638346791267395, 0.21702347695827484]
[0.2614805996417999, 0.6285136938095093, 0.11000576615333557]
[0.05583189055323601, 0.5085391998291016, 0.4356289207935333]
[0.027003226801753044, 0.23031021654605865, 0.7426865100860596]
[0.16736538708209991, 0.4514309763908386, 0.3812035620212555]
[0.024508420377969742, 0.22423501312732697, 0.75125652551651]
[0.34234121441841125, 0.5270295143127441, 0.1306292712688446]
[0.004308937583118677, 0.27180206775665283, 0.7238889932632446]
[0.004723215941339731, 0.0454423762857914, 0.949834406375885]
[0.3821796774864197, 0.43833890557289124, 0.17948143184185028]
[0.03925606980919838, 0.1927192509174347, 0.7680246829986572]
[0.15579721331596375, 0.48515379428863525, 0.3590490221977234]
[0.6056228876113892, 0.35823193192481995, 0.03614520654082298]
[0.3746801018714905, 0.5660820603370667, 0.059237878769636154]
[0.00830333586782217, 0.05281009152531624, 0.9388865828514099]
[0.33828359842300415, 0.5158606767654419, 0.14585565030574799]
[0.3146328330039978, 0.5540403723716736, 0.1313267946243286]
[0.0018662868533283472, 0.03117174468934536, 0.9669619798660278]
[0.10916633903980255, 0.6291133165359497, 0.26172029972076416]
[0.004437841009348631, 0.031501442193984985, 0.9640606641769409]
[0.024142585694789886, 0.2380845844745636, 0.7377728819847107]
[0.031109079718589783, 0.1379009634256363, 0.8309900164604187]
[0.22771503031253815, 0.5995277762413025, 0.17275725305080414]
[0.8933525085449219, 0.09524590522050858, 0.01140151359140873]
[0.3697897791862488, 0.5651482343673706, 0.06506191939115524]
[0.008808583952486515, 0.1253281831741333, 0.8658632636070251]
[0.24234959483146667, 0.5126802325248718, 0.2449701726436615]
[0.1838671714067459, 0.5486215353012085, 0.2675113379955292]
[0.656943142414093, 0.303754061460495, 0.03930287063121796]
[0.39407119154930115, 0.5143323540687561, 0.09159643948078156]
[0.5573803186416626, 0.41074568033218384, 0.03187401592731476]
[0.7143877744674683, 0.26224327087402344, 0.023368988186120987]
[0.6567887663841248, 0.29163411259651184, 0.05157710239291191]
[0.0038103784900158644, 0.04862934350967407, 0.9475602507591248]
[0.814129650592804, 0.15677841007709503, 0.02909199707210064]
[0.23188945651054382, 0.4925853908061981, 0.27552518248558044]
[0.7294403910636902, 0.2324162721633911, 0.0381433367729187]
[0.7491990923881531, 0.22664763033390045, 0.02415318787097931]
[0.6379225254058838, 0.33677491545677185, 0.02530253306031227]
[0.38022512197494507, 0.5154780149459839, 0.10429681837558746]
[0.002733863890171051, 0.030352700501680374, 0.9669134020805359]
[0.003337697358801961, 0.02594580501317978, 0.9707165360450745]
[0.04909905418753624, 0.30086156725883484, 0.6500393152236938]
[0.015482640825212002, 0.20741583406925201, 0.7771015167236328]
[0.007744648959487677, 0.05104297026991844, 0.9412123560905457]
[0.005997754167765379, 0.08244270831346512, 0.911559522151947]
[0.0022117355838418007, 0.008850160986185074, 0.9889380931854248]
[0.33122190833091736, 0.42980220913887024, 0.2389759123325348]
[0.9381526112556458, 0.05562543496489525, 0.006221873685717583]
[0.08598687499761581, 0.24910247325897217, 0.6649107336997986]
[0.5066933035850525, 0.32342809438705444, 0.16987855732440948]
[0.11012459546327591, 0.5134003162384033, 0.37647512555122375]
[0.4613899290561676, 0.4010288119316101, 0.13758131861686707]
[0.5304993987083435, 0.42007845640182495, 0.04942217841744423]
[0.4909924566745758, 0.3961625397205353, 0.11284498870372772]
[0.04737531393766403, 0.4062398076057434, 0.546384871006012]
[0.05356035381555557, 0.5073606967926025, 0.4390789866447449]
[0.0635143369436264, 0.4398360252380371, 0.49664968252182007]
[0.06608901917934418, 0.3060644567012787, 0.6278465390205383]
[0.13199026882648468, 0.7772324681282043, 0.09077724814414978]
[0.03352737054228783, 0.7059579491615295, 0.2605147063732147]
[0.8933393359184265, 0.0966135561466217, 0.01004710141569376]
[0.0069494703784585, 0.059352245181798935, 0.933698296546936]
[0.12229163944721222, 0.5431638360023499, 0.33454450964927673]
[0.26120811700820923, 0.6164280772209167, 0.12236377596855164]
[0.09745554625988007, 0.42049136757850647, 0.48205316066741943]
[0.5095739364624023, 0.4216841161251068, 0.06874193251132965]
[0.18614904582500458, 0.7061657309532166, 0.10768520087003708]
[0.038876935839653015, 0.4650019705295563, 0.4961211085319519]
[0.2268296182155609, 0.45749637484550476, 0.3156740665435791]
[0.28861215710639954, 0.5476299524307251, 0.16375789046287537]
[0.4103623032569885, 0.48807257413864136, 0.10156507790088654]
[0.1233910620212555, 0.6436821818351746, 0.23292669653892517]
[0.20015719532966614, 0.4937383234500885, 0.30610451102256775]
[0.13516055047512054, 0.5533273220062256, 0.31151214241981506]
[0.07787758857011795, 0.7380032539367676, 0.1841190606355667]
[0.0992826595902443, 0.6777700185775757, 0.22294731438159943]
[0.35967057943344116, 0.4746970534324646, 0.16563239693641663]
[0.00414758687838912, 0.017641454935073853, 0.978210985660553]
[0.02758721634745598, 0.16388550400733948, 0.8085272908210754]
[0.26844191551208496, 0.6533225178718567, 0.07823563367128372]
[0.03379552811384201, 0.24487487971782684, 0.7213295698165894]
[0.04468166455626488, 0.31795963644981384, 0.6373587250709534]
[0.00392128387466073, 0.03280399367213249, 0.9632747769355774]
[0.002112251939252019, 0.030374953523278236, 0.967512845993042]
[0.16265426576137543, 0.7535945773124695, 0.08375109732151031]
[0.5909794569015503, 0.34146586060523987, 0.06755466014146805]
[0.07315357029438019, 0.2503233253955841, 0.6765231490135193]
[0.05498203635215759, 0.21176187694072723, 0.7332561016082764]
[0.8212427496910095, 0.16548313200473785, 0.013274102471768856]
[0.5920145511627197, 0.3322209119796753, 0.07576461881399155]
[0.30193597078323364, 0.44797390699386597, 0.2500901520252228]
[0.16035433113574982, 0.38653329014778137, 0.4531123638153076]
[0.697725772857666, 0.25621312856674194, 0.04606102406978607]
[0.9673182368278503, 0.03027079813182354, 0.002410928951576352]
[0.8415799736976624, 0.1495119035243988, 0.00890817865729332]
[0.5814220905303955, 0.3771931827068329, 0.041384682059288025]
[0.907776951789856, 0.08765450119972229, 0.004568534437566996]
[0.2664208710193634, 0.6419582366943359, 0.09162084013223648]
[0.05218637362122536, 0.3821185529232025, 0.56569504737854]
[0.6755761504173279, 0.28786712884902954, 0.03655671328306198]
[0.3827759325504303, 0.4997517466545105, 0.11747235804796219]
[0.018030399456620216, 0.21804283559322357, 0.7639267444610596]
[0.1190188005566597, 0.5312222242355347, 0.34975895285606384]
[0.26580867171287537, 0.44893696904182434, 0.2852543294429779]
