[0.5828686356544495, 0.34696057438850403, 0.0701707974076271]
[0.40667665004730225, 0.4057992994785309, 0.18752406537532806]
[0.33201271295547485, 0.596717894077301, 0.07126934826374054]
[0.5406619906425476, 0.4081176817417145, 0.0512203574180603]
[0.41567298769950867, 0.42181774973869324, 0.16250921785831451]
[0.03784457966685295, 0.2131018489599228, 0.7490535378456116]
[0.033772971481084824, 0.5835754871368408, 0.3826514780521393]
[0.4183279573917389, 0.445281058549881, 0.13639101386070251]
[0.33530882000923157, 0.5305213332176208, 0.13416975736618042]
[0.09372718632221222, 0.57136470079422, 0.3349080979824066]
[0.23220115900039673, 0.58856600522995, 0.17923279106616974]
[0.13980534672737122, 0.43447571992874146, 0.42571890354156494]
[0.06142556667327881, 0.19652092456817627, 0.7420535087585449]
[0.1462879180908203, 0.7201331257820129, 0.13357895612716675]
[0.8364322781562805, 0.15337097644805908, 0.010196741670370102]
[0.04896572604775429, 0.3801340162754059, 0.5709003210067749]
[0.050883952528238297, 0.404419869184494, 0.5446962118148804]
[0.09870175272226334, 0.6638099551200867, 0.23748834431171417]
[0.1215723305940628, 0.31263747811317444, 0.5657901763916016]
[0.6521590948104858, 0.3003891408443451, 0.0474516898393631]
[0.031023506075143814, 0.2857816219329834, 0.6831949353218079]
[0.15093635022640228, 0.7032132148742676, 0.14585043489933014]
[0.10230007767677307, 0.38928157091140747, 0.5084183812141418]
[0.3158576190471649, 0.4504716694355011, 0.23367060720920563]
[0.07961029559373856, 0.399767130613327, 0.5206226110458374]
[0.2732585072517395, 0.5696765184402466, 0.15706495940685272]
[0.5426767468452454, 0.3936445116996765, 0.06367877870798111]
[0.7042694687843323, 0.2577299177646637, 0.03800058364868164]
[0.6613223552703857, 0.2903238832950592, 0.04835375025868416]
[0.006035787984728813, 0.351163387298584, 0.6428008079528809]
[0.07681848108768463, 0.8786853551864624, 0.04449618607759476]
