[0.2518949806690216, 0.3925190567970276, 0.3555859625339508]
[0.02793264016509056, 0.23420386016368866, 0.7378635406494141]
[0.22511130571365356, 0.6413284540176392, 0.13356025516986847]
[0.25998973846435547, 0.6123794913291931, 0.1276308000087738]
[0.36544597148895264, 0.5244761109352112, 0.11007800698280334]
[0.00773625448346138, 0.11040319502353668, 0.881860613822937]
[0.2423921674489975, 0.4772094488143921, 0.2803983688354492]
[0.8307884335517883, 0.15400287508964539, 0.01520868856459856]
[0.29991382360458374, 0.48120665550231934, 0.21887953579425812]
[0.27017486095428467, 0.6024001836776733, 0.12742501497268677]
[0.8099199533462524, 0.17029550671577454, 0.019784538075327873]
[0.4453108012676239, 0.4976954460144043, 0.05699378624558449]
[0.6772706508636475, 0.2728995680809021, 0.049829766154289246]
[0.65827876329422, 0.30855971574783325, 0.03316158056259155]
[0.0022801996674388647, 0.02887793630361557, 0.9688419103622437]
[0.6429784297943115, 0.3144932687282562, 0.042528219521045685]
[0.8450929522514343, 0.14238227903842926, 0.012524808757007122]
[0.8193489909172058, 0.16308721899986267, 0.017563819885253906]
[0.6731834411621094, 0.29725924134254456, 0.02955731377005577]
[0.14360174536705017, 0.5979676842689514, 0.25843051075935364]
[0.15442486107349396, 0.565578281879425, 0.2799968421459198]
[0.46694448590278625, 0.4282199740409851, 0.10483553260564804]
[0.0412287712097168, 0.28929823637008667, 0.6694729924201965]
[0.010373799130320549, 0.20728836953639984, 0.7823378443717957]
[0.007007464300841093, 0.2668655514717102, 0.7261269688606262]
