[0.48565104603767395, 0.3581601083278656, 0.15618887543678284]
[0.0449901819229126, 0.2367108166217804, 0.7182989716529846]
[0.3037569224834442, 0.4884342849254608, 0.20780877768993378]
[0.4760247468948364, 0.3982085883617401, 0.12576664984226227]
[0.3222030699253082, 0.5249171257019043, 0.15287986397743225]
[0.1188245564699173, 0.7252519726753235, 0.15592345595359802]
[0.08229365944862366, 0.6899908781051636, 0.22771549224853516]
[0.03587471693754196, 0.47865089774131775, 0.4854743778705597]
[0.20488226413726807, 0.725562334060669, 0.0695553719997406]
[0.483950138092041, 0.4363914728164673, 0.07965832948684692]
[0.9579274654388428, 0.03834674507379532, 0.0037257608491927385]
[0.4096376895904541, 0.5123277306556702, 0.07803468406200409]
[0.0041187116876244545, 0.044769760221242905, 0.9511115550994873]
[0.8170546889305115, 0.15056289732456207, 0.03238242119550705]
[0.7680565118789673, 0.21896891295909882, 0.01297465618699789]
[0.1290300339460373, 0.45952340960502625, 0.41144657135009766]
[0.4480492174625397, 0.4867522120475769, 0.06519852578639984]
[0.07704431563615799, 0.6672986149787903, 0.2556571066379547]
[0.5659821629524231, 0.3970980942249298, 0.036919739097356796]
[0.5470461845397949, 0.41337233781814575, 0.03958146274089813]
[0.2894146144390106, 0.6448618769645691, 0.06572357565164566]
[0.13148362934589386, 0.7152792811393738, 0.1532370150089264]
[0.33233577013015747, 0.5566573739051819, 0.11100679636001587]
[0.11212237924337387, 0.5664989948272705, 0.3213786780834198]
[0.7460171580314636, 0.23249194025993347, 0.02149089239537716]
[0.04712997376918793, 0.30744269490242004, 0.6454273462295532]
[0.0369575209915638, 0.5759189128875732, 0.38712355494499207]
[0.14622338116168976, 0.7825612425804138, 0.07121540606021881]
[0.05740528926253319, 0.23979879915714264, 0.7027958631515503]
[0.18577687442302704, 0.6498063802719116, 0.16441677510738373]
[0.2538842260837555, 0.55430006980896, 0.19181571900844574]
[0.00502763781696558, 0.13708209991455078, 0.857890248298645]
[0.030563537031412125, 0.7355585098266602, 0.23387795686721802]
[0.8832687139511108, 0.10739807784557343, 0.009333216585218906]
[0.17185528576374054, 0.5584344267845154, 0.2697102427482605]
[0.026819953694939613, 0.33799391984939575, 0.6351861953735352]
[0.08123449236154556, 0.5819666981697083, 0.3367988169193268]
[0.0060911960899829865, 0.06272552162408829, 0.9311832189559937]
[0.8332471251487732, 0.15077568590641022, 0.015977179631590843]
[0.02870097942650318, 0.2936149537563324, 0.6776840090751648]
[0.10317932069301605, 0.7369222044944763, 0.1598985344171524]
[0.006052437704056501, 0.046258822083473206, 0.9476887583732605]
[0.03317055478692055, 0.8336009383201599, 0.13322843611240387]
[0.005106007214635611, 0.12499617040157318, 0.8698977828025818]
[0.10873275250196457, 0.8171733617782593, 0.07409387081861496]
[0.23750466108322144, 0.6885445713996887, 0.07395078986883163]
[0.6943667531013489, 0.26246994733810425, 0.04316326975822449]
[0.08876872062683105, 0.5177452564239502, 0.39348602294921875]
[0.0676860585808754, 0.4380740821361542, 0.4942398965358734]
[0.3362976014614105, 0.5661572217941284, 0.09754514694213867]
[0.3894267976284027, 0.5486651659011841, 0.06190795451402664]
[0.029401356354355812, 0.25124087929725647, 0.7193577885627747]
[0.11040425300598145, 0.46761274337768555, 0.42198294401168823]
[0.057486120611429214, 0.279376357793808, 0.6631374955177307]
[0.08898860216140747, 0.5700240731239319, 0.34098732471466064]
[0.026707902550697327, 0.6880341172218323, 0.28525808453559875]
[0.00849231705069542, 0.053938109427690506, 0.9375696182250977]
[0.02646990492939949, 0.21936319768428802, 0.7541669607162476]
[0.5360543131828308, 0.4035574197769165, 0.06038827821612358]
[0.27394604682922363, 0.6630300283432007, 0.06302393972873688]
[0.37321579456329346, 0.5615063309669495, 0.06527790427207947]
[0.8019488453865051, 0.18577325344085693, 0.012277892790734768]
[0.016480378806591034, 0.20402492582798004, 0.7794947028160095]
[0.6129114031791687, 0.3363431990146637, 0.05074538290500641]
[0.3062796890735626, 0.6183752417564392, 0.07534506916999817]
[0.0882410854101181, 0.8224148154258728, 0.0893440842628479]
[0.03159750998020172, 0.8622307777404785, 0.10617171227931976]
[0.1950843781232834, 0.7476953268051147, 0.05722023919224739]
[0.01643090508878231, 0.11263751983642578, 0.8709315657615662]
[0.7608059048652649, 0.21031709015369415, 0.028876932337880135]
[0.10746964812278748, 0.5235800743103027, 0.36895036697387695]
[0.3294685482978821, 0.5203860998153687, 0.15014536678791046]
[0.6213991641998291, 0.3281773626804352, 0.05042345076799393]
[0.6537622809410095, 0.29734912514686584, 0.0488886721432209]
[0.19122135639190674, 0.627890408039093, 0.18088825047016144]
[0.38674482703208923, 0.4633050560951233, 0.1499500572681427]
[0.8489986658096313, 0.14010368287563324, 0.010897668078541756]
[0.3209937512874603, 0.613019585609436, 0.06598664075136185]
[0.19201026856899261, 0.7189300656318665, 0.0890597477555275]
[0.6300650835037231, 0.3278467357158661, 0.04208822548389435]
[0.5063820481300354, 0.4102081060409546, 0.08340991288423538]
[0.3359566628932953, 0.4757876396179199, 0.1882556974887848]
[0.3940806984901428, 0.5383443236351013, 0.06757505238056183]
[0.5086294412612915, 0.3931095600128174, 0.09826095402240753]
[0.27365759015083313, 0.6243913769721985, 0.10195108503103256]
[0.02783096767961979, 0.14765481650829315, 0.8245142698287964]
[0.18590545654296875, 0.43662217259407043, 0.3774723410606384]
[0.022099314257502556, 0.25735700130462646, 0.720543622970581]
[0.14398770034313202, 0.5822122097015381, 0.2738001048564911]
[0.08169453591108322, 0.7112999558448792, 0.20700547099113464]
[0.1282682567834854, 0.5059723854064941, 0.36575937271118164]
[0.040553685277700424, 0.26326119899749756, 0.6961851119995117]
[0.012196079827845097, 0.2244063764810562, 0.7633975744247437]
[0.6130415201187134, 0.3147321343421936, 0.0722263976931572]
[0.004211753141134977, 0.04464508593082428, 0.9511431455612183]
[0.032527826726436615, 0.25297215580940247, 0.7145000696182251]
[0.002774397609755397, 0.043452151119709015, 0.9537734389305115]
[0.002116918098181486, 0.05262777581810951, 0.9452553391456604]
[0.0438171923160553, 0.3260056972503662, 0.6301770806312561]
[0.1592276394367218, 0.4684154689311981, 0.37235692143440247]
[0.0216924250125885, 0.17822355031967163, 0.800084114074707]
[0.10990950465202332, 0.6969873905181885, 0.1931031346321106]
[0.34906840324401855, 0.5832358002662659, 0.06769571453332901]
[0.22836506366729736, 0.5707047581672668, 0.2009301483631134]
[0.15380658209323883, 0.29098227620124817, 0.5552111268043518]
[0.7447885274887085, 0.22188341617584229, 0.033328112214803696]
[0.1872892677783966, 0.4074590504169464, 0.40525171160697937]
[0.2588445842266083, 0.5595353245735168, 0.18162009119987488]
[0.5424291491508484, 0.37932804226875305, 0.07824280858039856]
[0.28486236929893494, 0.4427756071090698, 0.27236196398735046]
[0.055776629596948624, 0.6168134212493896, 0.3274100422859192]
[0.09921003133058548, 0.44666406512260437, 0.45412588119506836]
[0.9026194214820862, 0.09044284373521805, 0.006937797646969557]
[0.17122657597064972, 0.6159765124320984, 0.21279697120189667]
[0.32255902886390686, 0.5601720809936523, 0.11726883053779602]
[0.3160736560821533, 0.5829315185546875, 0.10099481791257858]
[0.9312361478805542, 0.06579435616731644, 0.002969426102936268]
[0.8966637849807739, 0.09681951254606247, 0.0065166521817445755]
[0.4354742467403412, 0.47353580594062805, 0.09098998457193375]
[0.6978583335876465, 0.262590229511261, 0.039551496505737305]
[0.8394914269447327, 0.1498914211988449, 0.010617206804454327]
[0.24209575355052948, 0.5932207107543945, 0.16468359529972076]
[0.44377031922340393, 0.49805790185928345, 0.058171749114990234]
[0.8660147786140442, 0.12366028130054474, 0.010324952192604542]
[0.7782370448112488, 0.20362286269664764, 0.018140144646167755]
[0.0010037022875621915, 0.02283996157348156, 0.9761562943458557]
[0.0011062939884141088, 0.035305239260196686, 0.9635884761810303]
[0.2521984875202179, 0.6045660376548767, 0.143235445022583]
[0.2354545295238495, 0.5958720445632935, 0.16867341101169586]
[0.004433643072843552, 0.023225966840982437, 0.9723404049873352]
[0.11585485935211182, 0.6643613576889038, 0.21978376805782318]
[0.6014126539230347, 0.27037033438682556, 0.12821711599826813]
[0.002108462620526552, 0.019913459196686745, 0.9779781103134155]
[0.006685355212539434, 0.01580730453133583, 0.9775072932243347]
[0.6160127520561218, 0.3377308249473572, 0.046256326138973236]
[0.5574933290481567, 0.391788512468338, 0.05071811378002167]
[0.40503931045532227, 0.5621513724327087, 0.032809339463710785]
[0.3783769905567169, 0.5190119743347168, 0.10261107981204987]
[0.61091548204422, 0.36376652121543884, 0.025318052619695663]
[0.705276370048523, 0.25092998147010803, 0.043793629854917526]
[0.02527402900159359, 0.14596159756183624, 0.8287643790245056]
[0.21904267370700836, 0.6291404366493225, 0.15181687474250793]
[0.020166629925370216, 0.21606475114822388, 0.7637686133384705]
[0.5287408828735352, 0.4146232604980469, 0.05663592368364334]
[0.17445871233940125, 0.6032650470733643, 0.22227627038955688]
[0.5041415095329285, 0.44431570172309875, 0.051542770117521286]
[0.29188308119773865, 0.5992507338523865, 0.10886618494987488]
[0.16529598832130432, 0.42774760723114014, 0.40695637464523315]
[0.26682817935943604, 0.6004499793052673, 0.13272181153297424]
[0.5021947622299194, 0.3711572587490082, 0.12664788961410522]
[0.19008012115955353, 0.5323196649551392, 0.2776002883911133]
[0.533941924571991, 0.32875820994377136, 0.13729986548423767]
[0.28114673495292664, 0.6211650371551514, 0.09768824279308319]
[0.0770248994231224, 0.6429989337921143, 0.27997612953186035]
[0.002428581705316901, 0.023653669282794, 0.9739177823066711]
[0.16321608424186707, 0.46978849172592163, 0.3669954538345337]
[0.5817888975143433, 0.3601728081703186, 0.05803830921649933]
[0.053414296358823776, 0.285306453704834, 0.6612792611122131]
[0.05902611464262009, 0.32957014441490173, 0.61140376329422]
[0.09584207087755203, 0.6569399833679199, 0.24721790850162506]
[0.5416029691696167, 0.40870052576065063, 0.04969649016857147]
[0.5349575877189636, 0.41744285821914673, 0.047599561512470245]
[0.716445803642273, 0.26394206285476685, 0.019612126052379608]
[0.8788208961486816, 0.11378811299800873, 0.007390941027551889]
[0.8128132820129395, 0.17947548627853394, 0.007711168844252825]
[0.8753690123558044, 0.12042547762393951, 0.004205510951578617]
[0.9135664105415344, 0.0824960321187973, 0.003937630448490381]
[0.3185025155544281, 0.6086586713790894, 0.07283888012170792]
[0.08598613739013672, 0.7123540043830872, 0.20165987312793732]
[0.016036225482821465, 0.649387538433075, 0.33457624912261963]
[0.5405072569847107, 0.3788747489452362, 0.0806179866194725]
[0.5590720176696777, 0.3947751522064209, 0.04615280032157898]
[0.3037334382534027, 0.6158764958381653, 0.0803900957107544]
[0.0059505668468773365, 0.07542090117931366, 0.9186285138130188]
[0.010058052837848663, 0.2530994117259979, 0.7368425130844116]
[0.6418907046318054, 0.3265117406845093, 0.03159753605723381]
[0.2741905450820923, 0.5726342797279358, 0.15317519009113312]
[0.15060995519161224, 0.6435903310775757, 0.20579968392848969]
[0.053285229951143265, 0.5919468998908997, 0.3547678291797638]
[0.2608848512172699, 0.6500730514526367, 0.08904207497835159]
[0.031010901555418968, 0.652746319770813, 0.3162427842617035]
[0.7286258339881897, 0.2544620633125305, 0.016912132501602173]
[0.2074805051088333, 0.6392961740493774, 0.15322330594062805]
[0.03874724358320236, 0.34752580523490906, 0.6137269735336304]
[0.1449647843837738, 0.6574487090110779, 0.1975865215063095]
[0.019564950838685036, 0.1487540602684021, 0.831680953502655]
[0.23025327920913696, 0.418069988489151, 0.3516767621040344]
[0.09705879539251328, 0.5609392523765564, 0.34200194478034973]
[0.010489625856280327, 0.20999468863010406, 0.7795157432556152]
[0.240348219871521, 0.698452353477478, 0.06119951605796814]
[0.298636257648468, 0.6411881446838379, 0.060175612568855286]
[0.0626600831747055, 0.6409618854522705, 0.2963780462741852]
[0.12530750036239624, 0.8313478827476501, 0.04334454610943794]
[0.5372824668884277, 0.42369210720062256, 0.03902541473507881]
[0.43655329942703247, 0.33487433195114136, 0.22857238352298737]
[0.0031595067121088505, 0.021213756874203682, 0.9756267070770264]
[0.010873367078602314, 0.16722990572452545, 0.8218966722488403]
[0.45842859148979187, 0.5167039632797241, 0.024867476895451546]
[0.1012732982635498, 0.6376672983169556, 0.261059433221817]
[0.566927969455719, 0.366925448179245, 0.0661466121673584]
[0.44301748275756836, 0.5069664716720581, 0.05001609027385712]
[0.366883248090744, 0.5743943452835083, 0.05872251093387604]
[0.006235220935195684, 0.07537902891635895, 0.9183857440948486]
[0.12747006118297577, 0.35159003734588623, 0.520939826965332]
[0.39385131001472473, 0.48916861414909363, 0.11698004603385925]
[0.01151289977133274, 0.2653835713863373, 0.7231035828590393]
[0.012177649885416031, 0.4571232795715332, 0.5306990742683411]
[0.12634330987930298, 0.3454567492008209, 0.5281999111175537]
[0.15465708076953888, 0.47026175260543823, 0.37508121132850647]
[0.014558644033968449, 0.07234226167201996, 0.9130990505218506]
[0.03183725103735924, 0.4764310121536255, 0.49173179268836975]
[0.4059852659702301, 0.4581809639930725, 0.1358337700366974]
[0.5587804317474365, 0.3636873960494995, 0.07753217965364456]
[0.4915549159049988, 0.4396803081035614, 0.06876473128795624]
[0.07030647248029709, 0.3860326409339905, 0.5436608195304871]
[0.4353814721107483, 0.4481388330459595, 0.11647968739271164]
[0.20775315165519714, 0.5973916053771973, 0.19485525786876678]
[0.3803000748157501, 0.449018269777298, 0.1706816405057907]
[0.004244889132678509, 0.06786423176527023, 0.9278908967971802]
[0.3035164177417755, 0.41085463762283325, 0.285629004240036]
[0.014390937983989716, 0.366885244846344, 0.6187238097190857]
[0.43619561195373535, 0.4918382465839386, 0.07196617871522903]
[0.6829943060874939, 0.27454307675361633, 0.0424625501036644]
[0.10332746058702469, 0.631588876247406, 0.2650836706161499]
[0.12080075591802597, 0.47125792503356934, 0.4079413115978241]
[0.5253360867500305, 0.42858120799064636, 0.04608270898461342]
[0.25481224060058594, 0.6609385013580322, 0.08424918353557587]
[0.4787050485610962, 0.41710859537124634, 0.10418631881475449]
[0.7605623602867126, 0.22401975095272064, 0.01541783194988966]
[0.6027640104293823, 0.34503230452537537, 0.05220368131995201]
[0.41519585251808167, 0.4319295883178711, 0.15287454426288605]
[0.406427800655365, 0.38094907999038696, 0.21262314915657043]
[0.017373355105519295, 0.09544993191957474, 0.8871766924858093]
[0.7310362458229065, 0.2458791732788086, 0.02308463118970394]
[0.38142526149749756, 0.5152896046638489, 0.10328514128923416]
[0.004106956534087658, 0.0899660587310791, 0.9059269428253174]
[0.16266275942325592, 0.42823734879493713, 0.409099817276001]
[0.48513802886009216, 0.45185476541519165, 0.06300719082355499]
[0.21723102033138275, 0.6549426317214966, 0.12782631814479828]
[0.21954968571662903, 0.6877902746200562, 0.09265999495983124]
[0.26956188678741455, 0.5135518908500671, 0.2168862372636795]
[0.1776076853275299, 0.4042777121067047, 0.41811463236808777]
[0.19335326552391052, 0.7024259567260742, 0.10422082990407944]
[0.056834880262613297, 0.2707824110984802, 0.672382652759552]
[0.570574164390564, 0.38678666949272156, 0.04263917729258537]
[0.7189328670501709, 0.25266847014427185, 0.02839869260787964]
[0.10378963500261307, 0.485062837600708, 0.4111475348472595]
[0.061473648995161057, 0.3253178596496582, 0.613208532333374]
[0.0025114191230386496, 0.07316461205482483, 0.9243239760398865]
[0.05444754287600517, 0.4414224922657013, 0.5041300058364868]
[0.02121562696993351, 0.4422187805175781, 0.5365655422210693]
[0.041154567152261734, 0.2848580777645111, 0.6739873886108398]
[0.6196807622909546, 0.33562102913856506, 0.04469820857048035]
[0.020981598645448685, 0.11669684946537018, 0.8623215556144714]
[0.450303316116333, 0.5002890229225159, 0.049407605081796646]
[0.07960312068462372, 0.4809873104095459, 0.4394095540046692]
[0.1936904489994049, 0.6843088269233704, 0.12200073897838593]
[0.16414271295070648, 0.6218216419219971, 0.21403570473194122]
[0.8661361932754517, 0.1216609999537468, 0.01220278162509203]
[0.49737870693206787, 0.31908556818962097, 0.18353579938411713]
[0.05753425881266594, 0.41087606549263, 0.5315896272659302]
[0.23386816680431366, 0.5781630277633667, 0.18796883523464203]
[0.03153831884264946, 0.16425903141498566, 0.8042026162147522]
[0.482307106256485, 0.48343250155448914, 0.03426036983728409]
[0.5701494812965393, 0.4038553237915039, 0.025995193049311638]
[0.28661027550697327, 0.6276769638061523, 0.08571270853281021]
[0.14336121082305908, 0.614953875541687, 0.2416848987340927]
[0.2602190375328064, 0.5358166694641113, 0.2039642333984375]
[0.29673030972480774, 0.4727739691734314, 0.23049579560756683]
[0.5447259545326233, 0.4127658009529114, 0.04250820353627205]
[0.04435541108250618, 0.26403751969337463, 0.6916070580482483]
[0.24909165501594543, 0.6237065196037292, 0.12720181047916412]
[0.43375757336616516, 0.5264906287193298, 0.03975187614560127]
[0.05903052166104317, 0.31667640805244446, 0.6242930889129639]
[0.006054287310689688, 0.06971780955791473, 0.9242279529571533]
[0.0016469259280711412, 0.05940745770931244, 0.9389456510543823]
[0.137406587600708, 0.5006930828094482, 0.36190032958984375]
[0.3287399709224701, 0.5982658863067627, 0.07299414277076721]
[0.33650654554367065, 0.5811663269996643, 0.08232709765434265]
[0.8869224190711975, 0.10097116231918335, 0.012106385082006454]
[0.6005986332893372, 0.37746462225914, 0.021936753764748573]
[0.7082874178886414, 0.244325652718544, 0.047386880964040756]
[0.4364483654499054, 0.49084410071372986, 0.07270758599042892]
[0.3175393044948578, 0.5497810244560242, 0.13267968595027924]
[0.562307596206665, 0.39676040410995483, 0.04093202203512192]
[0.5068941116333008, 0.4019411504268646, 0.0911647230386734]
[0.17414669692516327, 0.49089741706848145, 0.33495596051216125]
[0.03507920354604721, 0.42516177892684937, 0.5397590398788452]
[0.4949565529823303, 0.3975467085838318, 0.10749662667512894]
[0.002381342463195324, 0.036804672330617905, 0.9608139395713806]
[0.942003071308136, 0.05315031111240387, 0.004846547264605761]
[0.1352270394563675, 0.5775677561759949, 0.28720518946647644]
[0.21293345093727112, 0.7175814509391785, 0.0694851279258728]
[0.2544293701648712, 0.6073430180549622, 0.1382276713848114]
[0.0381651446223259, 0.21407826244831085, 0.7477566003799438]
[0.10676459968090057, 0.34093859791755676, 0.5522967576980591]
[0.38019412755966187, 0.35551905632019043, 0.26428675651550293]
[0.2104666829109192, 0.570770800113678, 0.2187625765800476]
[0.015943357720971107, 0.4481959044933319, 0.5358607172966003]
[0.4840320944786072, 0.46361157298088074, 0.052356425672769547]
[0.3348558247089386, 0.606535017490387, 0.05860918015241623]
[0.37876537442207336, 0.5375433564186096, 0.08369123935699463]
[0.08057865500450134, 0.7450161576271057, 0.17440511286258698]
[0.16906656324863434, 0.7181352972984314, 0.11279816180467606]
[0.006695450749248266, 0.24343739449977875, 0.7498671412467957]
[0.04310891777276993, 0.2886471450328827, 0.668243944644928]
[0.01659371145069599, 0.2923961281776428, 0.6910101175308228]
[0.38086241483688354, 0.5107588768005371, 0.10837871581315994]
[0.6456428170204163, 0.3320147693157196, 0.022342413663864136]
[0.4025123417377472, 0.5231071710586548, 0.0743805319070816]
[0.5971172451972961, 0.3600485920906067, 0.04283418133854866]
[0.5226384401321411, 0.3861759603023529, 0.0911855548620224]
[0.038983624428510666, 0.5428676009178162, 0.41814881563186646]
[0.05921299010515213, 0.4271101951599121, 0.5136768221855164]
[0.39250534772872925, 0.5047326683998108, 0.10276199877262115]
[0.41523393988609314, 0.4825068414211273, 0.10225921124219894]
[0.23186467587947845, 0.6235132217407227, 0.1446220427751541]
[0.24442234635353088, 0.48277702927589417, 0.2728006839752197]
[0.8497130870819092, 0.14366455376148224, 0.006622344721108675]
[0.4041227102279663, 0.5418688654899597, 0.05400840565562248]
[0.21707437932491302, 0.3562908470630646, 0.4266347289085388]
[0.045719001442193985, 0.1941574662923813, 0.7601235508918762]
[0.19764143228530884, 0.464201420545578, 0.33815717697143555]
[0.5938900113105774, 0.3383689224720001, 0.06774111837148666]
[0.5271667838096619, 0.3937423825263977, 0.07909085601568222]
[0.4041532576084137, 0.42309367656707764, 0.17275308072566986]
[0.7344644069671631, 0.248570054769516, 0.01696554571390152]
[0.23715467751026154, 0.6586437225341797, 0.10420149564743042]
[0.2119883894920349, 0.4073503911495209, 0.3806612491607666]
[0.4650684893131256, 0.4511573910713196, 0.08377407491207123]
[0.6906430721282959, 0.2638620138168335, 0.04549491032958031]
