[0.02605614624917507, 0.13962116837501526, 0.8343226909637451]
[0.4135749042034149, 0.5007628202438354, 0.08566223829984665]
[0.2756345272064209, 0.5876583456993103, 0.13670720160007477]
[0.5265605449676514, 0.3966839015483856, 0.07675552368164062]
[0.03891809657216072, 0.30239588022232056, 0.6586859822273254]
[0.005429387558251619, 0.20482835173606873, 0.7897422313690186]
[0.21539153158664703, 0.5979059934616089, 0.18670250475406647]
[0.015764269977808, 0.5052623748779297, 0.4789734482765198]
[0.4172326922416687, 0.470010906457901, 0.1127563938498497]
[0.17542892694473267, 0.5278277397155762, 0.29674333333969116]
[0.08819907903671265, 0.4683563709259033, 0.4434446096420288]
[0.04812408983707428, 0.4019491970539093, 0.5499267578125]
[0.006808208301663399, 0.11784923076629639, 0.8753425478935242]
[0.004368843976408243, 0.06966613233089447, 0.9259650111198425]
[0.7536497116088867, 0.22639264166355133, 0.0199576485902071]
[0.0037604172248393297, 0.015852736309170723, 0.9803869128227234]
[0.07670929282903671, 0.2893092930316925, 0.633981466293335]
[0.043765392154455185, 0.8532832264900208, 0.10295134037733078]
[0.03888269513845444, 0.4590652287006378, 0.5020520687103271]
[0.012810509651899338, 0.12145306169986725, 0.8657363653182983]
[0.1895136684179306, 0.6939460635185242, 0.1165403351187706]
[0.044842131435871124, 0.44261351227760315, 0.5125443935394287]
[0.0037774930242449045, 0.08974690735340118, 0.9064756035804749]
[0.02813541702926159, 0.32114627957344055, 0.6507183313369751]
[0.1986018866300583, 0.690115749835968, 0.11128238588571548]
[0.5077539086341858, 0.39445409178733826, 0.09779204428195953]
[0.02386081963777542, 0.3937284052371979, 0.5824107527732849]
[0.1447763442993164, 0.6299842000007629, 0.22523947060108185]
[0.44761478900909424, 0.43798986077308655, 0.11439541727304459]
[0.030354922637343407, 0.16918396949768066, 0.8004610538482666]
[0.10154316574335098, 0.7624961733818054, 0.1359606236219406]
[0.047504499554634094, 0.8160839676856995, 0.13641159236431122]
[0.4348886013031006, 0.47124919295310974, 0.09386221319437027]
[0.31904858350753784, 0.5525291562080383, 0.12842217087745667]
[0.35013991594314575, 0.5003395080566406, 0.14952051639556885]
[0.03210717439651489, 0.4598057270050049, 0.508087158203125]
[0.14921151101589203, 0.3643459379673004, 0.48644259572029114]
[0.04364693909883499, 0.6590484976768494, 0.29730454087257385]
[0.0458773635327816, 0.23416176438331604, 0.7199608683586121]
[0.6324198246002197, 0.3372158408164978, 0.0303643885999918]
[0.008592396974563599, 0.10941523313522339, 0.8819923400878906]
[0.02028588205575943, 0.22263668477535248, 0.7570773363113403]
[0.002505159005522728, 0.03604885935783386, 0.9614459276199341]
[0.38837191462516785, 0.5304694771766663, 0.0811585932970047]
[0.009896899573504925, 0.08882707357406616, 0.9012760519981384]
[0.014585421420633793, 0.11671805381774902, 0.8686965107917786]
[0.4130050837993622, 0.48359593749046326, 0.10339900106191635]
[0.3736967444419861, 0.4777525067329407, 0.14855073392391205]
[0.18000023066997528, 0.4432488977909088, 0.37675079703330994]
[0.0053332592360675335, 0.09535729140043259, 0.8993093967437744]
[0.2291332483291626, 0.2815014123916626, 0.4893653094768524]
[0.0015163759235292673, 0.012668025679886341, 0.9858156442642212]
