[0.5030284523963928, 0.4072827994823456, 0.0896887257695198]
[0.018507447093725204, 0.3191838562488556, 0.6623086333274841]
[0.0065778023563325405, 0.09480777382850647, 0.8986144661903381]
[0.254788875579834, 0.4369771182537079, 0.30823397636413574]
[0.0124582564458251, 0.600151002407074, 0.38739079236984253]
[0.02377261407673359, 0.35976502299308777, 0.6164624094963074]
[0.03391484543681145, 0.3099624514579773, 0.656122624874115]
[0.3220970332622528, 0.5483505725860596, 0.12955233454704285]
[0.1858569234609604, 0.7403775453567505, 0.07376549392938614]
[0.10975375771522522, 0.6485284566879272, 0.24171771109104156]
[0.11937650293111801, 0.44904249906539917, 0.43158096075057983]
[0.10375974327325821, 0.5185114741325378, 0.37772881984710693]
[0.11209920048713684, 0.5655058026313782, 0.3223949372768402]
[0.41426342725753784, 0.4795369505882263, 0.10619959980249405]
[0.13287100195884705, 0.4005516767501831, 0.46657729148864746]
[0.5387691855430603, 0.39329424500465393, 0.06793659925460815]
[0.16752007603645325, 0.48730576038360596, 0.3451741933822632]
[0.048199377954006195, 0.3882540464401245, 0.5635465383529663]
[0.5027465224266052, 0.4078640043735504, 0.08938951790332794]
[0.004591396544128656, 0.044877927750349045, 0.9505306482315063]
[0.015741262584924698, 0.14277969300746918, 0.8414790630340576]
[0.3089483976364136, 0.5486681461334229, 0.1423834264278412]
[0.16432538628578186, 0.30414411425590515, 0.531530499458313]
[0.46677273511886597, 0.38889849185943604, 0.14432880282402039]
[0.12084326893091202, 0.3852386176586151, 0.4939180910587311]
[0.5752258896827698, 0.3529309928417206, 0.07184317708015442]
[0.7798305153846741, 0.18755720555782318, 0.032612305134534836]
[0.2610540986061096, 0.6159948706626892, 0.12295100092887878]
[0.03947001323103905, 0.20489349961280823, 0.7556365132331848]
[0.007600092329084873, 0.051866400986909866, 0.9405335187911987]
[0.11406154185533524, 0.39662495255470276, 0.4893135130405426]
[0.20556528866291046, 0.3136320114135742, 0.48080265522003174]
[0.17718486487865448, 0.43195948004722595, 0.39085569977760315]
[0.025501249358057976, 0.11941612511873245, 0.855082631111145]
[0.049770891666412354, 0.2141076624393463, 0.736121416091919]
[0.6043347716331482, 0.32763537764549255, 0.06802988797426224]
[0.023683834820985794, 0.29336124658584595, 0.6829549074172974]
[0.24166527390480042, 0.6001402139663696, 0.15819454193115234]
[0.002134239301085472, 0.02282494679093361, 0.975040853023529]
