[0.01320896577090025, 0.10282006859779358, 0.8839709758758545]
[0.0036501118447631598, 0.1324520707130432, 0.8638978600502014]
[0.49178409576416016, 0.4233935475349426, 0.08482237905263901]
[0.4652782678604126, 0.4151804447174072, 0.11954132467508316]
[0.4972947835922241, 0.44761598110198975, 0.05508927255868912]
[0.1925579458475113, 0.7044691443443298, 0.10297293215990067]
[0.1536794900894165, 0.5972852110862732, 0.2490352988243103]
[0.3146195411682129, 0.5256938934326172, 0.1596866101026535]
[0.04236796125769615, 0.4168199598789215, 0.5408121347427368]
[0.35506218671798706, 0.5293301939964294, 0.11560757458209991]
[0.07328949868679047, 0.25422120094299316, 0.6724893450737]
[0.1836928278207779, 0.575583279132843, 0.24072392284870148]
[0.017467202618718147, 0.21781794726848602, 0.7647148966789246]
[0.25571244955062866, 0.5855595469474792, 0.15872804820537567]
[0.019614575430750847, 0.5066477656364441, 0.4737376868724823]
[0.027565069496631622, 0.2602697014808655, 0.7121651768684387]
[0.23535087704658508, 0.5902606844902039, 0.17438845336437225]
[0.1752205193042755, 0.5515087246894836, 0.27327072620391846]
[0.5026966333389282, 0.40804752707481384, 0.08925580978393555]
[0.18879590928554535, 0.6683724522590637, 0.14283156394958496]
[0.004629259929060936, 0.061531148850917816, 0.9338395595550537]
[0.4037173092365265, 0.47551199793815613, 0.12077075242996216]
[0.07944793254137039, 0.23316718637943268, 0.6873849034309387]
[0.022547943517565727, 0.2717006206512451, 0.7057514190673828]
[0.009079218842089176, 0.14739610254764557, 0.8435246348381042]
[0.09969651699066162, 0.5439154505729675, 0.3563879728317261]
[0.06341608613729477, 0.7694140076637268, 0.16716986894607544]
[0.013733571395277977, 0.09758700430393219, 0.8886794447898865]
[0.826989471912384, 0.15518809854984283, 0.017822429537773132]
[0.2366059124469757, 0.5501953363418579, 0.21319876611232758]
[0.47074854373931885, 0.4783462584018707, 0.050905127078294754]
[0.3122921586036682, 0.4363398253917694, 0.25136798620224]
[0.5237300395965576, 0.3763614892959595, 0.0999085009098053]
[0.14175428450107574, 0.5235859751701355, 0.3346596658229828]
[0.3566123843193054, 0.5491699576377869, 0.09421771764755249]
[0.10645785182714462, 0.5637816190719604, 0.32976052165031433]
[0.2954159379005432, 0.5947456359863281, 0.10983848571777344]
[0.027026286348700523, 0.20670992136001587, 0.7662638425827026]
[0.009783740155398846, 0.038666900247335434, 0.9515493512153625]
[0.5636171102523804, 0.3313622772693634, 0.10502061992883682]
[0.36136478185653687, 0.5713003277778625, 0.06733492016792297]
[0.01611538603901863, 0.33436235785484314, 0.6495222449302673]
[0.19878044724464417, 0.3690342605113983, 0.43218526244163513]
[0.47819146513938904, 0.4104379713535309, 0.11137048900127411]
[0.5058228969573975, 0.4220428764820099, 0.07213423401117325]
[0.61185622215271, 0.2858065068721771, 0.1023373082280159]
[0.1795259416103363, 0.614822268486023, 0.20565178990364075]
[0.2698247730731964, 0.3053939938545227, 0.4247812032699585]
[0.0034740492701530457, 0.018646860495209694, 0.9778791069984436]
[0.523204505443573, 0.30339980125427246, 0.17339566349983215]
[0.18133707344532013, 0.5269010066986084, 0.2917619049549103]
