[0.02654886059463024, 0.20568928122520447, 0.7677618861198425]
[0.011789536103606224, 0.23276387155056, 0.7554465532302856]
[0.17639809846878052, 0.5013959407806396, 0.32220593094825745]
[0.15657539665699005, 0.47998300194740295, 0.36344167590141296]
[0.025467341765761375, 0.2057010531425476, 0.7688316106796265]
[0.008948920294642448, 0.07057292759418488, 0.920478105545044]
[0.02557196281850338, 0.5422009229660034, 0.43222713470458984]
[0.008823296055197716, 0.13733279705047607, 0.8538438677787781]
[0.084764763712883, 0.3715745210647583, 0.5436606407165527]
[0.43669551610946655, 0.44769594073295593, 0.11560845375061035]
[0.3735189437866211, 0.4858328104019165, 0.14064820110797882]
[0.030756566673517227, 0.2717287838459015, 0.6975145936012268]
[0.36274221539497375, 0.5647023916244507, 0.07255537062883377]
[0.06443747133016586, 0.7246359586715698, 0.2109266072511673]
[0.05272451043128967, 0.3348526954650879, 0.6124228239059448]
[0.02794250100851059, 0.4997665286064148, 0.4722910225391388]
[0.5259720087051392, 0.3843267858028412, 0.08970116823911667]
[0.48804765939712524, 0.4446977376937866, 0.06725458800792694]
[0.06540628522634506, 0.4573667049407959, 0.47722703218460083]
[0.2432897537946701, 0.6432058811187744, 0.1135043129324913]
[0.2047702819108963, 0.5933663845062256, 0.2018633931875229]
[0.18092873692512512, 0.43874886631965637, 0.3803224265575409]
[0.0033439553808420897, 0.0344102568924427, 0.9622458219528198]
[0.7051087021827698, 0.251519113779068, 0.04337214305996895]
[0.002172263106331229, 0.037513770163059235, 0.9603140354156494]
[0.016676481813192368, 0.12499695271253586, 0.8583266139030457]
