[0.03508346155285835, 0.1672830730676651, 0.7976335287094116]
[0.002443022793158889, 0.039319515228271484, 0.9582374691963196]
[0.01310843974351883, 0.050946857780218124, 0.935944676399231]
[0.058621201664209366, 0.31639960408210754, 0.6249791979789734]
[0.018210643902420998, 0.1674029678106308, 0.8143863677978516]
[0.04088728129863739, 0.1663101464509964, 0.7928025126457214]
[0.012005319818854332, 0.18435688316822052, 0.8036377429962158]
[0.00346838659606874, 0.06076041981577873, 0.9357712268829346]
[0.09549558162689209, 0.28424757719039917, 0.620256781578064]
[0.01342742145061493, 0.07712439447641373, 0.9094481468200684]
[0.009054385125637054, 0.04411829635500908, 0.9468273520469666]
[0.5183746218681335, 0.41041627526283264, 0.07120902836322784]
[0.8555294275283813, 0.1295623481273651, 0.014908215962350368]
[0.0060303956270217896, 0.052493516355752945, 0.941476047039032]
[0.03581685200333595, 0.1600010097026825, 0.8041821122169495]
[0.006089803762733936, 0.035785142332315445, 0.9581250548362732]
[0.0028537344187498093, 0.02349696308374405, 0.9736493229866028]
[0.005992044694721699, 0.1918303668498993, 0.8021776080131531]
[0.007314921356737614, 0.08081726729869843, 0.9118677377700806]
[0.06757984310388565, 0.3887757956981659, 0.543644368648529]
[0.10195138305425644, 0.264731764793396, 0.6333168745040894]
[0.121474489569664, 0.5778194665908813, 0.30070602893829346]
[0.0757298395037651, 0.2566704750061035, 0.6675997376441956]
[0.04094249755144119, 0.21799522638320923, 0.7410622239112854]
[0.04880731180310249, 0.39691996574401855, 0.5542727112770081]
[0.614601194858551, 0.3495837152004242, 0.03581516444683075]
[0.0011644696351140738, 0.015009483322501183, 0.9838261008262634]
