[0.006617574021220207, 0.08189604431390762, 0.9114863872528076]
[0.4620598554611206, 0.45686060190200806, 0.08107952773571014]
[0.0024312727618962526, 0.02507069893181324, 0.9724980592727661]
[0.005746247246861458, 0.0358053520321846, 0.9584484100341797]
[0.4087750315666199, 0.4430444538593292, 0.14818055927753448]
[0.342279851436615, 0.509223461151123, 0.14849668741226196]
[0.06001856178045273, 0.3560847043991089, 0.5838966965675354]
[0.44919484853744507, 0.38981515169143677, 0.16099001467227936]
[0.5043925642967224, 0.38762232661247253, 0.10798509418964386]
[0.02934846468269825, 0.3687061667442322, 0.6019454002380371]
[0.043975505977869034, 0.1839292347431183, 0.772095263004303]
[0.708234429359436, 0.24479463696479797, 0.04697096720337868]
[0.6801981329917908, 0.27695804834365845, 0.04284374788403511]
[0.665490984916687, 0.2615377902984619, 0.0729711726307869]
[0.964458703994751, 0.031833142042160034, 0.0037081914488226175]
[0.829181432723999, 0.15052905678749084, 0.020289568230509758]
[0.2756488621234894, 0.5792781710624695, 0.14507295191287994]
[0.6422644257545471, 0.32362988591194153, 0.03410567343235016]
[0.43259817361831665, 0.41969072818756104, 0.14771105349063873]
[0.17410802841186523, 0.33206793665885925, 0.4938241243362427]
[0.060198210179805756, 0.36406847834587097, 0.5757333636283875]
[0.5545088648796082, 0.3652785122394562, 0.08021260797977448]
[0.11916574090719223, 0.5135487914085388, 0.36728549003601074]
[0.003586971201002598, 0.12489581853151321, 0.8715172410011292]
[0.23375755548477173, 0.6544701457023621, 0.1117723360657692]
