[0.39620208740234375, 0.38240551948547363, 0.22139236330986023]
[0.0908220186829567, 0.23580385744571686, 0.6733741164207458]
[0.11048774421215057, 0.6839331984519958, 0.20557908713817596]
[0.5129923224449158, 0.42200618982315063, 0.0650014728307724]
[0.12337268888950348, 0.4834871292114258, 0.39314019680023193]
[0.9053192138671875, 0.08570821583271027, 0.0089725935831666]
[0.049875348806381226, 0.5849320888519287, 0.3651925027370453]
[0.28083890676498413, 0.5626682043075562, 0.15649287402629852]
[0.22499604523181915, 0.6622655391693115, 0.11273833364248276]
[0.08552288264036179, 0.49893268942832947, 0.4155444800853729]
[0.1699264943599701, 0.4980767071247101, 0.33199676871299744]
[0.3227013349533081, 0.6275267004966736, 0.049772024154663086]
[0.6283982992172241, 0.34177547693252563, 0.02982616052031517]
[0.1794402152299881, 0.7404991388320923, 0.08006066828966141]
[0.5841132998466492, 0.34418985247612, 0.07169680297374725]
[0.08732312172651291, 0.20881208777427673, 0.7038648128509521]
[0.05876205861568451, 0.5215489268302917, 0.4196889102458954]
[0.5844601988792419, 0.39409518241882324, 0.021444547921419144]
[0.16163195669651031, 0.4736766517162323, 0.3646914064884186]
[0.4908531606197357, 0.3561125099658966, 0.15303438901901245]
[0.36040225625038147, 0.5006539821624756, 0.13894371688365936]
[0.024568285793066025, 0.3509798049926758, 0.6244518756866455]
[0.44723570346832275, 0.479959636926651, 0.07280457764863968]
[0.029430009424686432, 0.22251851856708527, 0.7480514645576477]
[0.6345893144607544, 0.3331936001777649, 0.03221708536148071]
[0.013061841949820518, 0.1590525209903717, 0.8278856873512268]
[0.3815482258796692, 0.5283183455467224, 0.09013350307941437]
[0.22669725120067596, 0.5581650733947754, 0.21513764560222626]
[0.47324448823928833, 0.37283292412757874, 0.15392260253429413]
[0.4361041486263275, 0.3568399250507355, 0.2070559561252594]
[0.10826820135116577, 0.5837041139602661, 0.3080276846885681]
[0.19865696132183075, 0.3695972263813019, 0.4317457675933838]
[0.018948344513773918, 0.1154170110821724, 0.8656346201896667]
[0.09506618976593018, 0.5568280816078186, 0.3481057286262512]
[0.023685524240136147, 0.8791327476501465, 0.0971817746758461]
