[0.07903077453374863, 0.6427772045135498, 0.27819204330444336]
[0.012895953841507435, 0.22467415034770966, 0.76242995262146]
[0.11727872490882874, 0.47216281294822693, 0.4105584919452667]
[0.028647946193814278, 0.366534948348999, 0.6048170924186707]
[0.03263554349541664, 0.1968327760696411, 0.7705316543579102]
[0.4455919563770294, 0.47410568594932556, 0.08030234277248383]
[0.11916810274124146, 0.7683632969856262, 0.11246853321790695]
[0.4153611958026886, 0.4691760540008545, 0.1154627799987793]
[0.050353363156318665, 0.28069883584976196, 0.6689478158950806]
[0.3874381482601166, 0.5040574669837952, 0.10850434005260468]
[0.35687336325645447, 0.5256977677345276, 0.11742886155843735]
[0.025843702256679535, 0.4533509910106659, 0.520805299282074]
[0.07730919867753983, 0.42723000049591064, 0.49546077847480774]
[0.24086366593837738, 0.6989462375640869, 0.060190100222826004]
[0.2058769166469574, 0.41560330986976624, 0.378519743680954]
[0.08650802075862885, 0.5876242518424988, 0.32586777210235596]
[0.40445977449417114, 0.5193187594413757, 0.07622139900922775]
[0.01683574914932251, 0.17741809785366058, 0.8057461380958557]
[0.005437393207103014, 0.060822974890470505, 0.9337396621704102]
[0.07037100940942764, 0.5056291222572327, 0.4239998161792755]
[0.12238046526908875, 0.5192087888717651, 0.3584107756614685]
