[0.010746605694293976, 0.03639739006757736, 0.9528560042381287]
[0.6856060028076172, 0.28132256865501404, 0.03307146206498146]
[0.026167629286646843, 0.11755277961492538, 0.8562795519828796]
[0.010926376096904278, 0.16914935410022736, 0.8199242949485779]
[0.4420069456100464, 0.4605060815811157, 0.09748701006174088]
[0.10019176453351974, 0.4017495810985565, 0.4980586767196655]
[0.7169981002807617, 0.23953834176063538, 0.043463606387376785]
[0.6719740033149719, 0.26911330223083496, 0.058912720531225204]
[0.01824197545647621, 0.08130878210067749, 0.9004491567611694]
[0.1824255883693695, 0.5380996465682983, 0.27947479486465454]
[0.06045973673462868, 0.25237464904785156, 0.6871656775474548]
[0.5888382792472839, 0.3228946924209595, 0.08826704323291779]
[0.02811783365905285, 0.39691171050071716, 0.5749704241752625]
[0.021254869177937508, 0.17331844568252563, 0.8054267168045044]
[0.01629248447716236, 0.13629215955734253, 0.8474153876304626]
[0.04148620367050171, 0.2508959472179413, 0.7076178789138794]
[0.26365360617637634, 0.5753211379051208, 0.1610252857208252]
[0.0633581206202507, 0.7476130127906799, 0.18902891874313354]
[0.014781438745558262, 0.25766873359680176, 0.7275499105453491]
[0.23935236036777496, 0.5696515440940857, 0.19099611043930054]
[0.027238858863711357, 0.3262048363685608, 0.6465561985969543]
[0.07123848795890808, 0.554506242275238, 0.3742552697658539]
[0.5216627717018127, 0.4198450744152069, 0.05849222466349602]
[0.01808551698923111, 0.13160766661167145, 0.8503068089485168]
[0.026277991011738777, 0.14933784306049347, 0.8243840932846069]
[0.11721763014793396, 0.4838312268257141, 0.39895114302635193]
[0.00438325572758913, 0.0848054513335228, 0.9108113646507263]
[0.08415847271680832, 0.34011125564575195, 0.5757302045822144]
[0.03305584192276001, 0.1266046166419983, 0.8403395414352417]
[0.26737311482429504, 0.45543766021728516, 0.2771891951560974]
[0.4314487874507904, 0.4436509907245636, 0.12490024417638779]
[0.0145963029935956, 0.091285340487957, 0.8941183686256409]
[0.12049388885498047, 0.38424617052078247, 0.49525994062423706]
[0.039321813732385635, 0.26744839549064636, 0.6932298541069031]
[0.014478811994194984, 0.3194887936115265, 0.6660323739051819]
[0.003684322815388441, 0.070399709045887, 0.9259159564971924]
