[0.4929961860179901, 0.40481117367744446, 0.10219261795282364]
[0.07920467853546143, 0.4860113859176636, 0.4347839057445526]
[0.26939451694488525, 0.42041656374931335, 0.3101889193058014]
[0.10698328912258148, 0.4264475703239441, 0.46656909584999084]
[0.11692550033330917, 0.2925831973552704, 0.5904913544654846]
[0.016500573605298996, 0.32666242122650146, 0.656836986541748]
[0.22851313650608063, 0.47426244616508484, 0.2972244918346405]
[0.30861058831214905, 0.4985201060771942, 0.19286933541297913]
[0.9550777077674866, 0.041327718645334244, 0.003594564739614725]
[0.49550193548202515, 0.3961443603038788, 0.10835366696119308]
[0.42727506160736084, 0.43393170833587646, 0.1387932300567627]
[0.4493299722671509, 0.4710807800292969, 0.07958924770355225]
[0.07390140742063522, 0.6273390650749207, 0.2987595200538635]
[0.004134212154895067, 0.04388771206140518, 0.9519780874252319]
[0.004751776810735464, 0.11207187175750732, 0.8831762671470642]
[0.6377780437469482, 0.30926448106765747, 0.05295742303133011]
[0.597032904624939, 0.3443056344985962, 0.05866151675581932]
[0.5691452026367188, 0.3861925005912781, 0.044662218540906906]
[0.20065833628177643, 0.5451176166534424, 0.2542240023612976]
[0.0400511659681797, 0.30195194482803345, 0.6579968929290771]
[0.4022959768772125, 0.5172391533851624, 0.08046489208936691]
[0.0036848601885139942, 0.0639604777097702, 0.9323546290397644]
[0.6493675708770752, 0.3154856264591217, 0.03514683619141579]
[0.023320699110627174, 0.2594403028488159, 0.7172390222549438]
[0.014036946929991245, 0.19378778338432312, 0.7921752333641052]
[0.025696028023958206, 0.251285582780838, 0.7230183482170105]
[0.058199312537908554, 0.5271006226539612, 0.41470012068748474]
[0.07855631411075592, 0.2859765291213989, 0.6354671716690063]
[0.0237538181245327, 0.1615932136774063, 0.8146529793739319]
[0.04821401089429855, 0.2876860797405243, 0.664099931716919]
[0.11145129054784775, 0.5652227997779846, 0.32332587242126465]
[0.017713500186800957, 0.7339205145835876, 0.24836598336696625]
[0.16604162752628326, 0.6665859818458557, 0.16737237572669983]
[0.014939393848180771, 0.19424907863140106, 0.7908115386962891]
[0.010376865975558758, 0.12563224136829376, 0.863990843296051]
[0.27456891536712646, 0.32494574785232544, 0.4004853665828705]
[0.8957977294921875, 0.08775526285171509, 0.016447056084871292]
[0.03472987562417984, 0.11843491345643997, 0.846835196018219]
[0.005254706833511591, 0.027079032734036446, 0.9676662683486938]
[0.02186390571296215, 0.07100620120763779, 0.9071299433708191]
[0.0023801520001143217, 0.02794570103287697, 0.9696741104125977]
[0.005231881979852915, 0.030055591836571693, 0.9647125601768494]
[0.03392716869711876, 0.8598227500915527, 0.10625007748603821]
