[0.034075040370225906, 0.1966267228126526, 0.769298255443573]
[0.06968918442726135, 0.2187311053276062, 0.7115796804428101]
[0.04477190598845482, 0.34956303238868713, 0.6056650876998901]
[0.10155446082353592, 0.8480818867683411, 0.05036362260580063]
[0.596119225025177, 0.35065633058547974, 0.05322444438934326]
[0.4198305010795593, 0.5211874842643738, 0.058982010930776596]
[0.1318969428539276, 0.8236443996429443, 0.04445860534906387]
[0.03661574050784111, 0.7467032670974731, 0.21668097376823425]
[0.0034930589608848095, 0.21058286726474762, 0.7859240770339966]
[0.004176759161055088, 0.07438474893569946, 0.921438455581665]
[0.5726101994514465, 0.37988242506980896, 0.047507394105196]
[0.2510637044906616, 0.599651575088501, 0.14928476512432098]
[0.45677441358566284, 0.47293341159820557, 0.07029211521148682]
[0.8034139275550842, 0.18115438520908356, 0.015431659296154976]
[0.06756921857595444, 0.5701534152030945, 0.3622772991657257]
[0.01894153654575348, 0.24201007187366486, 0.739048421382904]
[0.15548524260520935, 0.6634892225265503, 0.18102562427520752]
[0.005448981653898954, 0.09056481719017029, 0.9039862155914307]
[0.37003663182258606, 0.5028150081634521, 0.12714830040931702]
[0.009311090223491192, 0.3433924913406372, 0.6472964286804199]
[0.11893054097890854, 0.5041130185127258, 0.37695640325546265]
[0.6756501793861389, 0.27951982617378235, 0.04482999071478844]
[0.22396817803382874, 0.5775495767593384, 0.1984822005033493]
[0.5282261371612549, 0.43138206005096436, 0.04039173945784569]
[0.09710565954446793, 0.6909343600273132, 0.21196001768112183]
[0.2203851342201233, 0.6973000168800354, 0.0823148787021637]
[0.4982549846172333, 0.4465264678001404, 0.05521851405501366]
[0.11432582139968872, 0.6050078272819519, 0.280666321516037]
[0.05343703553080559, 0.3598136007785797, 0.5867493152618408]
[0.10576887428760529, 0.3476913571357727, 0.546539843082428]
[0.17826633155345917, 0.6686102151870728, 0.1531234234571457]
[0.02237766794860363, 0.22976544499397278, 0.747856855392456]
[0.6013000011444092, 0.34448251128196716, 0.054217513650655746]
[0.5222176909446716, 0.40057143568992615, 0.07721082866191864]
[0.01392997894436121, 0.6173210740089417, 0.3687489926815033]
[0.031852010637521744, 0.43833887577056885, 0.5298090577125549]
[0.027078477665781975, 0.3102799355983734, 0.6626415848731995]
[0.5157305598258972, 0.4375592768192291, 0.046710118651390076]
[0.48251020908355713, 0.4557987153530121, 0.06169097125530243]
[0.047152064740657806, 0.15975360572338104, 0.7930943369865417]
[0.3757348358631134, 0.4685151278972626, 0.15575003623962402]
[0.08587249368429184, 0.658543050289154, 0.2555844485759735]
[0.1681087464094162, 0.6572281718254089, 0.17466308176517487]
[0.0051651312969625, 0.2013401985168457, 0.7934946417808533]
[0.05865376070141792, 0.5056697130203247, 0.43567660450935364]
[0.3155019283294678, 0.6107070446014404, 0.07379097491502762]
[0.4616292119026184, 0.49588775634765625, 0.04248306155204773]
[0.10593807697296143, 0.5668269395828247, 0.32723501324653625]
[0.32021909952163696, 0.5365203022956848, 0.1432606279850006]
[0.03518092632293701, 0.5264391899108887, 0.4383799433708191]
[0.6694307327270508, 0.26591160893440247, 0.06465763598680496]
[0.3191817104816437, 0.4349721372127533, 0.24584618210792542]
[0.21020722389221191, 0.5196157693862915, 0.2701770067214966]
[0.39579686522483826, 0.4410862326622009, 0.163116917014122]
[0.0060994671657681465, 0.05856458842754364, 0.9353359341621399]
[0.3972737789154053, 0.4732450842857361, 0.12948113679885864]
[0.12880918383598328, 0.4198259711265564, 0.45136481523513794]
[0.05959553271532059, 0.3052757680416107, 0.6351287961006165]
[0.017980149015784264, 0.15535718202590942, 0.8266626596450806]
[0.011864784173667431, 0.17545795440673828, 0.8126773238182068]
[0.00780593603849411, 0.09426654130220413, 0.8979275226593018]
[0.009755839593708515, 0.14600983262062073, 0.8442343473434448]
[0.0955372303724289, 0.7405370473861694, 0.16392573714256287]
[0.8391224145889282, 0.12839238345623016, 0.03248508647084236]
[0.19120855629444122, 0.5040352940559387, 0.304756224155426]
[0.057604093104600906, 0.2409767359495163, 0.7014191150665283]
[0.051696743816137314, 0.6258063316345215, 0.3224968910217285]
[0.4204433858394623, 0.4568822383880615, 0.12267445772886276]
[0.09489206224679947, 0.31939882040023804, 0.5857090950012207]
[0.053660798817873, 0.4162653088569641, 0.5300739407539368]
[0.0114822369068861, 0.3133225739002228, 0.6751952171325684]
[0.08570733666419983, 0.4507221579551697, 0.4635704755783081]
[0.15626467764377594, 0.624158501625061, 0.21957682073116302]
[0.16764232516288757, 0.750428318977356, 0.08192941546440125]
[0.44223552942276, 0.5032954812049866, 0.054469034075737]
[0.29251590371131897, 0.5667822957038879, 0.1407018005847931]
[0.7100152373313904, 0.21497750282287598, 0.07500723004341125]
[0.03251807019114494, 0.3303200602531433, 0.6371618509292603]
[0.6710090637207031, 0.2743002474308014, 0.0546906404197216]
[0.36714065074920654, 0.4566614627838135, 0.17619791626930237]
[0.27099400758743286, 0.5064128041267395, 0.22259308397769928]
[0.7579771280288696, 0.21661674976348877, 0.02540615200996399]
[0.42160311341285706, 0.45722243189811707, 0.12117444723844528]
[0.026965830475091934, 0.39750799536705017, 0.5755261778831482]
[0.10366345942020416, 0.39723822474479675, 0.49909839034080505]
[0.0222916379570961, 0.20655931532382965, 0.7711489796638489]
[0.22613520920276642, 0.700986385345459, 0.0728784129023552]
[0.37483975291252136, 0.5192101001739502, 0.10595005005598068]
[0.5092779397964478, 0.4207595884799957, 0.06996241956949234]
[0.3635970950126648, 0.5085487961769104, 0.1278541535139084]
[0.25043603777885437, 0.4861812889575958, 0.2633826732635498]
[0.4165085554122925, 0.4320353865623474, 0.1514561027288437]
[0.4386958181858063, 0.5029135942459106, 0.05839059501886368]
[0.5808163285255432, 0.3244025409221649, 0.09478110074996948]
[0.771501898765564, 0.19992071390151978, 0.028577303513884544]
[0.017226072028279305, 0.22160430252552032, 0.7611696124076843]
[0.069765605032444, 0.5315782427787781, 0.3986561894416809]
[0.5462060570716858, 0.4094540476799011, 0.044339872896671295]
[0.08917922526597977, 0.4180213510990143, 0.49279940128326416]
[0.05768783017992973, 0.2520378828048706, 0.6902742981910706]
[0.03650961443781853, 0.40631043910980225, 0.5571799874305725]
[0.021723663434386253, 0.11643022298812866, 0.8618460893630981]
[0.4768090844154358, 0.4701898396015167, 0.0530010424554348]
[0.00882731843739748, 0.12492635846138, 0.8662462830543518]
[0.15649409592151642, 0.4988672733306885, 0.3446386158466339]
[0.5050011277198792, 0.3975350558757782, 0.09746376425027847]
[0.023931916803121567, 0.2597956955432892, 0.7162724137306213]
[0.15137863159179688, 0.6338346600532532, 0.21478663384914398]
[0.7158085703849792, 0.251113623380661, 0.03307779133319855]
[0.27827706933021545, 0.6051832437515259, 0.11653970181941986]
[0.027054214850068092, 0.19841070473194122, 0.774535059928894]
[0.8696396350860596, 0.11599386483430862, 0.014366601593792439]
[0.3069705069065094, 0.4491998553276062, 0.24382956326007843]
[0.04739405959844589, 0.32659220695495605, 0.6260136961936951]
[0.2404654622077942, 0.3809635639190674, 0.3785710036754608]
[0.46873369812965393, 0.4476522207260132, 0.08361408859491348]
[0.6330289840698242, 0.3223242461681366, 0.04464680701494217]
[0.002757940674200654, 0.34246939420700073, 0.6547726392745972]
[0.0012558117741718888, 0.029073968529701233, 0.9696701765060425]
[0.03300672024488449, 0.30770909786224365, 0.6592841744422913]
[0.012165437452495098, 0.19662873446941376, 0.7912058234214783]
[0.0031619886867702007, 0.10223084688186646, 0.8946071863174438]
[0.03186671808362007, 0.7912883162498474, 0.17684492468833923]
[0.5126779079437256, 0.42022690176963806, 0.06709516048431396]
[0.0504058301448822, 0.3660716712474823, 0.5835224390029907]
[0.4561085104942322, 0.4315071105957031, 0.11238440126180649]
[0.26897376775741577, 0.5161016583442688, 0.21492457389831543]
[0.007630790583789349, 0.5067728161811829, 0.4855964481830597]
[0.11199900507926941, 0.2792975902557373, 0.6087033748626709]
[0.5942189693450928, 0.3552732765674591, 0.05050773173570633]
[0.03415720537304878, 0.6882172226905823, 0.27762556076049805]
[0.6047999858856201, 0.33780354261398315, 0.05739646404981613]
[0.19782906770706177, 0.6393365263938904, 0.16283445060253143]
[0.43648308515548706, 0.38970521092414856, 0.173811674118042]
[0.3137480318546295, 0.5665812492370605, 0.11967077106237411]
[0.003604094497859478, 0.04107288643717766, 0.9553229808807373]
[0.2589030861854553, 0.40451979637145996, 0.3365771770477295]
[0.3367297649383545, 0.5960434675216675, 0.06722676008939743]
[0.00783677026629448, 0.10827069729566574, 0.8838925361633301]
[0.006662040017545223, 0.03634157404303551, 0.9569963812828064]
[0.17094610631465912, 0.4853951036930084, 0.34365877509117126]
[0.009770551696419716, 0.08734404295682907, 0.902885377407074]
[0.08829157054424286, 0.4211024343967438, 0.4906059503555298]
[0.04702014476060867, 0.5154563188552856, 0.43752360343933105]
[0.2652026414871216, 0.5209563970565796, 0.21384097635746002]
[0.00821988470852375, 0.17382508516311646, 0.8179550170898438]
[0.21739636361598969, 0.3425675928592682, 0.4400360584259033]
[0.1032368391752243, 0.5686710476875305, 0.32809212803840637]
[0.007756372913718224, 0.1639367640018463, 0.8283068537712097]
[0.0041918628849089146, 0.2567225992679596, 0.7390855550765991]
[0.010859305039048195, 0.2605593204498291, 0.728581428527832]
[0.17534449696540833, 0.26787951588630676, 0.5567760467529297]
[0.855851411819458, 0.12560194730758667, 0.01854655332863331]
[0.08218031376600266, 0.37075766921043396, 0.5470620393753052]
[0.035317715257406235, 0.1426660269498825, 0.8220162987709045]
[0.7377934455871582, 0.23647308349609375, 0.02573343925178051]
[0.723319947719574, 0.25377804040908813, 0.02290196716785431]
[0.3189236521720886, 0.5883054733276367, 0.09277089685201645]
[0.018224135041236877, 0.2186516523361206, 0.7631242275238037]
[0.07431623339653015, 0.6186113357543945, 0.3070724308490753]
[0.5914139151573181, 0.37422487139701843, 0.03436121344566345]
[0.019698360934853554, 0.127455472946167, 0.8528462052345276]
[0.009885935112833977, 0.06271567940711975, 0.9273984432220459]
[0.013666171580553055, 0.12792184948921204, 0.858411967754364]
[0.2127755582332611, 0.7121267914772034, 0.07509763538837433]
[0.11906539648771286, 0.7553750872612, 0.1255595088005066]
[0.32001206278800964, 0.6079682111740112, 0.07201971113681793]
[0.22666163742542267, 0.5968925356864929, 0.17644590139389038]
[0.3501645028591156, 0.5409484505653381, 0.10888700187206268]
[0.0036418414674699306, 0.13675478100776672, 0.8596033453941345]
[0.021835902705788612, 0.6455995440483093, 0.3325645923614502]
[0.008264408446848392, 0.13804182410240173, 0.8536937236785889]
[0.009580232203006744, 0.30905061960220337, 0.6813691258430481]
[0.06794362515211105, 0.4585164785385132, 0.47353991866111755]
[0.31899046897888184, 0.5352259278297424, 0.14578363299369812]
[0.11847187578678131, 0.4892005920410156, 0.39232751727104187]
[0.008348613046109676, 0.15385815501213074, 0.8377932906150818]
[0.27511245012283325, 0.5945141911506653, 0.13037334382534027]
[0.3776944875717163, 0.5704118013381958, 0.05189374461770058]
[0.07933074235916138, 0.5800150632858276, 0.34065425395965576]
[0.052683912217617035, 0.44799283146858215, 0.4993232786655426]
[0.15363523364067078, 0.44465792179107666, 0.4017067849636078]
[0.5461021065711975, 0.4053213894367218, 0.04857657104730606]
[0.4442008137702942, 0.42029374837875366, 0.13550545275211334]
[0.021906167268753052, 0.22719338536262512, 0.7509004473686218]
[0.008814157918095589, 0.07922179251909256, 0.9119639992713928]
[0.4162643551826477, 0.4442618787288666, 0.13947367668151855]
[0.21131859719753265, 0.65967857837677, 0.1290028840303421]
[0.0841352716088295, 0.671015202999115, 0.24484951794147491]
[0.6316511034965515, 0.33678874373435974, 0.03156018257141113]
[0.07914964109659195, 0.7746482491493225, 0.14620201289653778]
[0.3440895080566406, 0.4608980417251587, 0.19501248002052307]
[0.009848469868302345, 0.11556857079267502, 0.8745829463005066]
[0.05695908144116402, 0.8179047107696533, 0.12513622641563416]
[0.0035847523249685764, 0.06392689794301987, 0.9324883222579956]
[0.020534580573439598, 0.2986617088317871, 0.6808037161827087]
[0.003603077959269285, 0.04775295779109001, 0.9486439228057861]
[0.003539130324497819, 0.12123903632164001, 0.8752217888832092]
[0.788783609867096, 0.1847383677959442, 0.026477983221411705]
[0.49497613310813904, 0.44084879755973816, 0.06417510658502579]
[0.04798271134495735, 0.17453794181346893, 0.777479350566864]
[0.6671066880226135, 0.28794270753860474, 0.04495055973529816]
[0.0801534354686737, 0.37833303213119507, 0.5415135622024536]
[0.06378787755966187, 0.4760322570800781, 0.46017986536026]
[0.4825991094112396, 0.46140554547309875, 0.0559953972697258]
[0.8360919952392578, 0.14878860116004944, 0.015119439922273159]
[0.04234354570508003, 0.36282438039779663, 0.5948321223258972]
[0.03601989150047302, 0.2227782905101776, 0.7412018179893494]
[0.25384044647216797, 0.3368302285671234, 0.4093293249607086]
[0.3323959410190582, 0.37810492515563965, 0.28949910402297974]
[0.5061057209968567, 0.4470575451850891, 0.04683675616979599]
[0.252851277589798, 0.4933124780654907, 0.2538362741470337]
[0.756222665309906, 0.20712172985076904, 0.036655548959970474]
[0.7405102849006653, 0.20576563477516174, 0.05372409150004387]
[0.49043700098991394, 0.40849536657333374, 0.10106755793094635]
[0.2183012217283249, 0.6633155345916748, 0.11838329583406448]
[0.0806385725736618, 0.5483474135398865, 0.3710139989852905]
[0.15478633344173431, 0.5583434700965881, 0.28687021136283875]
[0.6435059309005737, 0.3210097849369049, 0.03548430651426315]
[0.7440768480300903, 0.22570662200450897, 0.03021649457514286]
[0.26980486512184143, 0.6589208841323853, 0.07127426564693451]
[0.24732600152492523, 0.6533616185188293, 0.09931235760450363]
[0.1973939687013626, 0.5969787240028381, 0.20562735199928284]
[0.34788236021995544, 0.5874269008636475, 0.06469067186117172]
[0.07564939558506012, 0.2995343506336212, 0.6248162388801575]
[0.5570540428161621, 0.3763386607170105, 0.06660722941160202]
[0.6125083565711975, 0.3053359091281891, 0.0821557566523552]
[0.2608764171600342, 0.4975585341453552, 0.24156509339809418]
[0.4669959843158722, 0.36043015122413635, 0.17257380485534668]
[0.50091153383255, 0.4112241566181183, 0.08786427974700928]
[0.05631536617875099, 0.3397667407989502, 0.6039178967475891]
[0.0037091553676873446, 0.0417444072663784, 0.9545465111732483]
[0.0056481692008674145, 0.09989890456199646, 0.8944529294967651]
[0.03845634683966637, 0.610016942024231, 0.35152667760849]
[0.0363200306892395, 0.5482770204544067, 0.41540300846099854]
[0.023979617282748222, 0.21034225821495056, 0.7656781077384949]
[0.028583966195583344, 0.3330366611480713, 0.6383793354034424]
[0.41049399971961975, 0.47483494877815247, 0.11467107385396957]
[0.5186125636100769, 0.420402854681015, 0.06098460778594017]
[0.17605043947696686, 0.7105843424797058, 0.11336520314216614]
[0.4684850871562958, 0.42672792077064514, 0.10478690266609192]
[0.05392429232597351, 0.3112720549106598, 0.6348036527633667]
[0.8660402894020081, 0.12137357890605927, 0.012586207129061222]
[0.09198443591594696, 0.5677646398544312, 0.3402509093284607]
[0.7444779872894287, 0.21984468400478363, 0.035677291452884674]
[0.9638755321502686, 0.031942810863256454, 0.0041816346347332]
[0.6963624954223633, 0.24107687175273895, 0.06256062537431717]
[0.9546139240264893, 0.038649238646030426, 0.0067368061281740665]
[0.9029461145401001, 0.08592722564935684, 0.011126621626317501]
[0.28264811635017395, 0.5103598833084106, 0.2069920003414154]
[0.14544042944908142, 0.6842543482780457, 0.1703052669763565]
[0.533977746963501, 0.3767872154712677, 0.08923501521348953]
[0.6394721269607544, 0.2984265685081482, 0.06210125982761383]
[0.33617475628852844, 0.5693557858467102, 0.09446939826011658]
[0.41657501459121704, 0.47083091735839844, 0.11259403079748154]
[0.7897635102272034, 0.17675469815731049, 0.03348181024193764]
[0.09449481964111328, 0.6669891476631165, 0.23851601779460907]
[0.10669586807489395, 0.3692391514778137, 0.5240650177001953]
[0.02069004811346531, 0.22444458305835724, 0.7548654079437256]
[0.15058384835720062, 0.442340224981308, 0.4070759415626526]
[0.08076387643814087, 0.39497947692871094, 0.5242565870285034]
[0.7171279191970825, 0.2409655600786209, 0.041906531900167465]
[0.5499621033668518, 0.3195561170578003, 0.1304817944765091]
[0.5597599744796753, 0.34317323565483093, 0.09706676751375198]
[0.021586257964372635, 0.2885885536670685, 0.6898252367973328]
[0.29016193747520447, 0.6122429966926575, 0.09759514033794403]
[0.013034932315349579, 0.2066931575536728, 0.7802718877792358]
[0.03059820830821991, 0.27605804800987244, 0.6933437585830688]
[0.46883994340896606, 0.3619668483734131, 0.16919317841529846]
[0.40076059103012085, 0.43334466218948364, 0.16589467227458954]
[0.5286260843276978, 0.4125293493270874, 0.05884459242224693]
[0.08576557785272598, 0.17340931296348572, 0.7408250570297241]
[0.007844780571758747, 0.06552015990018845, 0.9266350269317627]
[0.08677537739276886, 0.38437798619270325, 0.5288466811180115]
[0.5881903171539307, 0.3467724025249481, 0.065037302672863]
[0.1351294368505478, 0.5630596280097961, 0.3018108606338501]
[0.3064001798629761, 0.5281803011894226, 0.16541944444179535]
[0.036006055772304535, 0.324535995721817, 0.6394580006599426]
[0.15456555783748627, 0.4816724956035614, 0.3637619614601135]
[0.1828116476535797, 0.49950528144836426, 0.3176831007003784]
[0.34411701560020447, 0.47452202439308167, 0.18136093020439148]
[0.6351934671401978, 0.3279988169670105, 0.03680776432156563]
[0.21638751029968262, 0.7005900740623474, 0.08302243798971176]
[0.002964962972328067, 0.03167789801955223, 0.9653571248054504]
[0.007960526272654533, 0.037110451608896255, 0.954928994178772]
[0.6760127544403076, 0.2816091477870941, 0.04237803444266319]
[0.03911023586988449, 0.11373230069875717, 0.8471575379371643]
[0.0024168400559574366, 0.03215537220239639, 0.965427815914154]
[0.23965686559677124, 0.40331095457077026, 0.3570321798324585]
[0.2950924336910248, 0.520510196685791, 0.184397354722023]
[0.31508806347846985, 0.5797597765922546, 0.10515216737985611]
[0.19817128777503967, 0.7369280457496643, 0.0649007111787796]
[0.2619953453540802, 0.5346335768699646, 0.20337113738059998]
[0.009083588607609272, 0.0828281044960022, 0.9080882668495178]
[0.4727024435997009, 0.44681793451309204, 0.08047954738140106]
[0.011891868896782398, 0.13418211042881012, 0.8539260029792786]
[0.24035166203975677, 0.5587541460990906, 0.20089425146579742]
[0.063569076359272, 0.5188407301902771, 0.4175902009010315]
[0.01388460211455822, 0.398624986410141, 0.587490439414978]
[0.08659439533948898, 0.6567214131355286, 0.25668421387672424]
[0.008442981168627739, 0.19369354844093323, 0.7978634834289551]
[0.047236017882823944, 0.5155726075172424, 0.43719133734703064]
[0.23891562223434448, 0.5131703019142151, 0.24791404604911804]
[0.5410411953926086, 0.3760988712310791, 0.08285994082689285]
[0.5336621999740601, 0.40985333919525146, 0.05648450925946236]
[0.558931291103363, 0.3864200711250305, 0.05464862287044525]
[0.005466624163091183, 0.10867463052272797, 0.8858587741851807]
[0.6618024110794067, 0.2632886469364166, 0.07490890473127365]
[0.3205048143863678, 0.5422503352165222, 0.13724493980407715]
[0.009548334404826164, 0.10598096251487732, 0.8844706416130066]
[0.14317576587200165, 0.5518725514411926, 0.3049516975879669]
[0.5097577571868896, 0.4138771593570709, 0.07636518031358719]
[0.8950729966163635, 0.09464310109615326, 0.010283973067998886]
[0.8203601837158203, 0.15839123725891113, 0.02124864235520363]
[0.019561121240258217, 0.1322678029537201, 0.8481711149215698]
[0.419790118932724, 0.38684752583503723, 0.19336234033107758]
[0.15374645590782166, 0.471481591463089, 0.37477192282676697]
[0.11522086709737778, 0.3829854726791382, 0.5017936825752258]
[0.05804599076509476, 0.5182938575744629, 0.42366012930870056]
[0.036183957010507584, 0.28900235891342163, 0.6748137474060059]
[0.24107086658477783, 0.6007555723190308, 0.1581735610961914]
[0.020467177033424377, 0.1886586844921112, 0.790874183177948]
[0.028696075081825256, 0.35457873344421387, 0.6167252063751221]
[0.2124471813440323, 0.6787233352661133, 0.10882943123579025]
[0.19128786027431488, 0.2989787459373474, 0.5097334384918213]
[0.6264008283615112, 0.3334857225418091, 0.04011347517371178]
[0.017071537673473358, 0.2787119746208191, 0.7042164206504822]
[0.17479270696640015, 0.7255333065986633, 0.09967401623725891]
[0.5198303461074829, 0.42070284485816956, 0.05946673825383186]
[0.5920789837837219, 0.3605510890483856, 0.04736987501382828]
[0.6762111186981201, 0.2758510112762451, 0.04793788120150566]
[0.23616215586662292, 0.5277040004730225, 0.23613382875919342]
[0.6805052757263184, 0.2968258261680603, 0.022668996825814247]
[0.03416290879249573, 0.25443994998931885, 0.7113971710205078]
[0.018019873648881912, 0.22017033398151398, 0.761809766292572]
[0.2120973765850067, 0.5307577252388, 0.2571449279785156]
[0.011750453151762486, 0.10315623134374619, 0.8850932717323303]
[0.008039381355047226, 0.03865838050842285, 0.953302264213562]
[0.2234550267457962, 0.3604906499385834, 0.4160543382167816]
[0.5626851916313171, 0.3941885530948639, 0.04312623664736748]
[0.1080818846821785, 0.31168079376220703, 0.5802373290061951]
[0.31414368748664856, 0.5529875159263611, 0.13286878168582916]
[0.1364392191171646, 0.48073089122772217, 0.3828299045562744]
[0.21567760407924652, 0.7065302729606628, 0.07779213041067123]
[0.378264844417572, 0.40483757853507996, 0.21689759194850922]
[0.2943440079689026, 0.40290287137031555, 0.3027530908584595]
[0.17672595381736755, 0.7607138752937317, 0.06256022304296494]
[0.00967582780867815, 0.0900808647274971, 0.90024334192276]
[0.003341863164678216, 0.0162762813270092, 0.9803818464279175]
[0.21316272020339966, 0.6553659439086914, 0.13147136569023132]
[0.05813562497496605, 0.4844251275062561, 0.4574391543865204]
[0.2387252300977707, 0.41372740268707275, 0.34754741191864014]
[0.10156549513339996, 0.4432900846004486, 0.4551444947719574]
[0.06312590092420578, 0.4529721438884735, 0.4839020073413849]
[0.1539044976234436, 0.6695108413696289, 0.1765846312046051]
[0.04315849393606186, 0.3386165201663971, 0.6182250380516052]
[0.4407289922237396, 0.44988036155700684, 0.10939067602157593]
[0.3023408055305481, 0.42576634883880615, 0.27189281582832336]
[0.2626950740814209, 0.4678714871406555, 0.26943355798721313]
[0.349896103143692, 0.4978574812412262, 0.1522464156150818]
[0.07828120142221451, 0.2436128407716751, 0.6781060099601746]
[0.004388974513858557, 0.013426482677459717, 0.9821845293045044]
[0.27250829339027405, 0.4316801428794861, 0.29581156373023987]
[0.5854916572570801, 0.344440221786499, 0.0700681284070015]
[0.2250259965658188, 0.41743144392967224, 0.3575425446033478]
[0.12315011769533157, 0.562211811542511, 0.3146381676197052]
[0.05713959038257599, 0.2623211145401001, 0.6805393099784851]
[0.8757259845733643, 0.10905944555997849, 0.015214607119560242]
[0.34393012523651123, 0.4956088960170746, 0.1604609489440918]
[0.041358157992362976, 0.3891466557979584, 0.5694951415061951]
[0.010254505090415478, 0.09268612414598465, 0.897059440612793]
[0.0035816694144159555, 0.08933038264513016, 0.9070879817008972]
[0.04033847153186798, 0.2021370828151703, 0.7575244903564453]
[0.726008415222168, 0.2542761564254761, 0.01971552148461342]
[0.028835739940404892, 0.4047812223434448, 0.5663830041885376]
[0.3883415758609772, 0.542748212814331, 0.06891026347875595]
[0.03879782184958458, 0.5414461493492126, 0.4197559952735901]
[0.7346646189689636, 0.24942873418331146, 0.015906579792499542]
[0.550730288028717, 0.40749794244766235, 0.04177175834774971]
[0.02759205922484398, 0.32322826981544495, 0.6491796374320984]
[0.0014435405610129237, 0.040670208632946014, 0.9578862190246582]
[0.011236579157412052, 0.11363261193037033, 0.8751307725906372]
[0.0022989269345998764, 0.017257200554013252, 0.9804438352584839]
[0.09634152054786682, 0.24827228486537933, 0.6553861498832703]
[0.0018127671210095286, 0.014365875162184238, 0.9838213920593262]
[0.029188208281993866, 0.4537466764450073, 0.5170651078224182]
[0.31074580550193787, 0.500982940196991, 0.18827131390571594]
[0.025913139805197716, 0.08889691531658173, 0.885189950466156]
[0.24292343854904175, 0.6259344816207886, 0.13114206492900848]
[0.027227122336626053, 0.369703471660614, 0.6030693650245667]
[0.020868556573987007, 0.2316054254770279, 0.7475259900093079]
[0.02067708969116211, 0.10358646512031555, 0.8757364749908447]
[0.6223379969596863, 0.33787795901298523, 0.03978399932384491]
[0.011948784813284874, 0.350658655166626, 0.637392520904541]
[0.019995685666799545, 0.10820243507623672, 0.8718018531799316]
[0.009732337668538094, 0.3282998204231262, 0.6619678139686584]
[0.0068084122613072395, 0.08515259623527527, 0.9080390334129333]
[0.4935297966003418, 0.43573978543281555, 0.07073034346103668]
[0.417866587638855, 0.38200682401657104, 0.20012664794921875]
[0.8578009009361267, 0.13082033395767212, 0.011378801427781582]
[0.026488933712244034, 0.2958453297615051, 0.6776657104492188]
[0.34931790828704834, 0.4534211754798889, 0.19726096093654633]
[0.9340293407440186, 0.061132293194532394, 0.00483837490901351]
[0.4533056914806366, 0.4859798550605774, 0.060714468359947205]
[0.1508616954088211, 0.42421668767929077, 0.4249216318130493]
[0.1346576064825058, 0.7250259518623352, 0.14031653106212616]
[0.0029735167045146227, 0.14425227046012878, 0.8527742624282837]
[0.28057390451431274, 0.6211106181144714, 0.09831554442644119]
[0.3928203880786896, 0.5445560216903687, 0.06262361258268356]
[0.5299407243728638, 0.42169293761253357, 0.048366300761699677]
[0.35449862480163574, 0.5157840847969055, 0.12971729040145874]
[0.038644272834062576, 0.45149117708206177, 0.5098645687103271]
[0.5208224058151245, 0.43810781836509705, 0.04106980934739113]
[0.05261623114347458, 0.1424376517534256, 0.8049461841583252]
[0.05829635635018349, 0.22936604917049408, 0.7123376131057739]
[0.3123139441013336, 0.5483335852622986, 0.13935250043869019]
[0.33167701959609985, 0.5933945178985596, 0.07492849975824356]
[0.0027971176896244287, 0.014677676372230053, 0.9825252294540405]
[0.03968506306409836, 0.2502075135707855, 0.7101073861122131]
[0.7388501167297363, 0.2214629054069519, 0.03968694806098938]
[0.8383861184120178, 0.14730143547058105, 0.014312501065433025]
[0.1810355931520462, 0.6777766942977905, 0.1411876529455185]
[0.023145005106925964, 0.1886167973279953, 0.7882382273674011]
[0.0047461045905947685, 0.06013631820678711, 0.9351176023483276]
[0.5659138560295105, 0.36322370171546936, 0.07086250931024551]
[0.202956423163414, 0.33600592613220215, 0.46103766560554504]
[0.5577058792114258, 0.3889811933040619, 0.053312890231609344]
[0.5109260678291321, 0.4161272644996643, 0.07294671982526779]
[0.8180148601531982, 0.16420641541481018, 0.017778726294636726]
[0.22488975524902344, 0.5464184880256653, 0.2286917269229889]
[0.01955733448266983, 0.43127182126045227, 0.5491708517074585]
[0.06286785006523132, 0.5272347331047058, 0.40989741683006287]
[0.004090664908289909, 0.06858626753091812, 0.927323043346405]
[0.4232819378376007, 0.4396762251853943, 0.13704192638397217]
[0.10317251831293106, 0.32575923204421997, 0.5710682272911072]
[0.07076998054981232, 0.4278433322906494, 0.5013867020606995]
[0.1659867912530899, 0.5325790643692017, 0.30143409967422485]
[0.006746178027242422, 0.047219499945640564, 0.9460342526435852]
[0.7251208424568176, 0.21051129698753357, 0.0643678680062294]
[0.12088455259799957, 0.26372504234313965, 0.615390419960022]
[0.6163376569747925, 0.3223212957382202, 0.06134108081459999]
[0.4546363651752472, 0.46026360988616943, 0.0850999653339386]
[0.05672338604927063, 0.6603283882141113, 0.28294822573661804]
[0.8973078727722168, 0.08543965220451355, 0.017252545803785324]
[0.9310064315795898, 0.060963667929172516, 0.008030010387301445]
[0.4720875024795532, 0.37465089559555054, 0.15326155722141266]
[0.2829482853412628, 0.5545011758804321, 0.16255052387714386]
[0.004386276472359896, 0.06030742824077606, 0.9353063106536865]
[0.2252959907054901, 0.5924133658409119, 0.18229059875011444]
[0.8416556119918823, 0.1363132745027542, 0.02203112281858921]
[0.936393678188324, 0.05703909695148468, 0.006567280739545822]
[0.5714614391326904, 0.3911959230899811, 0.03734264150261879]
[0.21021020412445068, 0.678124725818634, 0.11166500300168991]
[0.11165226250886917, 0.4352321922779083, 0.4531154930591583]
[0.1679375320672989, 0.4381638765335083, 0.393898606300354]
[0.12454299628734589, 0.44960352778434753, 0.42585352063179016]
[0.6790640354156494, 0.2829929292201996, 0.03794298693537712]
[0.03535310551524162, 0.16596031188964844, 0.7986865639686584]
[0.5181087851524353, 0.3340371549129486, 0.14785410463809967]
[0.02915140986442566, 0.3618287146091461, 0.6090198755264282]
[0.006346592213958502, 0.17482957243919373, 0.8188238739967346]
[0.21297931671142578, 0.412455290555954, 0.37456536293029785]
[0.048059798777103424, 0.7555289268493652, 0.19641131162643433]
[0.6616990566253662, 0.27213597297668457, 0.06616495549678802]
[0.3996197581291199, 0.40043389797210693, 0.1999462991952896]
[0.5341247916221619, 0.3401668071746826, 0.12570835649967194]
[0.04819261282682419, 0.5393491983413696, 0.412458211183548]
[0.7452143430709839, 0.21984486281871796, 0.03494076803326607]
[0.950721800327301, 0.045841094106435776, 0.0034370622597634792]
