[0.3455283045768738, 0.502703070640564, 0.15176865458488464]
[0.003825208405032754, 0.09270462393760681, 0.9034700989723206]
[0.058539535850286484, 0.3714562952518463, 0.5700041651725769]
[0.02102842926979065, 0.4087533950805664, 0.5702181458473206]
[0.07221827656030655, 0.7359091639518738, 0.19187258183956146]
[0.27493929862976074, 0.5431161522865295, 0.1819445639848709]
[0.03044034168124199, 0.16002123057842255, 0.8095384240150452]
[0.4248024523258209, 0.4842815697193146, 0.09091596305370331]
[0.14860765635967255, 0.4457285702228546, 0.40566378831863403]
[0.3781445324420929, 0.5279308557510376, 0.09392457455396652]
[0.006918902508914471, 0.0526917465031147, 0.9403893947601318]
[0.0226612389087677, 0.17061668634414673, 0.806722104549408]
[0.13616196811199188, 0.4425792992115021, 0.4212587773799896]
[0.6192421913146973, 0.3347439467906952, 0.04601389169692993]
[0.008533782325685024, 0.16463851928710938, 0.8268276453018188]
[0.0038758167065680027, 0.05473661050200462, 0.9413875937461853]
[0.002460863906890154, 0.04469939321279526, 0.9528397917747498]
[0.0012573874555528164, 0.028364000841975212, 0.9703786373138428]
