[0.05319329723715782, 0.352676659822464, 0.5941300392150879]
[0.6402023434638977, 0.311890184879303, 0.04790746048092842]
[0.6728401780128479, 0.27050963044166565, 0.056650176644325256]
[0.10806043446063995, 0.5551633238792419, 0.3367761969566345]
[0.07680424302816391, 0.6575664281845093, 0.26562926173210144]
[0.0034610223956406116, 0.10445332527160645, 0.8920856714248657]
[0.27753472328186035, 0.5903719663619995, 0.13209326565265656]
[0.11836742609739304, 0.6604756712913513, 0.22115682065486908]
[0.10896632075309753, 0.473723828792572, 0.41730979084968567]
[0.12103112787008286, 0.5245324373245239, 0.35443639755249023]
[0.0032183676958084106, 0.06655014306306839, 0.930231511592865]
[0.25698161125183105, 0.5398082137107849, 0.20321018993854523]
[0.2653839588165283, 0.495115727186203, 0.23950032889842987]
[0.28537312150001526, 0.5748875141143799, 0.13973936438560486]
[0.19977423548698425, 0.5941113233566284, 0.2061145305633545]
[0.38872602581977844, 0.5605824589729309, 0.05069156363606453]
[0.050640951842069626, 0.4167811870574951, 0.5325779318809509]
[0.22580493986606598, 0.5610458850860596, 0.21314916014671326]
[0.428626149892807, 0.4959741234779358, 0.07539965212345123]
[0.3383498787879944, 0.4284689128398895, 0.23318126797676086]
[0.054133106023073196, 0.14807254076004028, 0.7977943420410156]
[0.018724501132965088, 0.061232078820466995, 0.920043408870697]
[0.05975586920976639, 0.40753719210624695, 0.5327069759368896]
[0.2857111990451813, 0.5696942210197449, 0.14459460973739624]
[0.27315646409988403, 0.6169607043266296, 0.10988280922174454]
[0.574562668800354, 0.3507494032382965, 0.07468797266483307]
[0.45955365896224976, 0.36746588349342346, 0.17298051714897156]
[0.7109367847442627, 0.23251117765903473, 0.056552041321992874]
[0.21910838782787323, 0.5873439908027649, 0.1935475915670395]
[0.596850574016571, 0.3823138177394867, 0.02083553746342659]
[0.36748823523521423, 0.5266768336296082, 0.10583499819040298]
[0.24014204740524292, 0.6725239753723145, 0.08733399957418442]
[0.6287754774093628, 0.2898385524749756, 0.08138594776391983]
[0.6263689994812012, 0.34854453802108765, 0.025086503475904465]
[0.18834879994392395, 0.4481247365474701, 0.36352652311325073]
[0.33221256732940674, 0.5899092555046082, 0.07787821441888809]
[0.1657172441482544, 0.5935136675834656, 0.24076905846595764]
[0.11699904501438141, 0.4068699777126312, 0.47613099217414856]
[0.2970968186855316, 0.5204343199729919, 0.18246883153915405]
[0.574169397354126, 0.3685885965824127, 0.05724199488759041]
[0.046426452696323395, 0.5980618596076965, 0.35551169514656067]
[0.3244735896587372, 0.6098561882972717, 0.0656701922416687]
[0.04710090905427933, 0.6513304114341736, 0.3015686869621277]
[0.5754600763320923, 0.36230653524398804, 0.06223338469862938]
[0.16809040307998657, 0.44138646125793457, 0.39052313566207886]
[0.7746280431747437, 0.21019291877746582, 0.015179077163338661]
[0.5525798201560974, 0.41432374715805054, 0.03309647738933563]
[0.913289487361908, 0.08118387311697006, 0.005526608321815729]
[0.558535099029541, 0.3872244358062744, 0.05424050986766815]
[0.0433124303817749, 0.2283516824245453, 0.7283358573913574]
[0.5482311844825745, 0.3890962302684784, 0.06267254054546356]
[0.47808828949928284, 0.4535887837409973, 0.06832292675971985]
[0.3271867334842682, 0.3520950376987457, 0.3207181990146637]
[0.3654097020626068, 0.4719470143318176, 0.16264329850673676]
[0.42689377069473267, 0.4743025004863739, 0.09880366921424866]
[0.38895732164382935, 0.5233462452888489, 0.08769642561674118]
[0.5402173399925232, 0.36165106296539307, 0.09813156723976135]
[0.026370346546173096, 0.15160927176475525, 0.822020411491394]
[0.01633458025753498, 0.17653781175613403, 0.8071275949478149]
[0.41199302673339844, 0.467949777841568, 0.12005721032619476]
[0.06454342603683472, 0.6181938052177429, 0.31726279854774475]
[0.382586270570755, 0.5442665219306946, 0.07314717024564743]
[0.6806349754333496, 0.2730691432952881, 0.04629591852426529]
[0.6316621899604797, 0.3406330347061157, 0.027704734355211258]
[0.5204384326934814, 0.3691980242729187, 0.11036358028650284]
[0.04320264235138893, 0.1865241378545761, 0.7702732086181641]
[0.06291981786489487, 0.34853774309158325, 0.5885424613952637]
[0.062234994024038315, 0.4729844331741333, 0.4647805392742157]
[0.5557580590248108, 0.363319456577301, 0.08092255145311356]
[0.6900673508644104, 0.2694532871246338, 0.04047941416501999]
[0.09161501377820969, 0.4589526355266571, 0.4494323432445526]
[0.04113683104515076, 0.17698265612125397, 0.7818804979324341]
[0.7373871803283691, 0.23826511204242706, 0.024347670376300812]
[0.3425186276435852, 0.5453019738197327, 0.11217944324016571]
[0.8113788962364197, 0.17790429294109344, 0.010716857388615608]
[0.060356173664331436, 0.7731099128723145, 0.16653390228748322]
[0.1230907216668129, 0.3847697675228119, 0.4921395480632782]
[0.003809047630056739, 0.030217032879590988, 0.9659738540649414]
[0.016045669093728065, 0.1359563022851944, 0.8479980826377869]
[0.016085343435406685, 0.0492638498544693, 0.9346508383750916]
[0.09889760613441467, 0.5536830425262451, 0.3474193811416626]
[0.5273242592811584, 0.34824201464653015, 0.12443377822637558]
[0.40875443816185, 0.4182877540588379, 0.17295776307582855]
[0.18615111708641052, 0.5002891421318054, 0.31355977058410645]
[0.3720930814743042, 0.5118232369422913, 0.11608365923166275]
[0.006748265586793423, 0.0868310034275055, 0.9064207077026367]
[0.038476888090372086, 0.16622723639011383, 0.7952958941459656]
[0.30640777945518494, 0.5530676245689392, 0.14052458107471466]
[0.3087962567806244, 0.5744256377220154, 0.11677810549736023]
[0.2095775008201599, 0.5994564890861511, 0.19096601009368896]
[0.08138787746429443, 0.2750868797302246, 0.643525242805481]
[0.0026864325627684593, 0.016758939251303673, 0.9805546998977661]
[0.011567841283977032, 0.13670209050178528, 0.8517301082611084]
[0.2406928390264511, 0.6071249842643738, 0.1521822214126587]
[0.1795356571674347, 0.5230261087417603, 0.29743826389312744]
[0.05095389857888222, 0.23596982657909393, 0.7130762934684753]
[0.08335620909929276, 0.43336063623428345, 0.4832831621170044]
[0.04074287414550781, 0.24158041179180145, 0.7176766991615295]
[0.42273280024528503, 0.4531293511390686, 0.12413788586854935]
[0.005261356942355633, 0.17879968881607056, 0.8159389495849609]
[0.46492061018943787, 0.4927278459072113, 0.042351555079221725]
[0.4433887302875519, 0.4937444031238556, 0.06286688148975372]
[0.03962504491209984, 0.7626562118530273, 0.19771872460842133]
[0.49055224657058716, 0.4535687565803528, 0.05587903410196304]
[0.8247253894805908, 0.1567598581314087, 0.018514743074774742]
[0.2534847557544708, 0.6423278450965881, 0.1041874960064888]
[0.02391090616583824, 0.3315662145614624, 0.6445228457450867]
[0.01750868372619152, 0.2385837435722351, 0.743907630443573]
[0.2659132182598114, 0.6038200855255127, 0.1302666962146759]
[0.017784317955374718, 0.11206592619419098, 0.8701497316360474]
[0.005432385951280594, 0.11807409673929214, 0.876493513584137]
[0.14435935020446777, 0.4998624622821808, 0.3557782471179962]
[0.02807181514799595, 0.6213039755821228, 0.3506242334842682]
[0.06669725477695465, 0.439247190952301, 0.4940556287765503]
[0.0019441687036305666, 0.027261018753051758, 0.9707947969436646]
[0.17807073891162872, 0.5658513903617859, 0.2560778558254242]
[0.8867859244346619, 0.10268726944923401, 0.010526780970394611]
[0.5432934761047363, 0.3839746117591858, 0.07273195683956146]
[0.5537837147712708, 0.37182870507240295, 0.07438753545284271]
[0.15041683614253998, 0.481689989566803, 0.367893248796463]
[0.6471437215805054, 0.31316033005714417, 0.03969598188996315]
[0.21140439808368683, 0.6205300092697144, 0.1680656373500824]
[0.09600476920604706, 0.4059339463710785, 0.49806132912635803]
[0.9477062821388245, 0.047730494290590286, 0.004563234746456146]
[0.276643306016922, 0.5839276909828186, 0.139428973197937]
[0.4653371274471283, 0.48630857467651367, 0.04835432767868042]
[0.02505260519683361, 0.29649704694747925, 0.6784502863883972]
[0.32873228192329407, 0.5999715924263, 0.07129618525505066]
[0.22897396981716156, 0.634596586227417, 0.13642941415309906]
[0.5821794867515564, 0.3483181893825531, 0.06950228661298752]
[0.0048871636390686035, 0.07837611436843872, 0.9167366623878479]
[0.1587057113647461, 0.7037627100944519, 0.13753154873847961]
[0.15973928570747375, 0.6063979268074036, 0.23386281728744507]
[0.5485672354698181, 0.4033336043357849, 0.04809924587607384]
[0.22811642289161682, 0.5152469277381897, 0.25663670897483826]
[0.0363234281539917, 0.5223497748374939, 0.4413267970085144]
[0.5207215547561646, 0.41650280356407166, 0.06277567893266678]
[0.39293158054351807, 0.4620085656642914, 0.14505983889102936]
[0.4735281467437744, 0.4491144120693207, 0.0773574486374855]
[0.48860499262809753, 0.46842730045318604, 0.042967721819877625]
[0.917676568031311, 0.07701871544122696, 0.005304655525833368]
[0.27042505145072937, 0.5740077495574951, 0.15556716918945312]
[0.4936913549900055, 0.4487517774105072, 0.05755685642361641]
[0.3448965549468994, 0.5622440576553345, 0.09285937994718552]
[0.06330131739377975, 0.4488353133201599, 0.4878632724285126]
[0.6046665906906128, 0.3732469379901886, 0.022086448967456818]
[0.676838219165802, 0.3005771040916443, 0.022584619000554085]
[0.00290500745177269, 0.05733007937669754, 0.9397649765014648]
[0.0036498080007731915, 0.07967585325241089, 0.9166743755340576]
[0.005692364647984505, 0.10298624634742737, 0.8913214206695557]
[0.0027581772301346064, 0.0875057727098465, 0.9097360372543335]
[0.01715833507478237, 0.2105468511581421, 0.7722948789596558]
[0.045520294457674026, 0.6090042591094971, 0.3454754650592804]
[0.008373194374144077, 0.1338048130273819, 0.8578220009803772]
[0.013015903532505035, 0.10934177786111832, 0.8776423335075378]
[0.015384321101009846, 0.3603511154651642, 0.6242645382881165]
[0.8305661082267761, 0.1482945680618286, 0.021139297634363174]
[0.03273521736264229, 0.14308245480060577, 0.8241822719573975]
[0.027247939258813858, 0.3445570468902588, 0.6281951069831848]
[0.20090070366859436, 0.6759301424026489, 0.12316920608282089]
[0.6264599561691284, 0.2908073365688324, 0.08273275941610336]
[0.31358373165130615, 0.5797155499458313, 0.10670071840286255]
[0.004790442064404488, 0.03781571239233017, 0.9573938250541687]
[0.006984882056713104, 0.07196850329637527, 0.9210466146469116]
[0.02040763385593891, 0.35700058937072754, 0.6225917935371399]
[0.6390509009361267, 0.32970431447029114, 0.031244833022356033]
[0.009275316260755062, 0.05221835896372795, 0.9385063052177429]
[0.07341372966766357, 0.2311510145664215, 0.6954352259635925]
[0.012688478454947472, 0.1649075299501419, 0.8224040269851685]
[0.06885573267936707, 0.577519953250885, 0.3536243438720703]
[0.021374421194195747, 0.09275885671377182, 0.8858667612075806]
[0.14947457611560822, 0.5158585906028748, 0.33466678857803345]
[0.02438315562903881, 0.19851712882518768, 0.7770997285842896]
[0.0017584855668246746, 0.024875199422240257, 0.9733663201332092]
[0.046568822115659714, 0.5766581296920776, 0.37677299976348877]
[0.018122343346476555, 0.2560129761695862, 0.7258646488189697]
[0.5897448062896729, 0.38543975353240967, 0.024815453216433525]
[0.7574073672294617, 0.23299957811832428, 0.009593024849891663]
[0.11494912207126617, 0.6911455988883972, 0.19390535354614258]
[0.09248216450214386, 0.6562203764915466, 0.2512974739074707]
[0.7146707773208618, 0.24671056866645813, 0.03861873596906662]
[0.6567330956459045, 0.32495591044425964, 0.01831098087131977]
[0.6944122314453125, 0.2835105359554291, 0.022077182307839394]
[0.445186972618103, 0.42609596252441406, 0.1287171095609665]
[0.6962750554084778, 0.2850503623485565, 0.018674548715353012]
[0.7744539380073547, 0.20485088229179382, 0.020695112645626068]
[0.7570666670799255, 0.22623556852340698, 0.016697891056537628]
[0.9231303334236145, 0.07225457578897476, 0.004615068435668945]
[0.4964558184146881, 0.46777182817459106, 0.03577236458659172]
[0.062015797942876816, 0.41369661688804626, 0.5242875814437866]
[0.7926478385925293, 0.1851135939359665, 0.02223857305943966]
[0.22027620673179626, 0.371622234582901, 0.40810149908065796]
[0.14153441786766052, 0.479244589805603, 0.37922102212905884]
[0.3509478271007538, 0.5767763257026672, 0.07227582484483719]
[0.10876675695180893, 0.5555312037467957, 0.33570200204849243]
[0.7138048410415649, 0.25891047716140747, 0.027284707874059677]
[0.02729618363082409, 0.4024266004562378, 0.5702771544456482]
[0.3392089903354645, 0.4523760974407196, 0.20841488242149353]
[0.4460144639015198, 0.4276704788208008, 0.12631505727767944]
[0.33207589387893677, 0.470462441444397, 0.19746170938014984]
[0.4009644091129303, 0.42073342204093933, 0.17830222845077515]
[0.30290618538856506, 0.5636715292930603, 0.13342228531837463]
[0.4344063401222229, 0.4304782450199127, 0.13511542975902557]
[0.654296875, 0.3127760589122772, 0.03292704373598099]
[0.07174935936927795, 0.524348795413971, 0.40390175580978394]
[0.045580580830574036, 0.2820264995098114, 0.6723928451538086]
[0.2592262923717499, 0.43584346771240234, 0.30493026971817017]
[0.6109133958816528, 0.3085669279098511, 0.0805196687579155]
[0.6619719862937927, 0.28869661688804626, 0.04933139309287071]
[0.5560351610183716, 0.39721816778182983, 0.046746671199798584]
[0.43116942048072815, 0.500133216381073, 0.06869735568761826]
[0.459515243768692, 0.4533533453941345, 0.08713147044181824]
[0.2955845296382904, 0.47378697991371155, 0.23062850534915924]
[0.5649640560150146, 0.3726513087749481, 0.062384579330682755]
[0.15100747346878052, 0.3561561405658722, 0.4928363561630249]
[0.16389769315719604, 0.7089453339576721, 0.12715695798397064]
[0.011703325435519218, 0.749506950378418, 0.2387896478176117]
[0.884408175945282, 0.10554680973291397, 0.010044984519481659]
[0.005650636740028858, 0.2501821517944336, 0.744167149066925]
[0.27294233441352844, 0.5947199463844299, 0.13233768939971924]
[0.4419713318347931, 0.43496957421302795, 0.12305910885334015]
[0.0015120774041861296, 0.023076646029949188, 0.9754112362861633]
[0.20033612847328186, 0.6184442043304443, 0.181219682097435]
[0.029979681596159935, 0.5312596559524536, 0.4387606978416443]
[0.005590473301708698, 0.14323054254055023, 0.8511790037155151]
[0.12718626856803894, 0.44881105422973633, 0.42400264739990234]
[0.6427655816078186, 0.302105188369751, 0.055129244923591614]
[0.32008999586105347, 0.44381454586982727, 0.23609550297260284]
[0.1344061940908432, 0.4127885401248932, 0.45280522108078003]
[0.05788043513894081, 0.3711767792701721, 0.5709426999092102]
[0.013381137512624264, 0.18734236061573029, 0.7992764711380005]
[0.35349732637405396, 0.5759550929069519, 0.07054750621318817]
[0.042153459042310715, 0.34280556440353394, 0.6150410175323486]
[0.3351888060569763, 0.5134249329566956, 0.15138621628284454]
[0.26334577798843384, 0.6442287564277649, 0.09242551773786545]
[0.4605136513710022, 0.474086195230484, 0.06540018320083618]
[0.45236942172050476, 0.44757503271102905, 0.10005554556846619]
[0.07154426723718643, 0.2147253453731537, 0.7137304544448853]
[0.041842155158519745, 0.4489750266075134, 0.5091828107833862]
[0.07518526911735535, 0.8136797547340393, 0.11113496869802475]
[0.24889014661312103, 0.5028120875358582, 0.24829775094985962]
[0.16779878735542297, 0.36569687724113464, 0.4665043354034424]
[0.6573497653007507, 0.3011481761932373, 0.041502002626657486]
[0.12036817520856857, 0.5439743399620056, 0.3356575071811676]
[0.008446082472801208, 0.20674820244312286, 0.7848057150840759]
[0.2957761585712433, 0.4263898432254791, 0.2778339385986328]
[0.35911738872528076, 0.504958987236023, 0.1359236091375351]
[0.11159884929656982, 0.40962398052215576, 0.4787771701812744]
[0.21852314472198486, 0.6275230646133423, 0.15395376086235046]
[0.15820512175559998, 0.610380232334137, 0.23141469061374664]
[0.11953215301036835, 0.666719377040863, 0.21374844014644623]
[0.059153154492378235, 0.21645280718803406, 0.7243940830230713]
[0.2110103815793991, 0.5270028710365295, 0.26198673248291016]
[0.10895133763551712, 0.4547926187515259, 0.4362560212612152]
[0.757012665271759, 0.22750651836395264, 0.01548083871603012]
[0.08354194462299347, 0.7295787930488586, 0.1868792623281479]
[0.5863543152809143, 0.355424702167511, 0.058220963925123215]
[0.03717619180679321, 0.25061672925949097, 0.712207019329071]
[0.374109148979187, 0.5346545577049255, 0.09123627096414566]
[0.07175493985414505, 0.46290647983551025, 0.4653385579586029]
[0.0056274207308888435, 0.04054781049489975, 0.9538246989250183]
[0.1725715845823288, 0.5058070421218872, 0.3216213583946228]
[0.4339160919189453, 0.465006023645401, 0.10107791423797607]
[0.6086555123329163, 0.3409571349620819, 0.05038739740848541]
[0.3730168640613556, 0.5252919793128967, 0.10169119387865067]
[0.4233039319515228, 0.4967719316482544, 0.07992417365312576]
[0.14731480181217194, 0.5847511887550354, 0.26793402433395386]
[0.04674004763364792, 0.42005300521850586, 0.5332069396972656]
[0.33766353130340576, 0.5131363868713379, 0.14920006692409515]
[0.02859790250658989, 0.2264547348022461, 0.7449473738670349]
[0.14016203582286835, 0.6044086813926697, 0.2554292380809784]
[0.041893888264894485, 0.24805673956871033, 0.7100493311882019]
[0.32122814655303955, 0.6018538475036621, 0.07691795378923416]
[0.27294716238975525, 0.6451586484909058, 0.08189419656991959]
[0.3383982181549072, 0.5965879559516907, 0.06501394510269165]
[0.012805728241801262, 0.3489915132522583, 0.6382027268409729]
[0.5053861141204834, 0.4190605580806732, 0.07555335760116577]
[0.4063040018081665, 0.42260175943374634, 0.17109419405460358]
[0.2580322027206421, 0.5028835535049438, 0.23908427357673645]
[0.04467736929655075, 0.5149555206298828, 0.44036707282066345]
[0.15099094808101654, 0.7530164122581482, 0.09599264711141586]
[0.39822283387184143, 0.5403934717178345, 0.06138372793793678]
[0.03799515962600708, 0.3906972110271454, 0.5713075995445251]
[0.3181599974632263, 0.5358863472938538, 0.1459536850452423]
[0.027890454977750778, 0.21632933616638184, 0.7557802200317383]
[0.3236961364746094, 0.562300443649292, 0.11400345712900162]
[0.010969499126076698, 0.12936928868293762, 0.8596611618995667]
[0.44355013966560364, 0.46859490871429443, 0.08785493671894073]
[0.6871789693832397, 0.28066936135292053, 0.03215174376964569]
[0.07087291032075882, 0.24758341908454895, 0.6815437078475952]
[0.6565055251121521, 0.29390057921409607, 0.049593906849622726]
[0.5266422629356384, 0.4236961901187897, 0.04966147989034653]
[0.21269764006137848, 0.5611787438392639, 0.22612355649471283]
[0.2897185683250427, 0.5948719382286072, 0.1154094710946083]
[0.8586511611938477, 0.13312801718711853, 0.008220821619033813]
[0.19011080265045166, 0.274280846118927, 0.5356083512306213]
[0.27289319038391113, 0.5245485901832581, 0.2025582194328308]
[0.5260341167449951, 0.4265798032283783, 0.047386135905981064]
[0.26929882168769836, 0.5291959643363953, 0.20150522887706757]
[0.07782631367444992, 0.23191003501415253, 0.6902636885643005]
[0.3399055302143097, 0.5296986103057861, 0.1303957849740982]
[0.0108761852607131, 0.10734327882528305, 0.8817805051803589]
[0.15297603607177734, 0.5706136226654053, 0.27641040086746216]
[0.41204339265823364, 0.49114176630973816, 0.09681479632854462]
[0.4867187738418579, 0.44128522276878357, 0.07199592143297195]
[0.39045804738998413, 0.5022562742233276, 0.10728571563959122]
[0.756401002407074, 0.22563998401165009, 0.017958998680114746]
[0.023927778005599976, 0.12085794657468796, 0.8552142977714539]
[0.6096605062484741, 0.3114776611328125, 0.0788617953658104]
[0.45662450790405273, 0.45147064328193665, 0.09190476685762405]
[0.4951629340648651, 0.45173776149749756, 0.053099218755960464]
[0.7582469582557678, 0.22507444024085999, 0.016678588464856148]
[0.4444167912006378, 0.458395391702652, 0.09718788415193558]
[0.0015489303041249514, 0.020472997799515724, 0.9779781103134155]
