[0.8553625345230103, 0.1284569948911667, 0.016180478036403656]
[0.0313979871571064, 0.3145563304424286, 0.6540457010269165]
[0.48234519362449646, 0.4012770354747772, 0.11637772619724274]
[0.1639133244752884, 0.5951940417289734, 0.24089254438877106]
[0.02033654786646366, 0.38585594296455383, 0.5938075184822083]
[0.22262932360172272, 0.6444739699363708, 0.13289667665958405]
[0.37062427401542664, 0.4705245792865753, 0.15885119140148163]
[0.34319716691970825, 0.532222330570221, 0.1245805025100708]
[0.37310361862182617, 0.5125510692596436, 0.1143452376127243]
[0.47214579582214355, 0.4407641887664795, 0.0870899185538292]
[0.07748917490243912, 0.6814970970153809, 0.24101366102695465]
[0.3400335907936096, 0.4566413164138794, 0.2033250480890274]
[0.3760971128940582, 0.5100733637809753, 0.11382952332496643]
[0.439503937959671, 0.4718139171600342, 0.08868219703435898]
[0.2997190058231354, 0.5830749869346619, 0.11720599979162216]
[0.8442559242248535, 0.1444302350282669, 0.011313801631331444]
[0.14365516602993011, 0.41745638847351074, 0.4388884902000427]
[0.33186236023902893, 0.43438318371772766, 0.23375454545021057]
[0.011060391552746296, 0.1404666155576706, 0.8484729528427124]
[0.19047555327415466, 0.4727843105792999, 0.336740106344223]
[0.07375052571296692, 0.28257763385772705, 0.6436718106269836]
[0.032894741743803024, 0.20637835562229156, 0.7607269287109375]
[0.16002199053764343, 0.5756051540374756, 0.264372855424881]
[0.12869226932525635, 0.437072217464447, 0.4342355728149414]
[0.009819193743169308, 0.2195148766040802, 0.7706659436225891]
[0.012412005104124546, 0.15671434998512268, 0.8308736085891724]
[0.22277343273162842, 0.6446047425270081, 0.13262182474136353]
