[0.08582416921854019, 0.49050983786582947, 0.4236660301685333]
[0.3430292010307312, 0.5043066143989563, 0.1526641845703125]
[0.09700695425271988, 0.4383418560028076, 0.4646511971950531]
[0.014908945187926292, 0.18422502279281616, 0.8008660078048706]
[0.5119162797927856, 0.4174101948738098, 0.07067354023456573]
[0.025338735431432724, 0.17439787089824677, 0.8002634048461914]
[0.2054705172777176, 0.48282015323638916, 0.3117094337940216]
[0.18317770957946777, 0.6714234948158264, 0.14539872109889984]
[0.34991565346717834, 0.5676788687705994, 0.08240549266338348]
[0.17769640684127808, 0.5445489883422852, 0.2777545750141144]
[0.31382879614830017, 0.5534848570823669, 0.1326863020658493]
[0.21462123095989227, 0.5266557335853577, 0.2587229907512665]
[0.18010295927524567, 0.5331109762191772, 0.28678610920906067]
[0.24826329946517944, 0.5973237752914429, 0.1544128805398941]
[0.051828961819410324, 0.30654412508010864, 0.6416269540786743]
[0.7916564345359802, 0.16989539563655853, 0.038448117673397064]
[0.42768752574920654, 0.4778905510902405, 0.09442191570997238]
[0.23605917394161224, 0.6209723949432373, 0.14296847581863403]
[0.0694090723991394, 0.2023935168981552, 0.728197455406189]
[0.033128127455711365, 0.3664291501045227, 0.6004427075386047]
[0.04881362244486809, 0.5107463598251343, 0.44043999910354614]
[0.006776502355933189, 0.3139481842517853, 0.6792753338813782]
