[0.006109696812927723, 0.040566105395555496, 0.9533242583274841]
[0.044385459274053574, 0.6071416735649109, 0.3484728932380676]
[0.0030494346283376217, 0.013109303079545498, 0.9838412404060364]
[0.008920270949602127, 0.07066236436367035, 0.920417308807373]
[0.006438276264816523, 0.09796471148729324, 0.8955970406532288]
[0.024608369916677475, 0.22224600613117218, 0.753145694732666]
[0.4214441776275635, 0.4200921058654785, 0.15846365690231323]
[0.524495005607605, 0.3336678743362427, 0.1418371945619583]
[0.0988566130399704, 0.4032883644104004, 0.497855007648468]
[0.037416089326143265, 0.30824902653694153, 0.6543349623680115]
[0.011620184406638145, 0.10795995593070984, 0.8804198503494263]
[0.4340682327747345, 0.4482608735561371, 0.11767089366912842]
[0.05240866541862488, 0.4770209491252899, 0.4705703556537628]
[0.6376358866691589, 0.32324039936065674, 0.03912375867366791]
[0.05774644762277603, 0.2993347644805908, 0.6429187059402466]
[0.016512813046574593, 0.2775261104106903, 0.7059611082077026]
[0.7522245645523071, 0.2125643938779831, 0.0352109931409359]
[0.08955679088830948, 0.38481250405311584, 0.5256306529045105]
[0.03549076244235039, 0.1425432413816452, 0.8219659328460693]
[0.5711984038352966, 0.3265917897224426, 0.10220981389284134]
[0.08576282858848572, 0.4559236466884613, 0.458313524723053]
[0.26909011602401733, 0.4987506568431854, 0.23215918242931366]
[0.6271868944168091, 0.3400072455406189, 0.03280584514141083]
[0.0035933535546064377, 0.01725536212325096, 0.9791512489318848]
[0.011800314299762249, 0.06525885313749313, 0.9229407906532288]
[0.06881105154752731, 0.5954126715660095, 0.33577629923820496]
[0.40426501631736755, 0.522459089756012, 0.07327592372894287]
[0.4299851059913635, 0.5092399716377258, 0.06077492982149124]
[0.023783771321177483, 0.4113689363002777, 0.5648472905158997]
[0.07635994255542755, 0.4637434482574463, 0.45989665389060974]
[0.14552153646945953, 0.6064035296440125, 0.24807490408420563]
[0.004675005562603474, 0.09266473352909088, 0.9026603102684021]
[0.011783009395003319, 0.19345296919345856, 0.7947640419006348]
[0.0574219673871994, 0.270856648683548, 0.671721339225769]
[0.08635767549276352, 0.36718717217445374, 0.5464551448822021]
[0.13655218482017517, 0.38456740975379944, 0.478880375623703]
[0.023569416254758835, 0.12397411465644836, 0.8524564504623413]
[0.029843755066394806, 0.12822642922401428, 0.8419297933578491]
[0.15433616936206818, 0.3659761846065521, 0.4796876013278961]
[0.019823569804430008, 0.1897922307252884, 0.7903841733932495]
[0.047831520438194275, 0.5468705296516418, 0.40529799461364746]
[0.00877724401652813, 0.1354592740535736, 0.8557634949684143]
