[0.29842567443847656, 0.40506869554519653, 0.2965056300163269]
[0.0042141638696193695, 0.16530708968639374, 0.8304787874221802]
[0.028575042262673378, 0.5897884368896484, 0.38163653016090393]
[0.12717817723751068, 0.2784925401210785, 0.594329297542572]
[0.028538942337036133, 0.24726904928684235, 0.7241920232772827]
[0.007620836142450571, 0.1262643039226532, 0.8661148548126221]
[0.6760742664337158, 0.2842024266719818, 0.03972332552075386]
[0.08215812593698502, 0.5422059893608093, 0.37563586235046387]
[0.2049066126346588, 0.5782529711723328, 0.21684041619300842]
[0.4051864445209503, 0.4585149884223938, 0.13629847764968872]
[0.3904511332511902, 0.40336477756500244, 0.20618411898612976]
[0.051440805196762085, 0.21859483420848846, 0.7299644351005554]
[0.38054996728897095, 0.4857480227947235, 0.13370200991630554]
[0.6814075708389282, 0.2628213167190552, 0.055771149694919586]
[0.22464312613010406, 0.38931211829185486, 0.3860447406768799]
[0.02996598184108734, 0.3441496789455414, 0.6258843541145325]
[0.008010519668459892, 0.16470105946063995, 0.8272884488105774]
[0.05575203895568848, 0.5090981721878052, 0.43514981865882874]
[0.0034592931624501944, 0.05655508488416672, 0.9399855732917786]
[0.015327482484281063, 0.7124999165534973, 0.2721725404262543]
[0.035981401801109314, 0.2530880868434906, 0.7109305262565613]
[0.06379681825637817, 0.522428035736084, 0.4137752056121826]
[0.010614200495183468, 0.34001606702804565, 0.6493697762489319]
[0.02014397457242012, 0.670458972454071, 0.3093971014022827]
[0.23090514540672302, 0.6744804978370667, 0.09461429715156555]
[0.44052624702453613, 0.5076739192008972, 0.051799774169921875]
[0.3640933334827423, 0.3612324893474579, 0.2746741771697998]
[0.006325935944914818, 0.038956157863140106, 0.9547179341316223]
[0.052664268761873245, 0.2588111162185669, 0.688524603843689]
[0.008767997846007347, 0.22005541622638702, 0.7711766362190247]
