[0.5316144227981567, 0.38020655512809753, 0.08817902207374573]
[0.020645953714847565, 0.3311014771461487, 0.6482526063919067]
[0.15343794226646423, 0.6448653936386108, 0.20169663429260254]
[0.36773359775543213, 0.509462296962738, 0.12280412018299103]
[0.09020275622606277, 0.4298361539840698, 0.4799610674381256]
[0.11550935357809067, 0.3987721800804138, 0.4857185482978821]
[0.7306172251701355, 0.23461903631687164, 0.03476375713944435]
[0.05262729525566101, 0.24117037653923035, 0.7062023282051086]
[0.5169307589530945, 0.36304789781570435, 0.12002133578062057]
[0.09253429621458054, 0.49718573689460754, 0.4102799594402313]
[0.011955342255532742, 0.2917669415473938, 0.6962777376174927]
[0.4570302665233612, 0.45059677958488464, 0.09237296134233475]
[0.08931119740009308, 0.319611519575119, 0.5910772681236267]
[0.25660640001296997, 0.529610276222229, 0.213783398270607]
[0.601706862449646, 0.3650715947151184, 0.03322155028581619]
[0.025839438661932945, 0.133046492934227, 0.8411140441894531]
[0.04470491781830788, 0.40603336691856384, 0.5492616891860962]
[0.09725740551948547, 0.49563199281692505, 0.4071105718612671]
[0.024257870391011238, 0.25252628326416016, 0.7232158184051514]
[0.5992204546928406, 0.33379867672920227, 0.06698090583086014]
[0.6096382737159729, 0.31929126381874084, 0.07107044756412506]
[0.10558325052261353, 0.2879011034965515, 0.6065157055854797]
[0.661109209060669, 0.29972025752067566, 0.03917045146226883]
[0.499933123588562, 0.44703778624534607, 0.053029101341962814]
[0.4837384521961212, 0.4551739990711212, 0.061087533831596375]
[0.15482941269874573, 0.5235112905502319, 0.32165926694869995]
[0.021884918212890625, 0.3717922568321228, 0.6063227653503418]
[0.09400396049022675, 0.5564393401145935, 0.34955671429634094]
[0.2007475048303604, 0.47323909401893616, 0.32601338624954224]
[0.02114780619740486, 0.18471035361289978, 0.7941418886184692]
[0.18468056619167328, 0.5256239175796509, 0.28969547152519226]
[0.13093610107898712, 0.32567349076271057, 0.5433905124664307]
[0.12507137656211853, 0.36215755343437195, 0.5127710700035095]
[0.11976355314254761, 0.5506606698036194, 0.329575777053833]
[0.006246940698474646, 0.04382814094424248, 0.949924886226654]
[0.06266144663095474, 0.3251953423023224, 0.6121432185173035]
[0.10111866146326065, 0.32030993700027466, 0.5785713791847229]
[0.4236304759979248, 0.4577629566192627, 0.1186065822839737]
[0.003512792754918337, 0.02694672904908657, 0.969540536403656]
[0.002329706447198987, 0.03536538407206535, 0.9623048901557922]
[0.0014359514461830258, 0.04228222742676735, 0.9562817811965942]
[0.02361137978732586, 0.09195888042449951, 0.8844296932220459]
