[0.721434473991394, 0.2651383876800537, 0.0134270703420043]
[0.18445447087287903, 0.5040159821510315, 0.3115295469760895]
[0.032189082354307175, 0.20262473821640015, 0.7651861310005188]
[0.018636707216501236, 0.7037917375564575, 0.27757152915000916]
[0.007366244215518236, 0.27616482973098755, 0.7164689302444458]
[0.07090470939874649, 0.24871616065502167, 0.6803791522979736]
[0.030683988705277443, 0.5661492943763733, 0.4031667411327362]
[0.022641807794570923, 0.2661328613758087, 0.7112253904342651]
[0.039602700620889664, 0.656965970993042, 0.30343130230903625]
[0.09089256078004837, 0.5266726613044739, 0.3824348449707031]
[0.22785571217536926, 0.5549614429473877, 0.21718285977840424]
[0.21309322118759155, 0.596875011920929, 0.19003178179264069]
[0.13780872523784637, 0.6199344992637634, 0.24225668609142303]
[0.5462732911109924, 0.39540228247642517, 0.05832443758845329]
[0.07924302667379379, 0.3298480808734894, 0.5909088850021362]
[0.4781256318092346, 0.4482130706310272, 0.07366135716438293]
[0.11245174705982208, 0.38938888907432556, 0.4981592893600464]
[0.27932506799697876, 0.6072019338607788, 0.11347304284572601]
[0.0283509474247694, 0.30206334590911865, 0.6695857048034668]
[0.5739750266075134, 0.3923528492450714, 0.033672068268060684]
[0.5533968210220337, 0.3974962830543518, 0.049106888473033905]
[0.0479506216943264, 0.299754798412323, 0.6522945165634155]
[0.45572665333747864, 0.3829268217086792, 0.16134651005268097]
[0.33022835850715637, 0.5503767728805542, 0.11939488351345062]
[0.001792137511074543, 0.02406475320458412, 0.9741430878639221]
[0.02522139437496662, 0.2998042702674866, 0.6749743223190308]
[0.002110777422785759, 0.04377175122499466, 0.9541174173355103]
