[0.5714332461357117, 0.36200588941574097, 0.06656087189912796]
[0.4849952161312103, 0.4667498767375946, 0.048254869878292084]
[0.2973536252975464, 0.5427513122558594, 0.15989504754543304]
[0.1723705530166626, 0.49966317415237427, 0.32796627283096313]
[0.09956222772598267, 0.4360712170600891, 0.46436649560928345]
[0.1747540831565857, 0.5670925974845886, 0.25815334916114807]
[0.43859031796455383, 0.39148983359336853, 0.16991987824440002]
[0.008724033832550049, 0.18364718556404114, 0.8076287508010864]
[0.5664311647415161, 0.39595112204551697, 0.03761768713593483]
[0.8774765133857727, 0.11215249449014664, 0.010371018201112747]
[0.5528229475021362, 0.39321771264076233, 0.05395932495594025]
[0.9370673298835754, 0.05651281774044037, 0.006419786252081394]
[0.8278396129608154, 0.15513519942760468, 0.01702512428164482]
[0.7246201038360596, 0.2416650801897049, 0.033714864403009415]
[0.5359506607055664, 0.33285871148109436, 0.13119053840637207]
[0.4642995595932007, 0.43716558814048767, 0.09853485226631165]
[0.7173298597335815, 0.25310662388801575, 0.029563499614596367]
[0.49577564001083374, 0.4065585434436798, 0.09766577184200287]
[0.641471266746521, 0.29885774850845337, 0.059670962393283844]
[0.4191302955150604, 0.49643608927726746, 0.08443363755941391]
[0.5430043935775757, 0.36219432950019836, 0.09480126947164536]
[0.5618395805358887, 0.36334148049354553, 0.07481898367404938]
[0.09135329723358154, 0.36722332239151, 0.5414233803749084]
[0.9179122447967529, 0.0769088938832283, 0.005178946070373058]
[0.289303719997406, 0.4965226352214813, 0.2141735851764679]
[0.6928347945213318, 0.2777264714241028, 0.02943870984017849]
[0.01906440034508705, 0.14395742118358612, 0.8369781970977783]
[0.024686815217137337, 0.13994477689266205, 0.8353684544563293]
[0.26811546087265015, 0.36179307103157043, 0.3700914680957794]
[0.6662270426750183, 0.28238943219184875, 0.05138351395726204]
[0.1510348618030548, 0.6168502569198608, 0.23211489617824554]
[0.16518227756023407, 0.5679794549942017, 0.2668382525444031]
[0.7701380252838135, 0.19972603023052216, 0.030136041343212128]
[0.7913243174552917, 0.17017753422260284, 0.038498248904943466]
[0.4140200614929199, 0.48247480392456055, 0.10350513458251953]
[0.6263096332550049, 0.3046979010105133, 0.0689924880862236]
[0.019539639353752136, 0.28161466121673584, 0.6988457441329956]
[0.0034484067000448704, 0.03885437548160553, 0.9576972126960754]
[0.0895003005862236, 0.7005817890167236, 0.20991797745227814]
