[0.6092559099197388, 0.3129846155643463, 0.07775940746068954]
[0.06485223770141602, 0.4802151620388031, 0.45493265986442566]
[0.01129706297069788, 0.2913976013660431, 0.6973053812980652]
[0.012233718298375607, 0.32967284321784973, 0.6580934524536133]
[0.05974620208144188, 0.6315494775772095, 0.3087042272090912]
[0.06295554339885712, 0.22390486299991608, 0.7131396532058716]
[0.45118165016174316, 0.48698392510414124, 0.061834368854761124]
[0.08859656006097794, 0.5049447417259216, 0.40645864605903625]
[0.033037442713975906, 0.35169240832328796, 0.6152701377868652]
[0.00831290427595377, 0.09033689647912979, 0.9013501405715942]
[0.1107703447341919, 0.425277978181839, 0.4639516770839691]
[0.008571602404117584, 0.11131207644939423, 0.88011634349823]
[0.1697927564382553, 0.471891850233078, 0.3583154082298279]
[0.18869788944721222, 0.5818660855293274, 0.2294360101222992]
[0.2912778854370117, 0.43696093559265137, 0.2717612087726593]
[0.010903695598244667, 0.07968205213546753, 0.9094142317771912]
[0.007840867154300213, 0.0839860737323761, 0.908173143863678]
[0.163291797041893, 0.707565188407898, 0.12914294004440308]
[0.008708959445357323, 0.5350860953330994, 0.45620495080947876]
[0.004116580355912447, 0.04129935801029205, 0.9545840620994568]
[0.09711592644453049, 0.7727070450782776, 0.1301770657300949]
[0.3138391375541687, 0.5667827129364014, 0.11937816441059113]
[0.3488430380821228, 0.5503016710281372, 0.10085538029670715]
[0.05671331658959389, 0.5075995326042175, 0.43568718433380127]
[0.03407253697514534, 0.3636326491832733, 0.6022948026657104]
[0.03181058168411255, 0.2353491336107254, 0.7328402996063232]
