[0.010990407317876816, 0.18283270299434662, 0.8061769604682922]
[0.4345816969871521, 0.3898873031139374, 0.1755310446023941]
[0.05275816097855568, 0.5388985872268677, 0.40834322571754456]
[0.11713431030511856, 0.4246153235435486, 0.45825034379959106]
[0.1358247846364975, 0.6831955313682556, 0.18097969889640808]
[0.12630203366279602, 0.6835594773292542, 0.19013851881027222]
[0.04116003215312958, 0.22967378795146942, 0.7291662096977234]
[0.10518108308315277, 0.48755165934562683, 0.4072672724723816]
[0.2712588310241699, 0.5215180516242981, 0.20722314715385437]
[0.009812929667532444, 0.11643675714731216, 0.8737503290176392]
[0.03359846770763397, 0.18590182065963745, 0.7804996967315674]
[0.16855913400650024, 0.3486570417881012, 0.4827839136123657]
[0.7021404504776001, 0.267647385597229, 0.030212165787816048]
[0.35294845700263977, 0.42834746837615967, 0.2187039852142334]
[0.039949070662260056, 0.4508828818798065, 0.5091680288314819]
[0.33287644386291504, 0.5001838207244873, 0.16693970561027527]
[0.3211953043937683, 0.5439779758453369, 0.1348266899585724]
[0.04517362639307976, 0.3732553720474243, 0.5815709829330444]
[0.6866139769554138, 0.216398686170578, 0.09698736667633057]
[0.627488374710083, 0.2823583483695984, 0.09015323966741562]
[0.3136862814426422, 0.5886737704277039, 0.09763991087675095]
[0.4482286274433136, 0.3469431400299072, 0.2048281729221344]
[0.14623276889324188, 0.507152795791626, 0.3466144800186157]
[0.5700072050094604, 0.34303247928619385, 0.08696026355028152]
[0.5935131907463074, 0.3149521052837372, 0.09153471887111664]
[0.01507965661585331, 0.07831542193889618, 0.9066049456596375]
[0.23256681859493256, 0.35673409700393677, 0.41069909930229187]
[0.032679930329322815, 0.2865329682826996, 0.6807870864868164]
[0.2572692930698395, 0.6009506583213806, 0.14178001880645752]
[0.10087016224861145, 0.47760966420173645, 0.4215202033519745]
[0.18766967952251434, 0.6339609622955322, 0.1783694177865982]
[0.26064369082450867, 0.41776975989341736, 0.32158657908439636]
[0.0884600579738617, 0.5492005348205566, 0.3623393774032593]
[0.9380610585212708, 0.05616848170757294, 0.00577054126188159]
[0.005643279291689396, 0.045868534594774246, 0.948488175868988]
[0.1753954142332077, 0.5366989374160767, 0.2879055440425873]
[0.19192662835121155, 0.6191679239273071, 0.1889054775238037]
[0.06548614054918289, 0.2502424418926239, 0.6842714548110962]
[0.11674199253320694, 0.3864171802997589, 0.49684077501296997]
[0.01228114403784275, 0.11695904284715652, 0.8707597851753235]
[0.01861381158232689, 0.12381133437156677, 0.8575748801231384]
