[0.46151649951934814, 0.4095681309700012, 0.12891536951065063]
[0.11026807129383087, 0.3908284604549408, 0.4989034831523895]
[0.016150137409567833, 0.5310240387916565, 0.4528258144855499]
[0.017756262794137, 0.4871283769607544, 0.49511536955833435]
[0.007976195774972439, 0.22588495910167694, 0.7661388516426086]
[0.14109088480472565, 0.5212658643722534, 0.33764326572418213]
[0.5854151248931885, 0.3518749177455902, 0.06270993500947952]
[0.03949855640530586, 0.36276373267173767, 0.597737729549408]
[0.10086240619421005, 0.3862202763557434, 0.5129173398017883]
[0.0149798933416605, 0.17297743260860443, 0.8120427131652832]
[0.27503395080566406, 0.523751437664032, 0.20121464133262634]
[0.0435025617480278, 0.2279127985239029, 0.7285847067832947]
[0.013643011450767517, 0.11045537889003754, 0.8759016394615173]
[0.03185858204960823, 0.30607640743255615, 0.6620650887489319]
[0.042018432170152664, 0.44481590390205383, 0.5131657123565674]
[0.08789999037981033, 0.24496814608573914, 0.6671318411827087]
[0.01738142967224121, 0.35810479521751404, 0.6245138049125671]
[0.03080989606678486, 0.13467027246952057, 0.8345198035240173]
[0.896825909614563, 0.09428149461746216, 0.008892656303942204]
[0.4874062240123749, 0.4665396213531494, 0.04605412483215332]
[0.15914186835289001, 0.6735517382621765, 0.16730640828609467]
[0.6407670974731445, 0.3315536081790924, 0.027679281309247017]
[0.03926956653594971, 0.4961622953414917, 0.4645681083202362]
[0.05297959968447685, 0.26748183369636536, 0.6795385479927063]
[0.037339940667152405, 0.546883225440979, 0.4157768189907074]
[0.010078665800392628, 0.13477060198783875, 0.8551507592201233]
[0.017191343009471893, 0.23395973443984985, 0.7488489151000977]
[0.0010128321591764688, 0.015062822960317135, 0.9839243292808533]
