[0.9468403458595276, 0.04827465862035751, 0.004884995520114899]
[0.8722658157348633, 0.11825378239154816, 0.009480512700974941]
[0.04012994095683098, 0.41749337315559387, 0.5423767566680908]
[0.002478335052728653, 0.09515136480331421, 0.9023703336715698]
[0.006628276780247688, 0.05443562939763069, 0.9389360547065735]
[0.179438516497612, 0.5700548887252808, 0.2505066394805908]
[0.2179587334394455, 0.4226013422012329, 0.359439879655838]
[0.02955254726111889, 0.13945116102695465, 0.8309962749481201]
[0.31222251057624817, 0.4332948327064514, 0.2544826865196228]
[0.03608081117272377, 0.2553882598876953, 0.7085309028625488]
[0.006613242439925671, 0.08652100712060928, 0.9068657755851746]
[0.01609468087553978, 0.14281603693962097, 0.8410892486572266]
[0.4162009656429291, 0.47247475385665894, 0.11132432520389557]
[0.032771773636341095, 0.17010439932346344, 0.7971238493919373]
[0.4853297770023346, 0.4520026743412018, 0.06266752630472183]
[0.33900365233421326, 0.47159576416015625, 0.1894005835056305]
[0.43146854639053345, 0.44940659403800964, 0.11912492662668228]
[0.2440539002418518, 0.5978426337242126, 0.15810346603393555]
[0.03025556169450283, 0.4200279116630554, 0.549716591835022]
[0.8685755729675293, 0.11935478448867798, 0.012069561518728733]
[0.6202384829521179, 0.2891518175601959, 0.09060967713594437]
[0.07041386514902115, 0.1591174602508545, 0.7704687118530273]
[0.5650126338005066, 0.33804813027381897, 0.09693923592567444]
[0.22960326075553894, 0.4258045554161072, 0.3445921242237091]
[0.178634375333786, 0.4437522888183594, 0.3776133358478546]
[0.8343961238861084, 0.14360535144805908, 0.021998455747961998]
[0.7700319290161133, 0.2062322050333023, 0.02373576909303665]
[0.4711430072784424, 0.4347989857196808, 0.09405799210071564]
[0.5171269774436951, 0.3522806167602539, 0.1305924504995346]
[0.8381491303443909, 0.14416295289993286, 0.017687879502773285]
[0.6640294194221497, 0.2802044451236725, 0.055766116827726364]
[0.3341100513935089, 0.54266357421875, 0.1232263371348381]
[0.33553722500801086, 0.4063546061515808, 0.25810813903808594]
[0.03159266710281372, 0.2244609296321869, 0.7439463138580322]
[0.002749041421338916, 0.07242905348539352, 0.9248219132423401]
[0.006994107738137245, 0.20968806743621826, 0.7833178639411926]
