[0.18317930400371552, 0.39468836784362793, 0.42213234305381775]
[0.03216717392206192, 0.237264946103096, 0.7305678725242615]
[0.06123429536819458, 0.24086259305477142, 0.6979031562805176]
[0.03210606798529625, 0.42283496260643005, 0.5450589060783386]
[0.014144384302198887, 0.345918744802475, 0.6399368047714233]
[0.4245273172855377, 0.4346511960029602, 0.1408214420080185]
[0.21571803092956543, 0.45985037088394165, 0.3244316279888153]
[0.0436074361205101, 0.19824716448783875, 0.7581453919410706]
[0.007462960202246904, 0.10072067379951477, 0.8918163180351257]
[0.13431648910045624, 0.26468172669410706, 0.6010017991065979]
[0.0041865697130560875, 0.026218941435217857, 0.9695945382118225]
[0.30868661403656006, 0.571436882019043, 0.11987650394439697]
[0.005110536701977253, 0.053450990468263626, 0.9414384365081787]
[0.28368592262268066, 0.5115231871604919, 0.2047909051179886]
[0.21429140865802765, 0.38157862424850464, 0.4041299521923065]
[0.05066685378551483, 0.2918386459350586, 0.6574944853782654]
[0.018278973177075386, 0.14567901194095612, 0.8360419869422913]
[0.1267344057559967, 0.5653387308120728, 0.30792689323425293]
[0.5262981653213501, 0.39175277948379517, 0.08194906264543533]
[0.30525684356689453, 0.47983044385910034, 0.21491268277168274]
[0.01013473141938448, 0.2616092264652252, 0.7282560467720032]
[0.011349461041390896, 0.39464807510375977, 0.5940024256706238]
[0.2771092653274536, 0.5788373351097107, 0.1440533697605133]
[0.004127074498683214, 0.11224138736724854, 0.8836314678192139]
[0.05212477967143059, 0.7899332046508789, 0.1579420417547226]
