[0.009843100793659687, 0.10853179544210434, 0.8816250562667847]
[0.14436084032058716, 0.4696374535560608, 0.38600173592567444]
[0.592749297618866, 0.36763301491737366, 0.03961767256259918]
[0.4362407922744751, 0.4669782221317291, 0.09678105264902115]
[0.04819411039352417, 0.36066848039627075, 0.5911373496055603]
[0.4630129337310791, 0.48705556988716125, 0.04993145167827606]
[0.45749443769454956, 0.5030995011329651, 0.03940601274371147]
[0.4041944742202759, 0.5555332899093628, 0.04027220234274864]
[0.9432317614555359, 0.05340384691953659, 0.0033643990755081177]
[0.6524694561958313, 0.3261653184890747, 0.021365175023674965]
[0.21106533706188202, 0.7056261301040649, 0.08330859988927841]
[0.3946763277053833, 0.5434948801994324, 0.061828818172216415]
[0.4981255829334259, 0.42701902985572815, 0.07485543191432953]
[0.27291420102119446, 0.6544604897499084, 0.07262533903121948]
[0.39121678471565247, 0.5496305823326111, 0.05915270745754242]
[0.16799473762512207, 0.6993741989135742, 0.1326311230659485]
[0.28299927711486816, 0.636371374130249, 0.08062932640314102]
[0.41144272685050964, 0.5509254932403564, 0.037631805986166]
[0.12768620252609253, 0.7138411998748779, 0.15847255289554596]
[0.56072598695755, 0.39365851879119873, 0.04561542347073555]
[0.2420649528503418, 0.6233765482902527, 0.13455848395824432]
[0.6646775603294373, 0.2936966121196747, 0.041625868529081345]
[0.08896134048700333, 0.7251636981964111, 0.18587501347064972]
[0.29137659072875977, 0.6551386117935181, 0.053484827280044556]
[0.013753727078437805, 0.17375341057777405, 0.8124929070472717]
[0.012644079513847828, 0.0638439804315567, 0.9235119223594666]
[0.5811634659767151, 0.3964463174343109, 0.022390227764844894]
[0.5455428957939148, 0.42591801285743713, 0.028539102524518967]
[0.6588577628135681, 0.31299924850463867, 0.02814297564327717]
[0.01339319720864296, 0.08210188895463943, 0.9045048952102661]
[0.004293330945074558, 0.46941685676574707, 0.5262898206710815]
[0.0015660749049857259, 0.04889335483312607, 0.9495405554771423]
[0.0024769867304712534, 0.06095996871590614, 0.9365630745887756]
[0.002329332521185279, 0.03835822641849518, 0.9593124389648438]
[0.46347776055336, 0.4536111056804657, 0.08291115611791611]
[0.003679382149130106, 0.03288944438099861, 0.963431179523468]
[0.048025283962488174, 0.34527790546417236, 0.6066968441009521]
[0.022726841270923615, 0.1293918639421463, 0.8478813171386719]
[0.384492963552475, 0.4642292261123657, 0.1512778252363205]
[0.13500657677650452, 0.6892407536506653, 0.1757526695728302]
[0.005709014367312193, 0.16775044798851013, 0.8265405297279358]
[0.003306850092485547, 0.19715167582035065, 0.7995415329933167]
[0.006799698807299137, 0.7453262805938721, 0.24787403643131256]
[0.022269148379564285, 0.6646904945373535, 0.3130403757095337]
[0.001675808453001082, 0.012840129435062408, 0.9854840636253357]
[0.004965330474078655, 0.05279386043548584, 0.942240834236145]
[0.1155313104391098, 0.671247661113739, 0.21322107315063477]
[0.4333155155181885, 0.5212466716766357, 0.04543789103627205]
[0.04957479611039162, 0.7938873171806335, 0.15653784573078156]
[0.39902833104133606, 0.5036356449127197, 0.09733597934246063]
[0.5520080327987671, 0.36896660923957825, 0.07902539521455765]
[0.2414100021123886, 0.6529636383056641, 0.10562640428543091]
[0.273157000541687, 0.6309818029403687, 0.09586112201213837]
[0.5813276767730713, 0.39167553186416626, 0.026996804401278496]
[0.46901068091392517, 0.468787282705307, 0.06220199540257454]
[0.5606854557991028, 0.3665681481361389, 0.07274644076824188]
[0.13408519327640533, 0.3307770788669586, 0.5351377129554749]
[0.6233735084533691, 0.3186630308628082, 0.05796346068382263]
[0.04862561449408531, 0.5953224897384644, 0.35605183243751526]
[0.36995261907577515, 0.4498378038406372, 0.18020956218242645]
[0.6913552284240723, 0.2793233394622803, 0.029321391135454178]
[0.30737707018852234, 0.46286270022392273, 0.22976024448871613]
[0.5108199119567871, 0.4192134737968445, 0.0699666440486908]
[0.35661670565605164, 0.557385265827179, 0.08599803596735]
[0.02645152248442173, 0.2748539447784424, 0.6986945867538452]
[0.04933318868279457, 0.6498104929924011, 0.3008563220500946]
[0.21288642287254333, 0.7004486322402954, 0.08666498214006424]
[0.019973522052168846, 0.26770833134651184, 0.7123181819915771]
[0.2539537847042084, 0.5435935258865356, 0.20245274901390076]
[0.46567511558532715, 0.4854033589363098, 0.04892151057720184]
[0.5254878401756287, 0.40723657608032227, 0.06727556884288788]
[0.8093225359916687, 0.17308710515499115, 0.017590340226888657]
[0.012597324326634407, 0.545563280582428, 0.44183942675590515]
[0.21278302371501923, 0.5633768439292908, 0.22384013235569]
[0.007942184805870056, 0.42142584919929504, 0.5706320405006409]
[0.5855036973953247, 0.37829798460006714, 0.036198291927576065]
[0.38426336646080017, 0.48763537406921387, 0.12810128927230835]
[0.5961862206459045, 0.2556644380092621, 0.14814932644367218]
[0.25358936190605164, 0.495303750038147, 0.2511069178581238]
[0.010635679587721825, 0.1708308607339859, 0.8185334801673889]
[0.6151713132858276, 0.3350450098514557, 0.0497836098074913]
[0.33221298456192017, 0.5721293687820435, 0.09565760940313339]
[0.039427828043699265, 0.374814510345459, 0.5857576727867126]
[0.28258195519447327, 0.6066718697547913, 0.11074619740247726]
[0.7454628348350525, 0.22876763343811035, 0.025769535452127457]
[0.5201290845870972, 0.4316944181919098, 0.04817643016576767]
[0.30382177233695984, 0.565653383731842, 0.13052485883235931]
[0.09772125631570816, 0.5251947045326233, 0.37708401679992676]
[0.6648057103157043, 0.3093232810497284, 0.025870999321341515]
[0.7896025776863098, 0.1900758594274521, 0.02032153680920601]
[0.019773738458752632, 0.1755267232656479, 0.8046995401382446]
[0.5610249042510986, 0.39014577865600586, 0.048829320818185806]
[0.028293320909142494, 0.5486467480659485, 0.4230598509311676]
[0.0032827756367623806, 0.16362886130809784, 0.8330883383750916]
[0.0027714178431779146, 0.17295241355895996, 0.8242761492729187]
[0.019754765555262566, 0.24025452136993408, 0.7399907112121582]
[0.005584368947893381, 0.08741053938865662, 0.9070050716400146]
[0.05410929024219513, 0.30965957045555115, 0.6362311244010925]
[0.003927972167730331, 0.08693099021911621, 0.9091410636901855]
[0.5317432880401611, 0.38984835147857666, 0.0784083753824234]
[0.01787780225276947, 0.1732058823108673, 0.8089163303375244]
[0.0212838277220726, 0.20337510108947754, 0.7753410339355469]
[0.030883608385920525, 0.2781018316745758, 0.6910145878791809]
[0.05292483791708946, 0.347598671913147, 0.5994765162467957]
[0.019255418330430984, 0.45878782868385315, 0.5219568014144897]
[0.02766244485974312, 0.5645760297775269, 0.4077615439891815]
[0.305631160736084, 0.4248531460762024, 0.2695157527923584]
[0.5437266230583191, 0.3749173581600189, 0.08135610073804855]
[0.399309903383255, 0.4769504964351654, 0.12373961508274078]
[0.12643010914325714, 0.4828738868236542, 0.3906959891319275]
[0.031100666150450706, 0.5019651651382446, 0.4669341444969177]
[0.3179425299167633, 0.5992748141288757, 0.08278264850378036]
[0.5443699359893799, 0.39901456236839294, 0.05661546438932419]
[0.2510473430156708, 0.5141786932945251, 0.23477397859096527]
[0.013279840350151062, 0.24534107744693756, 0.7413790822029114]
[0.011522749438881874, 0.04317435249686241, 0.9453029632568359]
[0.10853086411952972, 0.46895065903663635, 0.4225185811519623]
[0.2541760504245758, 0.49885571002960205, 0.24696820974349976]
[0.4326811730861664, 0.489989310503006, 0.07732947915792465]
[0.18793275952339172, 0.526321530342102, 0.2857457995414734]
[0.13891734182834625, 0.42941784858703613, 0.43166476488113403]
[0.1460402011871338, 0.4368320405483246, 0.417127788066864]
[0.043737370520830154, 0.37623339891433716, 0.5800291895866394]
[0.7333334684371948, 0.23362141847610474, 0.03304505720734596]
[0.42761385440826416, 0.492024302482605, 0.08036188036203384]
[0.6080145835876465, 0.3522821366786957, 0.039703357964754105]
[0.03178849071264267, 0.6864248514175415, 0.2817866802215576]
[0.002730643842369318, 0.04844529554247856, 0.9488241076469421]
[0.005422021262347698, 0.03171689435839653, 0.9628611207008362]
[0.5247534513473511, 0.3513549566268921, 0.12389160692691803]
[0.6446744203567505, 0.3020462393760681, 0.05327938124537468]
[0.0983966737985611, 0.6880373358726501, 0.21356607973575592]
[0.06782636046409607, 0.3297715187072754, 0.6024020910263062]
[0.01019597239792347, 0.11067353934049606, 0.8791305422782898]
[0.5582633018493652, 0.394489049911499, 0.04724762588739395]
[0.5156766772270203, 0.36622172594070435, 0.11810170114040375]
[0.493754118680954, 0.3971804976463318, 0.10906538367271423]
[0.24514777958393097, 0.39101096987724304, 0.3638412058353424]
[0.14137105643749237, 0.6889704465866089, 0.16965852677822113]
[0.553141176700592, 0.4151299297809601, 0.03172886371612549]
[0.8876433968544006, 0.10668165981769562, 0.005674965679645538]
[0.3159307539463043, 0.45297715067863464, 0.2310921549797058]
[0.7919845581054688, 0.19498462975025177, 0.013030871748924255]
[0.07154585421085358, 0.714867353439331, 0.21358682215213776]
[0.45709168910980225, 0.49061620235443115, 0.0522921048104763]
[0.39636915922164917, 0.4688417613506317, 0.13478907942771912]
[0.005011199973523617, 0.046025510877370834, 0.9489633440971375]
[0.7321903109550476, 0.22455373406410217, 0.04325597360730171]
[0.33905231952667236, 0.45335739850997925, 0.2075902819633484]
[0.3996817171573639, 0.5101560950279236, 0.0901622399687767]
[0.664527177810669, 0.28718793392181396, 0.048284951597452164]
[0.06386177986860275, 0.30645665526390076, 0.6296815872192383]
[0.7095975875854492, 0.27324870228767395, 0.017153745517134666]
[0.06631701439619064, 0.5334156155586243, 0.4002673923969269]
[0.13797788321971893, 0.4525059163570404, 0.40951624512672424]
[0.34634512662887573, 0.558601438999176, 0.09505349397659302]
[0.04037288576364517, 0.43175220489501953, 0.5278750061988831]
[0.40708959102630615, 0.5348348617553711, 0.058075569570064545]
[0.21101237833499908, 0.5559649467468262, 0.23302266001701355]
[0.8922015428543091, 0.10230494290590286, 0.005493502132594585]
[0.4842779338359833, 0.4620072543621063, 0.053714778274297714]
[0.07258424162864685, 0.4732937812805176, 0.4541219472885132]
[0.016208838671445847, 0.08289837092161179, 0.9008927345275879]
[0.44961488246917725, 0.4638252854347229, 0.08655977249145508]
[0.06244867667555809, 0.3354342579841614, 0.6021170616149902]
[0.286344051361084, 0.6128748655319214, 0.10078107565641403]
[0.1392744779586792, 0.47626587748527527, 0.3844596743583679]
[0.0548071525990963, 0.2639707624912262, 0.6812220811843872]
[0.14739425480365753, 0.6101669669151306, 0.24243877828121185]
[0.06339047104120255, 0.3234606385231018, 0.6131488680839539]
[0.6316290497779846, 0.3110593259334564, 0.05731166526675224]
[0.06015724688768387, 0.29676344990730286, 0.6430792808532715]
[0.299685001373291, 0.5415410995483398, 0.15877386927604675]
[0.40812331438064575, 0.46747589111328125, 0.12440076470375061]
[0.8303240537643433, 0.1385212540626526, 0.03115472011268139]
[0.3801359236240387, 0.5005756616592407, 0.11928840726613998]
[0.05449029430747032, 0.27259764075279236, 0.672912061214447]
[0.2889460623264313, 0.5998102426528931, 0.11124370247125626]
[0.773156464099884, 0.19909241795539856, 0.02775106020271778]
[0.5018075108528137, 0.4366978108882904, 0.06149467080831528]
[0.24856695532798767, 0.654505729675293, 0.09692730754613876]
[0.22708429396152496, 0.666061520576477, 0.10685417801141739]
[0.29990071058273315, 0.5745870471000671, 0.12551218271255493]
[0.005038788076490164, 0.15311306715011597, 0.8418480753898621]
[0.0838550552725792, 0.5091072916984558, 0.4070376455783844]
[0.06532637774944305, 0.5382646322250366, 0.3964090049266815]
[0.7892031669616699, 0.17716936767101288, 0.03362738713622093]
[0.456219345331192, 0.48470744490623474, 0.05907322093844414]
[0.43170538544654846, 0.46531176567077637, 0.10298281908035278]
[0.30654671788215637, 0.6114823818206787, 0.08197090774774551]
[0.5110010504722595, 0.41634050011634827, 0.07265840470790863]
