[0.877092719078064, 0.1132725402712822, 0.00963466428220272]
[0.2488424926996231, 0.47498050332069397, 0.27617689967155457]
[0.5505574941635132, 0.4018438458442688, 0.047598697245121]
[0.4580684304237366, 0.48783308267593384, 0.05409838631749153]
[0.06865846365690231, 0.539564847946167, 0.3917767405509949]
[0.15269310772418976, 0.7736985087394714, 0.0736083909869194]
[0.29827481508255005, 0.6472287774085999, 0.05449633300304413]
[0.29258298873901367, 0.6416477560997009, 0.06576928496360779]
[0.05334322899580002, 0.3487364947795868, 0.5979202389717102]
[0.3850058913230896, 0.5510401725769043, 0.0639539435505867]
[0.2559286057949066, 0.5284486413002014, 0.2156227082014084]
[0.562893807888031, 0.33789438009262085, 0.09921181946992874]
[0.251339316368103, 0.600192129611969, 0.1484684944152832]
[0.20117436349391937, 0.740591824054718, 0.05823378264904022]
[0.20844821631908417, 0.7175949811935425, 0.07395683228969574]
[0.04186540096998215, 0.41297850012779236, 0.5451560020446777]
[0.03819723427295685, 0.4013468027114868, 0.5604559183120728]
[0.042089708149433136, 0.229737788438797, 0.7281724810600281]
[0.5528050065040588, 0.32688432931900024, 0.1203107163310051]
[0.681975781917572, 0.29771897196769714, 0.020305264741182327]
[0.039591096341609955, 0.3137853443622589, 0.6466234922409058]
[0.6488922238349915, 0.31747105717658997, 0.033636707812547684]
[0.28719303011894226, 0.5658588409423828, 0.1469481736421585]
[0.5722889304161072, 0.39317768812179565, 0.03453334793448448]
[0.34324854612350464, 0.5533998608589172, 0.10335157811641693]
[0.6778778433799744, 0.30655837059020996, 0.015563806518912315]
[0.031646858900785446, 0.4932536482810974, 0.4750995337963104]
[0.26404812932014465, 0.4662095904350281, 0.2697422206401825]
[0.670586884021759, 0.3013673722743988, 0.028045758605003357]
[0.28569430112838745, 0.6150148510932922, 0.0992908626794815]
[0.8948526978492737, 0.098624587059021, 0.006522751413285732]
[0.5800868272781372, 0.39499354362487793, 0.024919647723436356]
[0.09293276071548462, 0.8426644802093506, 0.06440269947052002]
[0.26200637221336365, 0.6627893447875977, 0.07520419359207153]
[0.42965173721313477, 0.5041253566741943, 0.06622297316789627]
[0.20765207707881927, 0.5539928078651428, 0.23835518956184387]
[0.09838554263114929, 0.5747042298316956, 0.3269101679325104]
[0.03977150470018387, 0.6378436088562012, 0.32238489389419556]
[0.18014338612556458, 0.6205213665962219, 0.1993352770805359]
[0.5005286931991577, 0.447986364364624, 0.05148487538099289]
[0.11959178745746613, 0.503532886505127, 0.3768753707408905]
[0.11600042134523392, 0.4888187050819397, 0.3951808512210846]
[0.17263388633728027, 0.5714467763900757, 0.25591930747032166]
[0.3436797261238098, 0.5332045555114746, 0.12311571836471558]
[0.2572672963142395, 0.4420681893825531, 0.3006645143032074]
[0.3321835398674011, 0.5859876871109009, 0.08182871341705322]
[0.4674828052520752, 0.4956282377243042, 0.03688889741897583]
[0.6034291386604309, 0.3559928834438324, 0.04057793319225311]
[0.3883594572544098, 0.39956924319267273, 0.21207129955291748]
[0.4592427611351013, 0.4481479227542877, 0.09260928630828857]
[0.9544193148612976, 0.04196127876639366, 0.0036194485146552324]
[0.8701570630073547, 0.11588660627603531, 0.01395633164793253]
[0.5482838153839111, 0.40035298466682434, 0.0513632670044899]
[0.012988667003810406, 0.3370472490787506, 0.6499640941619873]
[0.19487452507019043, 0.7341451644897461, 0.07098028063774109]
[0.5816828012466431, 0.3780360221862793, 0.040281184017658234]
[0.08553314208984375, 0.8241442441940308, 0.09032267332077026]
[0.2501404881477356, 0.5446634292602539, 0.20519600808620453]
[0.29098084568977356, 0.6115338802337646, 0.0974852591753006]
[0.08823064714670181, 0.3297096788883209, 0.5820596814155579]
[0.8052560687065125, 0.18308213353157043, 0.011661711148917675]
[0.6738635897636414, 0.29654887318611145, 0.02958754263818264]
[0.2768418490886688, 0.5563223361968994, 0.16683579981327057]
[0.010244093835353851, 0.14317093789577484, 0.8465849757194519]
[0.09716994315385818, 0.781538188457489, 0.12129183113574982]
[0.2504984140396118, 0.6797575354576111, 0.06974401324987411]
[0.22950662672519684, 0.689647912979126, 0.08084548264741898]
[0.023744432255625725, 0.4477909505367279, 0.5284646153450012]
[0.1741241216659546, 0.6340699791908264, 0.19180594384670258]
[0.2669239938259125, 0.531313955783844, 0.20176206529140472]
[0.5740724802017212, 0.385341078042984, 0.04058649018406868]
[0.12338674813508987, 0.3881167471408844, 0.48849648237228394]
[0.5824776887893677, 0.34258896112442017, 0.07493335008621216]
[0.9422154426574707, 0.05174234136939049, 0.0060421922244131565]
[0.0245988592505455, 0.11257939785718918, 0.8628216981887817]
[0.4344427287578583, 0.4809015989303589, 0.0846557468175888]
[0.1565675139427185, 0.5993263721466064, 0.24410605430603027]
[0.49183177947998047, 0.38744044303894043, 0.12072780728340149]
[0.3268453776836395, 0.43347543478012085, 0.2396792471408844]
[0.3583931624889374, 0.47696226835250854, 0.16464461386203766]
[0.4526559114456177, 0.4674272835254669, 0.07991677522659302]
[0.7952284216880798, 0.19021159410476685, 0.01455993577837944]
[0.001736520091071725, 0.05086471885442734, 0.9473987817764282]
[0.00146601558662951, 0.08581545203924179, 0.9127185344696045]
[0.004059546627104282, 0.23189672827720642, 0.7640436291694641]
[0.004755803383886814, 0.04210709407925606, 0.9531370997428894]
[0.009547779336571693, 0.08535227179527283, 0.9050999283790588]
[0.0034666555002331734, 0.050443727523088455, 0.9460896849632263]
[0.004130374640226364, 0.6578758955001831, 0.33799368143081665]
[0.01952212303876877, 0.1611902266740799, 0.8192877173423767]
[0.003047689562663436, 0.016658954322338104, 0.9802932739257812]
[0.04781608283519745, 0.24945922195911407, 0.7027247548103333]
[0.016460616141557693, 0.22047987580299377, 0.7630594372749329]
[0.005206332076340914, 0.12498827278614044, 0.8698053359985352]
[0.10339758545160294, 0.692712128162384, 0.2038903832435608]
[0.4976535737514496, 0.433323472738266, 0.0690230056643486]
[0.07751323282718658, 0.4229758679866791, 0.49951088428497314]
[0.7910134196281433, 0.19105103611946106, 0.01793549209833145]
[0.18323883414268494, 0.5265877842903137, 0.29017335176467896]
[0.40483739972114563, 0.49852508306503296, 0.09663747251033783]
[0.1823364645242691, 0.5363953709602356, 0.2812682092189789]
[0.14756441116333008, 0.6144643425941467, 0.23797127604484558]
[0.48917272686958313, 0.4049612283706665, 0.10586598515510559]
[0.08223458379507065, 0.4439229667186737, 0.4738425016403198]
[0.09612923860549927, 0.6005207896232605, 0.30334997177124023]
[0.007504933979362249, 0.05681130290031433, 0.9356837868690491]
[0.011650845408439636, 0.20667627453804016, 0.7816728353500366]
[0.006468784995377064, 0.08786474913358688, 0.9056664705276489]
[0.018731772899627686, 0.2176029235124588, 0.7636652588844299]
[0.0017335788579657674, 0.17155224084854126, 0.8267142176628113]
[0.34186822175979614, 0.5163465142250061, 0.14178521931171417]
[0.25040972232818604, 0.6167270541191101, 0.13286317884922028]
[0.051942359656095505, 0.5736539363861084, 0.374403715133667]
[0.34122955799102783, 0.4058865010738373, 0.2528839707374573]
[0.1299448162317276, 0.5441032648086548, 0.3259519338607788]
[0.029487233608961105, 0.6636407971382141, 0.3068719506263733]
[0.6417652368545532, 0.2859624922275543, 0.07227226346731186]
[0.7688190937042236, 0.20400741696357727, 0.02717350609600544]
[0.18659256398677826, 0.7128911018371582, 0.10051631182432175]
[0.4828842878341675, 0.4330531358718872, 0.0840626060962677]
[0.03652794286608696, 0.6511063575744629, 0.31236574053764343]
[0.18976353108882904, 0.6504294276237488, 0.159807026386261]
[0.04552985355257988, 0.21290752291679382, 0.7415626645088196]
[0.2671317160129547, 0.4362253248691559, 0.2966429591178894]
[0.4136822521686554, 0.40813520550727844, 0.17818257212638855]
[0.7423143982887268, 0.2317996472120285, 0.025885965675115585]
[0.18145132064819336, 0.7025958299636841, 0.11595283448696136]
[0.007534247823059559, 0.04582573473453522, 0.9466400146484375]
[0.07786574959754944, 0.28173357248306274, 0.6404007077217102]
[0.6791455149650574, 0.2782153785228729, 0.04263905808329582]
[0.2413920909166336, 0.3438248038291931, 0.4147830903530121]
[0.057142212986946106, 0.5203531384468079, 0.42250463366508484]
[0.5994524955749512, 0.34421131014823914, 0.056336257606744766]
[0.007814169861376286, 0.15833689272403717, 0.8338489532470703]
[0.0025851845275610685, 0.03738896921277046, 0.9600258469581604]
[0.6469741463661194, 0.3237641751766205, 0.0292616356164217]
[0.05405746400356293, 0.3030020296573639, 0.6429405212402344]
[0.14967791736125946, 0.766983151435852, 0.08333896100521088]
[0.3386346399784088, 0.5459694266319275, 0.11539588123559952]
[0.9187412261962891, 0.07573706656694412, 0.005521654617041349]
[0.0029793325811624527, 0.04745981842279434, 0.9495608806610107]
[0.22784847021102905, 0.7141956686973572, 0.05795581638813019]
[0.36897027492523193, 0.5413790941238403, 0.08965062350034714]
[0.32824593782424927, 0.6220458745956421, 0.04970826581120491]
[0.012981303036212921, 0.07087964564561844, 0.9161390662193298]
[0.005332770757377148, 0.13577671349048615, 0.8588904738426208]
[0.17026396095752716, 0.6191645860671997, 0.21057145297527313]
[0.1823151409626007, 0.7281314730644226, 0.08955343812704086]
[0.16146966814994812, 0.7451475262641907, 0.0933828130364418]
[0.012526598758995533, 0.35260680317878723, 0.6348665356636047]
[0.2835931181907654, 0.6399785280227661, 0.0764283761382103]
[0.04041365161538124, 0.25492343306541443, 0.7046629786491394]
[0.3652130961418152, 0.5699564218521118, 0.06483051180839539]
[0.08531676977872849, 0.7359373569488525, 0.17874586582183838]
[0.22143997251987457, 0.626214861869812, 0.15234515070915222]
[0.10754698514938354, 0.6634168028831482, 0.22903625667095184]
[0.1968262493610382, 0.5443739295005798, 0.25879988074302673]
[0.45632103085517883, 0.4123189151287079, 0.1313600242137909]
[0.23984888195991516, 0.6367098093032837, 0.12344131618738174]
[0.49943310022354126, 0.44008275866508484, 0.0604841485619545]
[0.08445925265550613, 0.656944751739502, 0.2585960328578949]
[0.12182960659265518, 0.35235172510147095, 0.5258186459541321]
[0.7456367015838623, 0.2301248013973236, 0.024238523095846176]
[0.2622472941875458, 0.7107653021812439, 0.026987405493855476]
[0.7148986458778381, 0.2705228626728058, 0.014578490518033504]
[0.48175039887428284, 0.49691900610923767, 0.02133055403828621]
[0.1111983209848404, 0.3658922612667084, 0.52290940284729]
[0.3827984929084778, 0.4737405776977539, 0.1434609740972519]
[0.02260696329176426, 0.21766120195388794, 0.7597318291664124]
[0.0036552627570927143, 0.03478787839412689, 0.9615569114685059]
[0.5550731420516968, 0.3680683374404907, 0.07685855776071548]
[0.030663389712572098, 0.6607261896133423, 0.3086104094982147]
[0.48613616824150085, 0.41079679131507874, 0.10306703299283981]
[0.0812932625412941, 0.5647730231285095, 0.353933721780777]
[0.2872220575809479, 0.5705827474594116, 0.1421951949596405]
[0.05415358766913414, 0.2957752048969269, 0.6500711441040039]
[0.9280446767807007, 0.06693875044584274, 0.005016581621021032]
[0.2605898976325989, 0.6676666140556335, 0.07174346596002579]
[0.37278470396995544, 0.4917798638343811, 0.13543538749217987]
[0.8164659738540649, 0.16632628440856934, 0.017207812517881393]
[0.2527402341365814, 0.5288935303688049, 0.21836620569229126]
[0.29233554005622864, 0.575090229511261, 0.13257424533367157]
[0.2941909730434418, 0.5557858347892761, 0.15002326667308807]
[0.49838849902153015, 0.4575499892234802, 0.0440615676343441]
[0.1026909276843071, 0.3413846492767334, 0.5559244155883789]
[0.03989354893565178, 0.32686418294906616, 0.6332422494888306]
[0.01223305519670248, 0.13482093811035156, 0.8529459834098816]
[0.2916782796382904, 0.44671788811683655, 0.2616037428379059]
[0.011564348824322224, 0.06894566863775253, 0.9194899797439575]
[0.0030959760770201683, 0.03874007239937782, 0.9581639766693115]
[0.004037892911583185, 0.07110343873500824, 0.9248586893081665]
[0.17152611911296844, 0.6685625910758972, 0.15991127490997314]
[0.4116736948490143, 0.43107858300209045, 0.15724772214889526]
[0.001252293004654348, 0.03892233967781067, 0.9598253965377808]
[0.545074462890625, 0.3613308072090149, 0.09359468519687653]
[0.0014844825491309166, 0.036823950707912445, 0.9616916179656982]
[0.5980225205421448, 0.34653913974761963, 0.05543836951255798]
[0.2802477777004242, 0.3991019129753113, 0.3206503391265869]
[0.0059907459653913975, 0.15271061658859253, 0.8412986397743225]
[0.0353204570710659, 0.28113070130348206, 0.6835488677024841]
[0.04499434679746628, 0.6658198833465576, 0.2891857624053955]
[0.0026168953627347946, 0.046646472066640854, 0.9507366418838501]
[0.05364841967821121, 0.3701988756656647, 0.5761526823043823]
[0.005710725672543049, 0.028340192511677742, 0.9659490585327148]
[0.35758376121520996, 0.540797770023346, 0.10161852836608887]
[0.04460156708955765, 0.15049448609352112, 0.8049039244651794]
[0.2683607041835785, 0.5484099984169006, 0.1832292377948761]
[0.5649861693382263, 0.3349376618862152, 0.10007621347904205]
[0.08828562498092651, 0.41066136956214905, 0.501052975654602]
[0.01059354655444622, 0.09458741545677185, 0.8948190212249756]
[0.5066643953323364, 0.4174378216266632, 0.07589776813983917]
[0.03647094964981079, 0.602685809135437, 0.36084315180778503]
[0.5553511381149292, 0.385038286447525, 0.05961057171225548]
[0.3859662413597107, 0.5077853798866272, 0.10624835640192032]
[0.12872125208377838, 0.511693000793457, 0.35958579182624817]
[0.2951693534851074, 0.4927022159099579, 0.21212846040725708]
[0.20441825687885284, 0.4160986542701721, 0.37948310375213623]
[0.07463506609201431, 0.7555078268051147, 0.1698571890592575]
[0.6401024460792542, 0.2860407531261444, 0.07385669648647308]
[0.4274367690086365, 0.4097038507461548, 0.16285942494869232]
[0.17645788192749023, 0.6110119819641113, 0.21253015100955963]
[0.4394376873970032, 0.487994909286499, 0.07256745547056198]
[0.4268345236778259, 0.516728937625885, 0.056436456739902496]
[0.7227612137794495, 0.25632530450820923, 0.020913533866405487]
[0.6859902739524841, 0.28148457407951355, 0.032525189220905304]
[0.27386605739593506, 0.5915261507034302, 0.13460780680179596]
[0.013033951632678509, 0.11143116652965546, 0.8755348324775696]
[0.11449240893125534, 0.30943191051483154, 0.5760756731033325]
[0.27080056071281433, 0.5803543329238892, 0.1488451212644577]
[0.9400275945663452, 0.05473700538277626, 0.005235280375927687]
[0.678239643573761, 0.2577661871910095, 0.06399416923522949]
[0.8294579982757568, 0.1522248238325119, 0.018317250534892082]
[0.15545609593391418, 0.6690406799316406, 0.1755031794309616]
[0.27003368735313416, 0.6259440779685974, 0.10402223467826843]
[0.576062023639679, 0.3891952633857727, 0.03474273905158043]
[0.2712574303150177, 0.5352542400360107, 0.19348832964897156]
[0.22583772242069244, 0.5556519627571106, 0.21851031482219696]
[0.1035538762807846, 0.6414571404457092, 0.25498899817466736]
[0.056877147406339645, 0.24831585586071014, 0.6948069334030151]
[0.020701788365840912, 0.09280120581388474, 0.8864969611167908]
[0.016060244292020798, 0.32013610005378723, 0.6638036966323853]
[0.045670948922634125, 0.32962703704833984, 0.6247020363807678]
[0.03495574742555618, 0.3978974521160126, 0.5671467781066895]
[0.5251454710960388, 0.4243733286857605, 0.05048125609755516]
[0.029598437249660492, 0.282482385635376, 0.6879191994667053]
[0.009817543439567089, 0.145634263753891, 0.8445481657981873]
[0.06959637999534607, 0.2775121033191681, 0.6528915166854858]
[0.27245721220970154, 0.4794537425041199, 0.24808907508850098]
[0.078016497194767, 0.45405662059783936, 0.4679268002510071]
[0.42293214797973633, 0.5280326008796692, 0.0490352138876915]
[0.18681290745735168, 0.2992761433124542, 0.5139109492301941]
