[0.3800923526287079, 0.5450396537780762, 0.07486795634031296]
[0.016244662925601006, 0.4448760747909546, 0.5388792753219604]
[0.42633068561553955, 0.4857141673564911, 0.08795518428087234]
[0.7602134943008423, 0.21543554961681366, 0.024350900202989578]
[0.8677024245262146, 0.12045621871948242, 0.011841312982141972]
[0.03499240428209305, 0.7017553448677063, 0.26325222849845886]
[0.09577184170484543, 0.2090170979499817, 0.6952109932899475]
[0.11534468829631805, 0.5863191485404968, 0.2983361482620239]
[0.1957458257675171, 0.4394143521785736, 0.3648397624492645]
[0.6522630453109741, 0.25058674812316895, 0.09715023636817932]
[0.3224584460258484, 0.3513926863670349, 0.3261488378047943]
[0.007577582728117704, 0.05731608346104622, 0.9351063370704651]
[0.9334891438484192, 0.0638909861445427, 0.0026198243722319603]
[0.03557876870036125, 0.6612102389335632, 0.3032110035419464]
[0.39251479506492615, 0.5636159777641296, 0.04386921972036362]
[0.0044580502435564995, 0.2934885025024414, 0.7020534873008728]
[0.3259802460670471, 0.5202877521514893, 0.15373197197914124]
[0.005377613008022308, 0.038168177008628845, 0.9564541578292847]
[0.5290014147758484, 0.41954243183135986, 0.05145617946982384]
[0.5045373439788818, 0.41654548048973083, 0.0789172351360321]
[0.018345551565289497, 0.18436309695243835, 0.7972912788391113]
[0.1350296437740326, 0.448466032743454, 0.4165043234825134]
[0.239643856883049, 0.6352587938308716, 0.12509727478027344]
[0.006937633268535137, 0.12359409779310226, 0.8694682717323303]
[0.150710791349411, 0.7436830401420593, 0.10560618340969086]
[0.006641410291194916, 0.15102919936180115, 0.8423294425010681]
[0.017902372404932976, 0.36143308877944946, 0.6206645369529724]
[0.0525631457567215, 0.8768701553344727, 0.07056670635938644]
[0.28752249479293823, 0.5929567813873291, 0.11952076107263565]
[0.6408679485321045, 0.3375512659549713, 0.02158072032034397]
[0.1459803730249405, 0.6908490657806396, 0.16317053139209747]
[0.014167663641273975, 0.1963251382112503, 0.7895072102546692]
[0.24331681430339813, 0.6506147980690002, 0.1060684397816658]
[0.31010428071022034, 0.48792093992233276, 0.2019747942686081]
[0.4134071171283722, 0.49386999011039734, 0.09272290021181107]
[0.7737715244293213, 0.19835080206394196, 0.02787765860557556]
[0.5860061049461365, 0.3993847668170929, 0.0146090779453516]
[0.7067222595214844, 0.27991431951522827, 0.013363364152610302]
[0.006232375744730234, 0.12112326920032501, 0.8726443648338318]
[0.1456475406885147, 0.4788917601108551, 0.3754607141017914]
[0.007976893335580826, 0.1890842169523239, 0.8029389381408691]
