[0.04187031835317612, 0.21569715440273285, 0.7424325346946716]
[0.0025587608106434345, 0.013877236284315586, 0.983564019203186]
[0.004537153523415327, 0.04360700771212578, 0.9518557786941528]
[0.013718846254050732, 0.18051637709140778, 0.8057647943496704]
[0.014792852103710175, 0.056431349366903305, 0.9287757873535156]
[0.028733225539326668, 0.1972677856683731, 0.7739989757537842]
[0.6556711792945862, 0.2892151176929474, 0.05511372536420822]
[0.8663062453269958, 0.1160825863480568, 0.017611093819141388]
[0.38082972168922424, 0.5039424300193787, 0.1152278333902359]
[0.44017964601516724, 0.44277504086494446, 0.11704526841640472]
[0.3640728294849396, 0.5356481671333313, 0.10027899593114853]
[0.08791843801736832, 0.24310758709907532, 0.6689739227294922]
[0.01123734749853611, 0.0769030973315239, 0.9118595123291016]
[0.02245599962770939, 0.11926934123039246, 0.8582746386528015]
[0.33483126759529114, 0.5022006630897522, 0.16296806931495667]
[0.22948911786079407, 0.5015583038330078, 0.26895254850387573]
[0.019811127334833145, 0.1635660082101822, 0.8166228532791138]
[0.1799372434616089, 0.5984489917755127, 0.22161374986171722]
[0.5238195657730103, 0.3972230553627014, 0.0789574682712555]
[0.016808466985821724, 0.12428997457027435, 0.8589015603065491]
[0.025697169825434685, 0.10866843163967133, 0.8656343221664429]
[0.01091783493757248, 0.11424562335014343, 0.8748365044593811]
[0.01175247598439455, 0.3297005891799927, 0.6585469841957092]
