[0.8300977945327759, 0.15402187407016754, 0.015880344435572624]
[0.4324195981025696, 0.41661739349365234, 0.15096302330493927]
[0.21902313828468323, 0.597172200679779, 0.18380463123321533]
[0.006045216228812933, 0.081294484436512, 0.9126603603363037]
[0.3608216941356659, 0.5123484134674072, 0.12682996690273285]
[0.028339803218841553, 0.24205510318279266, 0.7296051383018494]
[0.2080121636390686, 0.5158137679100037, 0.27617406845092773]
[0.004030128940939903, 0.06467138230800629, 0.9312984943389893]
[0.01687541790306568, 0.20354335010051727, 0.7795811891555786]
[0.037487417459487915, 0.5034481883049011, 0.45906439423561096]
[0.12134364247322083, 0.4519778788089752, 0.42667844891548157]
[0.014268554747104645, 0.07272248715162277, 0.913008987903595]
[0.39839717745780945, 0.5137007832527161, 0.08790207654237747]
[0.046337325125932693, 0.16783803701400757, 0.785824716091156]
[0.044909387826919556, 0.3745000958442688, 0.580590546131134]
[0.46462565660476685, 0.47386497259140015, 0.061509329825639725]
[0.01913730800151825, 0.21299555897712708, 0.7678672075271606]
[0.009779559448361397, 0.20672187209129333, 0.7834985852241516]
[0.00404779426753521, 0.1392587572336197, 0.8566934466362]
[0.001694133155979216, 0.043521419167518616, 0.9547843933105469]
