[0.05853463336825371, 0.26695314049720764, 0.6745122671127319]
[0.027807196602225304, 0.32383468747138977, 0.648358166217804]
[0.07710323482751846, 0.31206730008125305, 0.6108294129371643]
[0.007800151128321886, 0.11940164119005203, 0.8727981448173523]
[0.3255934417247772, 0.4463403522968292, 0.22806616127490997]
[0.01454581506550312, 0.5575793385505676, 0.427874892950058]
[0.09144041687250137, 0.5607579350471497, 0.34780168533325195]
[0.18576407432556152, 0.4359078109264374, 0.3783280849456787]
[0.0026234814431518316, 0.0443461611866951, 0.9530302882194519]
[0.055518217384815216, 0.2670832574367523, 0.6773985028266907]
[0.026755545288324356, 0.17667894065380096, 0.7965654730796814]
[0.11743991076946259, 0.43288952112197876, 0.44967055320739746]
[0.025698497891426086, 0.09697723388671875, 0.8773242831230164]
[0.03191762417554855, 0.39319169521331787, 0.574890673160553]
[0.0075150420889258385, 0.08560603857040405, 0.9068788886070251]
[0.03843454271554947, 0.3059026896953583, 0.6556627154350281]
[0.02485293336212635, 0.12624773383140564, 0.8488993644714355]
[0.00656293286010623, 0.09306749701499939, 0.9003695249557495]
[0.07631382346153259, 0.29282668232917786, 0.6308594942092896]
[0.40258514881134033, 0.48129886388778687, 0.11611601710319519]
[0.23163320124149323, 0.5149095058441162, 0.25345730781555176]
[0.09910359978675842, 0.5255230665206909, 0.37537336349487305]
[0.005085268523544073, 0.13189281523227692, 0.863021969795227]
[0.24430477619171143, 0.6089616417884827, 0.1467335969209671]
[0.03227657079696655, 0.24775423109531403, 0.7199692726135254]
[0.5837056040763855, 0.32239317893981934, 0.09390121698379517]
[0.16593581438064575, 0.28699159622192383, 0.5470725893974304]
[0.2968440651893616, 0.44723081588745117, 0.25592514872550964]
[0.030675847083330154, 0.26028022170066833, 0.7090439200401306]
[0.011746116913855076, 0.0717826783657074, 0.9164712429046631]
[0.04827168956398964, 0.15278276801109314, 0.7989455461502075]
[0.10666188597679138, 0.2719276547431946, 0.6214104294776917]
[0.011740554124116898, 0.17165057361125946, 0.8166088461875916]
[0.5894133448600769, 0.27779620885849, 0.1327904313802719]
[0.055817119777202606, 0.21538841724395752, 0.7287944555282593]
[0.38784727454185486, 0.4895433485507965, 0.12260943651199341]
[0.3939152657985687, 0.5093215703964233, 0.09676318615674973]
[0.032209765166044235, 0.2882685959339142, 0.6795216202735901]
[0.07300464063882828, 0.39125335216522217, 0.5357420444488525]
[0.2787686586380005, 0.5567478537559509, 0.16448350250720978]
[0.6272100210189819, 0.30448806285858154, 0.06830185651779175]
[0.11753102391958237, 0.5021003484725952, 0.38036856055259705]
[0.02229898050427437, 0.07837892323732376, 0.8993220329284668]
[0.010090494528412819, 0.12546047568321228, 0.8644490242004395]
[0.03259330242872238, 0.12066140025854111, 0.8467453718185425]
[0.00553575623780489, 0.06578449159860611, 0.9286797046661377]
[0.03473319113254547, 0.20431919395923615, 0.760947585105896]
