[0.6017274856567383, 0.2708356976509094, 0.12743686139583588]
[0.3879709541797638, 0.4193617105484009, 0.19266732037067413]
[0.42642226815223694, 0.407898873090744, 0.16567891836166382]
[0.2881048917770386, 0.6028797626495361, 0.10901534557342529]
[0.10450135171413422, 0.292894572019577, 0.60260409116745]
[0.06723737716674805, 0.5590887665748596, 0.3736739456653595]
[0.6867665648460388, 0.29163113236427307, 0.021602269262075424]
[0.14695480465888977, 0.3222132623195648, 0.5308319330215454]
[0.7562065124511719, 0.2191498726606369, 0.024643585085868835]
[0.7453908920288086, 0.23185212910175323, 0.022757023572921753]
[0.33874279260635376, 0.5016098022460938, 0.15964747965335846]
[0.1134231761097908, 0.6509525179862976, 0.2356243133544922]
[0.49696922302246094, 0.3731074929237366, 0.12992320954799652]
[0.6957604885101318, 0.2661047577857971, 0.03813478350639343]
[0.5378714203834534, 0.38450440764427185, 0.07762414962053299]
[0.6947908401489258, 0.2734348773956299, 0.03177424147725105]
[0.30029600858688354, 0.6189353466033936, 0.08076858520507812]
[0.34071874618530273, 0.48391619324684143, 0.17536507546901703]
[0.009664898738265038, 0.14590924978256226, 0.8444257974624634]
[0.4654056429862976, 0.39816540479660034, 0.13642896711826324]
[0.459342896938324, 0.4684087038040161, 0.07224837690591812]
[0.042691200971603394, 0.4300629794597626, 0.527245819568634]
[0.378407746553421, 0.5071670413017273, 0.11442525684833527]
[0.43393203616142273, 0.5213645696640015, 0.04470330476760864]
[0.20916299521923065, 0.48611360788345337, 0.3047233819961548]
[0.4885607063770294, 0.4271889328956604, 0.0842503011226654]
[0.42050206661224365, 0.44324737787246704, 0.1362506002187729]
[0.8032181262969971, 0.17773564159870148, 0.019046202301979065]
[0.0816359594464302, 0.5268952250480652, 0.3914687931537628]
[0.10354670137166977, 0.6569594144821167, 0.23949392139911652]
[0.34806716442108154, 0.5885577201843262, 0.06337519735097885]
[0.6186813116073608, 0.3460014760494232, 0.03531721606850624]
[0.24768882989883423, 0.6021424531936646, 0.15016862750053406]
[0.6955394744873047, 0.26169657707214355, 0.04276398941874504]
[0.2478615641593933, 0.609241247177124, 0.14289714395999908]
[0.18890458345413208, 0.6885603070259094, 0.12253515422344208]
[0.506964385509491, 0.43644973635673523, 0.05658595636487007]
[0.8719015717506409, 0.11633431166410446, 0.011764150112867355]
[0.882188618183136, 0.10433407872915268, 0.013477335684001446]
[0.453594833612442, 0.4449078440666199, 0.10149732977151871]
[0.7460001111030579, 0.2229689210653305, 0.031030941754579544]
[0.524744987487793, 0.392546683549881, 0.08270835876464844]
[0.9128832221031189, 0.07811268419027328, 0.009004087187349796]
[0.2171718031167984, 0.6249853372573853, 0.15784285962581635]
[0.4349050223827362, 0.4780021607875824, 0.08709286898374557]
[0.9690250754356384, 0.027942169457674026, 0.0030327956192195415]
[0.051071032881736755, 0.2749282717704773, 0.67400062084198]
[0.44933754205703735, 0.5025825500488281, 0.048079900443553925]
[0.17908427119255066, 0.6985114216804504, 0.12240435183048248]
[0.5885313153266907, 0.3602482080459595, 0.051220446825027466]
[0.8606847524642944, 0.13118118047714233, 0.008134030736982822]
[0.5738185048103333, 0.37529656291007996, 0.05088496208190918]
[0.019005252048373222, 0.24810023605823517, 0.7328945398330688]
[0.6078962087631226, 0.3285605311393738, 0.06354325264692307]
[0.7334691286087036, 0.2459542602300644, 0.020576627925038338]
[0.11196879297494888, 0.46167171001434326, 0.4263595640659332]
[0.010973128490149975, 0.09591664373874664, 0.8931102156639099]
[0.1404605656862259, 0.4461279511451721, 0.4134114682674408]
[0.7792354822158813, 0.20304447412490845, 0.017719972878694534]
[0.685635507106781, 0.2752426266670227, 0.03912188485264778]
[0.71424400806427, 0.26843830943107605, 0.017317619174718857]
[0.4463234841823578, 0.3765800893306732, 0.17709636688232422]
[0.5066338181495667, 0.4216259717941284, 0.07174019515514374]
[0.7598740458488464, 0.22044944763183594, 0.019676484167575836]
[0.8846805095672607, 0.10712631046772003, 0.008193129673600197]
[0.9497403502464294, 0.04726104065775871, 0.0029987397138029337]
[0.6047326922416687, 0.31291463971138, 0.08235261589288712]
[0.09853534400463104, 0.5887986421585083, 0.31266602873802185]
[0.13658706843852997, 0.355734258890152, 0.5076786875724792]
[0.015050231479108334, 0.1230914369225502, 0.8618583679199219]
[0.01793951354920864, 0.25438255071640015, 0.7276778817176819]
[0.001494304509833455, 0.03487475588917732, 0.9636309742927551]
[0.001932757906615734, 0.033046551048755646, 0.9650206565856934]
[0.14442633092403412, 0.7232821583747864, 0.13229142129421234]
[0.016704710200428963, 0.6358680725097656, 0.34742724895477295]
[0.0038641011342406273, 0.07937484979629517, 0.9167609810829163]
[0.016659580171108246, 0.5020558834075928, 0.481284499168396]
[0.008759238757193089, 0.16699382662773132, 0.824246883392334]
[0.13093046844005585, 0.7045060396194458, 0.16456350684165955]
[0.05886898562312126, 0.799914538860321, 0.14121639728546143]
[0.0044446345418691635, 0.07753138989210129, 0.9180240035057068]
[0.012722188606858253, 0.08610255271196365, 0.9011752605438232]
[0.05214003846049309, 0.33400964736938477, 0.6138502955436707]
[0.8114393353462219, 0.17683346569538116, 0.011727158911526203]
[0.6266923546791077, 0.3325343728065491, 0.04077325016260147]
[0.7522017955780029, 0.21790733933448792, 0.029890870675444603]
[0.24525633454322815, 0.6799788475036621, 0.07476487010717392]
[0.36977705359458923, 0.5562839508056641, 0.0739389955997467]
[0.23220294713974, 0.6817336082458496, 0.08606347441673279]
[0.05045107752084732, 0.3154865801334381, 0.6340623497962952]
[0.32914379239082336, 0.5553746223449707, 0.11548162996768951]
[0.36051151156425476, 0.5371437072753906, 0.10234469920396805]
[0.5933669805526733, 0.3488199710845947, 0.05781305208802223]
[0.6339231133460999, 0.33305925130844116, 0.033017680048942566]
[0.20725204050540924, 0.7098944187164307, 0.0828535407781601]
[0.4200506806373596, 0.46390292048454285, 0.11604645848274231]
[0.7504130601882935, 0.23047208786010742, 0.019114838913083076]
[0.05656930431723595, 0.3422966003417969, 0.6011341214179993]
[0.03347364813089371, 0.27416276931762695, 0.6923635601997375]
[0.6943612694740295, 0.24970057606697083, 0.05593813955783844]
[0.3719888925552368, 0.5323337912559509, 0.09567727148532867]
[0.36428844928741455, 0.5406792759895325, 0.09503228962421417]
[0.06156249716877937, 0.4117976427078247, 0.5266398787498474]
[0.028724705800414085, 0.759682297706604, 0.21159300208091736]
[0.05834528058767319, 0.38389474153518677, 0.5577599406242371]
[0.09156753122806549, 0.4384768307209015, 0.4699556231498718]
[0.25682079792022705, 0.5413870811462402, 0.20179209113121033]
[0.6008115410804749, 0.30811265110969543, 0.09107587486505508]
[0.4880591928958893, 0.439362496137619, 0.07257837802171707]
[0.7798813581466675, 0.17968186736106873, 0.04043682664632797]
[0.9646157026290894, 0.03139873966574669, 0.003985435236245394]
[0.019094102084636688, 0.11122435331344604, 0.8696815371513367]
[0.048567965626716614, 0.3672552704811096, 0.5841767191886902]
[0.006009739823639393, 0.046338196843862534, 0.9476521015167236]
[0.2601681351661682, 0.6399570107460022, 0.0998748242855072]
[0.05264310538768768, 0.48603537678718567, 0.46132150292396545]
[0.03736736625432968, 0.23375238478183746, 0.7288802266120911]
[0.26861828565597534, 0.6331248879432678, 0.09825683385133743]
[0.3181784451007843, 0.5997567176818848, 0.08206475526094437]
[0.8778529167175293, 0.11284074932336807, 0.00930638238787651]
[0.5923248529434204, 0.3347832262516022, 0.07289187610149384]
[0.03441694378852844, 0.1725124716758728, 0.7930706739425659]
[0.24622467160224915, 0.5231950283050537, 0.23058021068572998]
[0.24050171673297882, 0.680748701095581, 0.07874956727027893]
[0.023393161594867706, 0.17627497017383575, 0.8003318905830383]
[0.3442362844944, 0.538425087928772, 0.117338627576828]
[0.1032709926366806, 0.4538730978965759, 0.44285592436790466]
[0.06122894957661629, 0.5130659937858582, 0.42570507526397705]
[0.2664237916469574, 0.5579841732978821, 0.17559200525283813]
[0.5780434012413025, 0.34513089060783386, 0.07682573050260544]
[0.337769091129303, 0.5262975692749023, 0.13593335449695587]
[0.45052480697631836, 0.4160919189453125, 0.13338327407836914]
[0.08300992101430893, 0.35909852385520935, 0.5578914880752563]
[0.5108233094215393, 0.4392772316932678, 0.04989943653345108]
[0.21764753758907318, 0.570495069026947, 0.2118573635816574]
[0.1717023253440857, 0.543999969959259, 0.28429773449897766]
[0.06493253260850906, 0.6838854551315308, 0.25118201971054077]
[0.02652682363986969, 0.3395956754684448, 0.6338775157928467]
[0.1315210461616516, 0.5972608923912048, 0.27121812105178833]
[0.01954159326851368, 0.18227793276309967, 0.7981805205345154]
[0.29951366782188416, 0.552498996257782, 0.14798735082149506]
[0.2385571151971817, 0.5888853073120117, 0.17255756258964539]
[0.13005627691745758, 0.5165611505508423, 0.3533826172351837]
[0.7212511301040649, 0.24930280447006226, 0.029446061700582504]
[0.030791016295552254, 0.6670634150505066, 0.3021455407142639]
[0.023410480469465256, 0.06587255001068115, 0.9107170104980469]
[0.0035544726997613907, 0.02872171625494957, 0.9677237868309021]
[0.33510565757751465, 0.5694447755813599, 0.0954495519399643]
[0.011510134674608707, 0.13199296593666077, 0.8564969301223755]
[0.008246293291449547, 0.1525575816631317, 0.8391961455345154]
[0.07283851504325867, 0.22478187084197998, 0.702379584312439]
[0.013317842036485672, 0.28738030791282654, 0.6993018388748169]
[0.01633487269282341, 0.7576180100440979, 0.22604714334011078]
[0.009486082941293716, 0.28369224071502686, 0.7068216800689697]
[0.12053459882736206, 0.5370027422904968, 0.3424626886844635]
[0.37304481863975525, 0.5442712306976318, 0.0826840028166771]
[0.4655904769897461, 0.40962958335876465, 0.12477990239858627]
[0.005866102408617735, 0.1522950530052185, 0.8418388962745667]
[0.045353177934885025, 0.8076077699661255, 0.14703907072544098]
[0.00405797827988863, 0.043819453567266464, 0.9521225094795227]
[0.26751238107681274, 0.522413432598114, 0.21007415652275085]
[0.3966166079044342, 0.4842478930950165, 0.11913549154996872]
[0.12630915641784668, 0.5026224851608276, 0.3710683584213257]
[0.035797905176877975, 0.1701006144285202, 0.7941014170646667]
[0.007610941771417856, 0.247037872672081, 0.7453511357307434]
[0.052612803876399994, 0.31337350606918335, 0.6340136528015137]
[0.008837627246975899, 0.0971159115433693, 0.894046425819397]
[0.2868269085884094, 0.5552116632461548, 0.1579614281654358]
[0.1903756707906723, 0.4835447072982788, 0.32607966661453247]
[0.3028864860534668, 0.5446619391441345, 0.15245158970355988]
[0.23490770161151886, 0.5409764051437378, 0.22411592304706573]
[0.13419902324676514, 0.4569300413131714, 0.4088708758354187]
[0.022169971838593483, 0.5235344171524048, 0.4542955756187439]
[0.43422970175743103, 0.4707529842853546, 0.09501730650663376]
[0.6514246463775635, 0.29714661836624146, 0.051428765058517456]
[0.42149972915649414, 0.45196107029914856, 0.12653914093971252]
[0.2968524992465973, 0.5810327529907227, 0.12211473286151886]
[0.5270351767539978, 0.402800589799881, 0.07016422599554062]
[0.09176518768072128, 0.4992046058177948, 0.40903031826019287]
[0.2611709535121918, 0.58619624376297, 0.15263284742832184]
[0.007861326448619366, 0.05876198783516884, 0.933376669883728]
[0.020887834951281548, 0.2635926604270935, 0.7155194878578186]
[0.039906859397888184, 0.2305079847574234, 0.7295851707458496]
[0.08410217612981796, 0.3355516195297241, 0.5803462266921997]
[0.012862971052527428, 0.14379040896892548, 0.8433466553688049]
[0.632896363735199, 0.3271808624267578, 0.03992278128862381]
[0.5958733558654785, 0.3677682876586914, 0.03635837137699127]
[0.3391704559326172, 0.3796328008174896, 0.2811966836452484]
[0.5054507851600647, 0.4424140155315399, 0.05213522911071777]
[0.07199402153491974, 0.36899474263191223, 0.5590112805366516]
[0.004063183907419443, 0.053804900497198105, 0.9421319365501404]
[0.36645764112472534, 0.5388391613960266, 0.09470320492982864]
[0.6027650833129883, 0.3521568477153778, 0.04507807642221451]
[0.5874323844909668, 0.3846166431903839, 0.02795092761516571]
[0.13002361357212067, 0.4489458501338959, 0.42103055119514465]
[0.8940858840942383, 0.09241582453250885, 0.013498207554221153]
[0.4500884711742401, 0.47218185663223267, 0.07772966474294662]
[0.7883635759353638, 0.19269828498363495, 0.018938172608613968]
[0.835282027721405, 0.1556767076253891, 0.009041311219334602]
[0.24294035136699677, 0.6726809144020081, 0.08437877893447876]
[0.3950444459915161, 0.5477423071861267, 0.05721332132816315]
[0.5140162706375122, 0.41598930954933167, 0.06999438256025314]
[0.008313702419400215, 0.2223198264837265, 0.769366443157196]
[0.01908939890563488, 0.20416602492332458, 0.776744544506073]
[0.0017236549174413085, 0.05178273469209671, 0.9464935660362244]
[0.2589525282382965, 0.4400224983692169, 0.30102500319480896]
[0.0017787676770240068, 0.036268480122089386, 0.9619527459144592]
[0.10708194971084595, 0.5078238844871521, 0.38509416580200195]
[0.00539157260209322, 0.10166475921869278, 0.8929436206817627]
[0.10246337950229645, 0.49148425459861755, 0.4060523211956024]
[0.013464410789310932, 0.13675358891487122, 0.8497820496559143]
[0.002320434432476759, 0.019689204171299934, 0.9779903888702393]
[0.030011523514986038, 0.3413026034832001, 0.6286858916282654]
[0.004966810345649719, 0.07702717930078506, 0.9180060625076294]
[0.05930204316973686, 0.7320922017097473, 0.2086057960987091]
[0.10661021620035172, 0.6959148049354553, 0.19747501611709595]
[0.12114085257053375, 0.43873968720436096, 0.4401194453239441]
[0.1554746776819229, 0.3696608245372772, 0.47486451268196106]
[0.4980946481227875, 0.41309669613838196, 0.08880867063999176]
[0.24229639768600464, 0.440573513507843, 0.31713005900382996]
[0.04061046242713928, 0.7834135890007019, 0.17597593367099762]
[0.08653964102268219, 0.37950417399406433, 0.5339561700820923]
[0.03972036764025688, 0.26926061511039734, 0.6910189986228943]
[0.4832734167575836, 0.45033445954322815, 0.06639214605093002]
[0.03027605637907982, 0.2939801514148712, 0.675743818283081]
[0.3606393039226532, 0.5811226963996887, 0.05823793262243271]
[0.5498517155647278, 0.40590181946754456, 0.04424649849534035]
[0.26983460783958435, 0.540071964263916, 0.1900935024023056]
[0.294842004776001, 0.6217011213302612, 0.08345690369606018]
[0.3804619312286377, 0.5540812015533447, 0.06545683741569519]
[0.30033600330352783, 0.5543904900550842, 0.14527346193790436]
[0.40749281644821167, 0.38961225748062134, 0.20289498567581177]
[0.13064946234226227, 0.47119560837745667, 0.39815494418144226]
[0.3329165279865265, 0.47676658630371094, 0.19031688570976257]
[0.6971634030342102, 0.2713784873485565, 0.03145812079310417]
[0.06280048191547394, 0.19012123346328735, 0.7470782995223999]
[0.07658535242080688, 0.4770747125148773, 0.4463399350643158]
[0.47248077392578125, 0.45684170722961426, 0.07067747414112091]
[0.18073171377182007, 0.33856356143951416, 0.48070478439331055]
[0.6930804252624512, 0.2600119411945343, 0.04690764844417572]
[0.64663165807724, 0.3174302577972412, 0.0359380804002285]
[0.9240814447402954, 0.06915715336799622, 0.006761452183127403]
[0.5455556511878967, 0.2948530316352844, 0.15959128737449646]
[0.6401781439781189, 0.31073713302612305, 0.04908476769924164]
[0.14221110939979553, 0.42266663908958435, 0.43512222170829773]
[0.012456588447093964, 0.2773696184158325, 0.7101738452911377]
[0.7409693598747253, 0.23779967427253723, 0.021231019869446754]
[0.05712629854679108, 0.3987342119216919, 0.5441395044326782]
[0.4613974988460541, 0.42924073338508606, 0.10936176776885986]
[0.28537583351135254, 0.6089308261871338, 0.10569337755441666]
[0.09428709745407104, 0.713921844959259, 0.19179104268550873]
[0.2241588532924652, 0.39407896995544434, 0.38176214694976807]
[0.6569896340370178, 0.29047611355781555, 0.052534233778715134]
[0.04117777943611145, 0.2247004210948944, 0.7341217994689941]
[0.28842461109161377, 0.4986621141433716, 0.21291327476501465]
[0.8800499439239502, 0.10889048129320145, 0.011059477925300598]
[0.7793166637420654, 0.20345205068588257, 0.017231356352567673]
[0.09742338955402374, 0.47644397616386414, 0.4261326789855957]
[0.04920487478375435, 0.6823294758796692, 0.26846563816070557]
[0.016256900504231453, 0.2578391432762146, 0.7259039878845215]
[0.6983847618103027, 0.2795708477497101, 0.022044405341148376]
[0.15605753660202026, 0.6002621650695801, 0.24368025362491608]
[0.8730742931365967, 0.11788274347782135, 0.009043016470968723]
[0.9300722479820251, 0.0625930204987526, 0.007334718480706215]
[0.4219299256801605, 0.5215059518814087, 0.056564170867204666]
[0.568983256816864, 0.3844952881336212, 0.04652148485183716]
[0.019185200333595276, 0.1526491791009903, 0.8281656503677368]
[0.3179699182510376, 0.5112730264663696, 0.17075705528259277]
[0.030948258936405182, 0.17138250172138214, 0.7976692318916321]
[0.3960455656051636, 0.5335131883621216, 0.07044125348329544]
[0.6968507170677185, 0.2625161111354828, 0.04063323885202408]
[0.1212473064661026, 0.4415523111820221, 0.4372003972530365]
[0.181275874376297, 0.6831837296485901, 0.1355404257774353]
[0.67546147108078, 0.27880367636680603, 0.04573490098118782]
[0.24178414046764374, 0.39772170782089233, 0.36049413681030273]
[0.4291330575942993, 0.49850180745124817, 0.07236510515213013]
[0.6370070576667786, 0.3200540542602539, 0.04293886572122574]
[0.08504457771778107, 0.1920422911643982, 0.7229132056236267]
[0.6623225808143616, 0.3031728267669678, 0.03450460359454155]
[0.10827883332967758, 0.659069299697876, 0.23265188932418823]
[0.5509145259857178, 0.4025004208087921, 0.04658503085374832]
[0.303977906703949, 0.6202426552772522, 0.07577943056821823]
[0.32542261481285095, 0.620968222618103, 0.05360916256904602]
[0.8569911122322083, 0.13534489274024963, 0.0076639363542199135]
[0.5832842588424683, 0.3311067819595337, 0.08560899645090103]
[0.9448859691619873, 0.051594190299510956, 0.0035198426339775324]
[0.585857093334198, 0.37481850385665894, 0.039324406534433365]
[0.9118717312812805, 0.08197204768657684, 0.006156184710562229]
[0.6165423393249512, 0.31260836124420166, 0.07084925472736359]
[0.4491637945175171, 0.4840554893016815, 0.06678067892789841]
[0.9117205142974854, 0.08371730893850327, 0.004562205635011196]
[0.4895324110984802, 0.4584882855415344, 0.051979344338178635]
[0.8044820427894592, 0.17993053793907166, 0.015587342903017998]
[0.7284867763519287, 0.2535352408885956, 0.0179780013859272]
[0.7524769306182861, 0.23129326105117798, 0.01622985303401947]
[0.3426579535007477, 0.5232396125793457, 0.13410240411758423]
[0.8184667229652405, 0.16884982585906982, 0.01268345583230257]
[0.7920114994049072, 0.18939842283725739, 0.01859007403254509]
[0.390090674161911, 0.42718175053596497, 0.1827276349067688]
[0.13821224868297577, 0.6153009533882141, 0.24648679792881012]
[0.4753970503807068, 0.44143861532211304, 0.08316437900066376]
[0.05712483823299408, 0.45508313179016113, 0.48779207468032837]
[0.004373416304588318, 0.037736676633358, 0.9578899145126343]
[0.18895713984966278, 0.34994855523109436, 0.4610942304134369]
[0.8263750076293945, 0.15842102468013763, 0.015203946270048618]
[0.3017134666442871, 0.5924292802810669, 0.1058572456240654]
[0.02304627001285553, 0.1988363415002823, 0.7781173586845398]
[0.003618573537096381, 0.07396448403596878, 0.9224169254302979]
[0.006465616170316935, 0.09151554852724075, 0.9020187854766846]
[0.8341233730316162, 0.1523853838443756, 0.013491133227944374]
[0.5411069393157959, 0.4169398546218872, 0.041953105479478836]
[0.8316352367401123, 0.15474174916744232, 0.013623079285025597]
[0.006105148233473301, 0.07331094145774841, 0.9205839037895203]
[0.03539282828569412, 0.19635890424251556, 0.7682482600212097]
[0.022482294589281082, 0.757116973400116, 0.22040073573589325]
[0.4156828224658966, 0.47842711210250854, 0.10589006543159485]
[0.014995592646300793, 0.09110774099826813, 0.8938966989517212]
[0.4306845963001251, 0.49725544452667236, 0.0720600038766861]
[0.19059626758098602, 0.7234503626823425, 0.08595333993434906]
[0.5109807848930359, 0.39275720715522766, 0.09626200050115585]
[0.1629381626844406, 0.4542854130268097, 0.3827764391899109]
[0.8907545804977417, 0.10370922088623047, 0.005536248441785574]
[0.558153510093689, 0.3828112483024597, 0.05903521180152893]
[0.117314413189888, 0.6784719824790955, 0.20421358942985535]
[0.23624099791049957, 0.5610448122024536, 0.20271418988704681]
[0.003677695756778121, 0.04745114594697952, 0.9488711357116699]
[0.08722317963838577, 0.37739622592926025, 0.5353806018829346]
[0.07333577424287796, 0.4265008866786957, 0.5001633763313293]
[0.1791291981935501, 0.7192006707191467, 0.10167009383440018]
[0.8878480195999146, 0.10540861636400223, 0.0067433686926960945]
[0.31215864419937134, 0.6000062227249146, 0.08783508092164993]
[0.5603261590003967, 0.387458473443985, 0.0522153414785862]
[0.1303309053182602, 0.725688099861145, 0.14398103952407837]
[0.3154854476451874, 0.4890395700931549, 0.19547498226165771]
[0.30417776107788086, 0.5425156950950623, 0.15330655872821808]
[0.2733510136604309, 0.6177387237548828, 0.10891028493642807]
[0.39149078726768494, 0.5267996191978455, 0.08170963078737259]
[0.525039792060852, 0.399960458278656, 0.07499977946281433]
[0.09866116940975189, 0.4970673620700836, 0.4042714238166809]
[0.23739326000213623, 0.5333132743835449, 0.22929339110851288]
[0.1681738644838333, 0.7617319822311401, 0.07009414583444595]
[0.18281328678131104, 0.7336732149124146, 0.08351356536149979]
[0.20352239906787872, 0.5515794157981873, 0.2448982447385788]
[0.00514428224414587, 0.08765168488025665, 0.9072040319442749]
[0.028266040608286858, 0.31106752157211304, 0.6606664657592773]
[0.7272810935974121, 0.24480170011520386, 0.027917267754673958]
[0.11985289305448532, 0.7636535167694092, 0.11649363487958908]
[0.061329491436481476, 0.33088576793670654, 0.6077847480773926]
[0.029542557895183563, 0.15611039102077484, 0.8143470883369446]
[0.014590068720281124, 0.2234227955341339, 0.7619870901107788]
[0.03615504130721092, 0.21924754977226257, 0.7445973753929138]
[0.20658110082149506, 0.6477354168891907, 0.14568346738815308]
[0.14850130677223206, 0.4746989905834198, 0.37679973244667053]
[0.05811610072851181, 0.5197433829307556, 0.42214053869247437]
[0.0636621043086052, 0.33928218483924866, 0.5970556735992432]
[0.10366178303956985, 0.3886820375919342, 0.5076561570167542]
[0.02274085395038128, 0.2624216675758362, 0.7148374915122986]
[0.16592594981193542, 0.5192593932151794, 0.31481465697288513]
[0.08710924535989761, 0.46348845958709717, 0.4494023025035858]
[0.03126651793718338, 0.09167686104774475, 0.8770565986633301]
[0.07640045136213303, 0.32095852494239807, 0.6026410460472107]
[0.3352821469306946, 0.598688542842865, 0.06602939963340759]
[0.8536633253097534, 0.13206632435321808, 0.014270384795963764]
[0.40777304768562317, 0.4557413160800934, 0.13648565113544464]
[0.09477440267801285, 0.5548352599143982, 0.35039037466049194]
[0.10804621875286102, 0.38714057207107544, 0.5048131942749023]
[0.811947762966156, 0.1683165729045868, 0.01973571814596653]
[0.4749670624732971, 0.44573599100112915, 0.07929687947034836]
[0.007523582316935062, 0.1394580751657486, 0.8530183434486389]
[0.7009717226028442, 0.2574312090873718, 0.041597120463848114]
[0.6129845380783081, 0.3330136835575104, 0.05400177836418152]
[0.39554423093795776, 0.5261648893356323, 0.0782908946275711]
[0.5677272081375122, 0.380985289812088, 0.05128753185272217]
[0.12023097276687622, 0.7942360639572144, 0.08553300052881241]
[0.5967240929603577, 0.3755463659763336, 0.027729559689760208]
[0.6293466687202454, 0.32208895683288574, 0.048564355820417404]
[0.1392262876033783, 0.6697278022766113, 0.19104591012001038]
[0.28664082288742065, 0.6135214567184448, 0.0998377576470375]
[0.005849925335496664, 0.28232115507125854, 0.7118289470672607]
[0.06521571427583694, 0.31738021969795227, 0.617404043674469]
[0.2588219940662384, 0.5635142922401428, 0.17766377329826355]
[0.07640734314918518, 0.6925591826438904, 0.23103351891040802]
[0.02213638834655285, 0.28504741191864014, 0.6928162574768066]
[0.1640792042016983, 0.6129457354545593, 0.22297507524490356]
[0.041157983243465424, 0.19807566702365875, 0.760766327381134]
[0.008584494702517986, 0.40857428312301636, 0.582841157913208]
[0.007148042321205139, 0.13544589281082153, 0.8574060797691345]
[0.004064008127897978, 0.05211181193590164, 0.9438241720199585]
[0.08491446077823639, 0.6471189260482788, 0.2679665684700012]
[0.4487577974796295, 0.47725218534469604, 0.07398999482393265]
[0.1492629051208496, 0.5109180212020874, 0.3398191034793854]
[0.1929555982351303, 0.4400806427001953, 0.36696377396583557]
[0.6437771916389465, 0.28849151730537415, 0.06773129105567932]
[0.008744743652641773, 0.17038510739803314, 0.8208701014518738]
[0.13711793720722198, 0.6653936505317688, 0.19748836755752563]
[0.005270177964121103, 0.06415361166000366, 0.9305762648582458]
[0.22400011122226715, 0.5244946479797363, 0.2515052556991577]
[0.2540746331214905, 0.5997113585472107, 0.14621397852897644]
[0.1291620135307312, 0.5714083313941956, 0.29942965507507324]
[0.2961158752441406, 0.5606815814971924, 0.1432024985551834]
[0.02080387994647026, 0.1566232293844223, 0.8225728869438171]
[0.012207170948386192, 0.05895547941327095, 0.9288373589515686]
[0.06499720364809036, 0.6631219387054443, 0.2718808948993683]
[0.3176521956920624, 0.5521226525306702, 0.13022509217262268]
[0.2855374217033386, 0.606419026851654, 0.10804352164268494]
[0.05941842123866081, 0.2948455512523651, 0.645736038684845]
[0.5664234757423401, 0.3659316599369049, 0.06764483451843262]
[0.05504392087459564, 0.2605711817741394, 0.6843848824501038]
[0.00242834584787488, 0.020807411521673203, 0.9767642617225647]
[0.17368417978286743, 0.40083563327789307, 0.4254802167415619]
[0.6047843098640442, 0.3216712474822998, 0.073544442653656]
[0.280272513628006, 0.3045010566711426, 0.41522639989852905]
[0.156039297580719, 0.37585940957069397, 0.46810126304626465]
[0.3871474862098694, 0.3390519917011261, 0.27380046248435974]
[0.015045140869915485, 0.08234928548336029, 0.9026055932044983]
