[0.0014803364174440503, 0.02480986714363098, 0.973709762096405]
[0.4784444570541382, 0.4052991271018982, 0.1162564679980278]
[0.23117847740650177, 0.4110967814922333, 0.35772475600242615]
[0.38754934072494507, 0.48756667971611023, 0.12488403171300888]
[0.0051819640211761, 0.17866501212120056, 0.8161530494689941]
[0.042680755257606506, 0.49697887897491455, 0.4603404104709625]
[0.01122543215751648, 0.20584812760353088, 0.7829264402389526]
[0.27757662534713745, 0.5136474370956421, 0.20877592265605927]
[0.054743167012929916, 0.33734676241874695, 0.6079100370407104]
[0.21022377908229828, 0.5262976884841919, 0.2634785771369934]
[0.7087909579277039, 0.25513434410095215, 0.03607472404837608]
[0.2801949679851532, 0.5625248551368713, 0.15728019177913666]
[0.19749532639980316, 0.5119393467903137, 0.2905654013156891]
[0.7437198162078857, 0.24119360744953156, 0.01508651115000248]
[0.02348141185939312, 0.09928224980831146, 0.8772363662719727]
[0.007096374407410622, 0.10344424843788147, 0.8894593715667725]
[0.15224334597587585, 0.728486180305481, 0.11927048861980438]
[0.006057501770555973, 0.09577194601297379, 0.8981705904006958]
[0.18354815244674683, 0.5657256245613098, 0.25072622299194336]
[0.2060406506061554, 0.39627090096473694, 0.3976884186267853]
[0.2321440577507019, 0.4848794937133789, 0.28297650814056396]
[0.04697655886411667, 0.585905909538269, 0.3671175539493561]
[0.042162809520959854, 0.3668297827243805, 0.59100741147995]
[0.050017599016427994, 0.5004569292068481, 0.44952550530433655]
[0.5035159587860107, 0.40633389353752136, 0.09015017002820969]
[0.4022863805294037, 0.4664253294467926, 0.1312883496284485]
[0.12623217701911926, 0.5785163640975952, 0.29525136947631836]
[0.09926792979240417, 0.28175806999206543, 0.6189740300178528]
[0.18113890290260315, 0.5605144500732422, 0.25834664702415466]
[0.5138866901397705, 0.37164071202278137, 0.11447267234325409]
[0.11805807799100876, 0.5893812775611877, 0.2925606667995453]
[0.5760185718536377, 0.32695597410202026, 0.09702548384666443]
[0.3804936707019806, 0.4788603186607361, 0.14064598083496094]
[0.008611192926764488, 0.1811985820531845, 0.8101902008056641]
[0.140779048204422, 0.4206627905368805, 0.4385581612586975]
[0.36968713998794556, 0.35197940468788147, 0.2783334255218506]
[0.2017594575881958, 0.45805075764656067, 0.3401898145675659]
[0.524057149887085, 0.37699249386787415, 0.09895038604736328]
[0.12196718156337738, 0.3826198875904083, 0.4954129159450531]
[0.2977572977542877, 0.40415871143341064, 0.29808399081230164]
[0.01790204644203186, 0.6454752087593079, 0.33662277460098267]
[0.0270764771848917, 0.25483399629592896, 0.7180895209312439]
[0.028399048373103142, 0.3392478823661804, 0.6323530077934265]
[0.07647565752267838, 0.43832218647003174, 0.4852021634578705]
[0.3605269193649292, 0.5049447417259216, 0.1345282793045044]
[0.20046094059944153, 0.555980384349823, 0.2435586303472519]
[0.17693953216075897, 0.6367361545562744, 0.18632429838180542]
[0.2878885269165039, 0.5112293362617493, 0.20088213682174683]
[0.5231685638427734, 0.39362555742263794, 0.08320588618516922]
[0.01208361703902483, 0.1941998302936554, 0.7937166094779968]
[0.2016332745552063, 0.6060484647750854, 0.19231824576854706]
[0.0679754912853241, 0.6158720254898071, 0.3161524832248688]
[0.03962663933634758, 0.27786436676979065, 0.6825090050697327]
[0.04512976109981537, 0.3632555305957794, 0.5916146039962769]
[0.2787136435508728, 0.6384835839271545, 0.08280278742313385]
[0.7044022083282471, 0.2637067437171936, 0.03189101815223694]
[0.3521353304386139, 0.5746184587478638, 0.07324626296758652]
[0.4923361837863922, 0.47627100348472595, 0.031392741948366165]
[0.21272125840187073, 0.7312958240509033, 0.05598297715187073]
[0.41092199087142944, 0.5365082621574402, 0.05256975442171097]
[0.2627895176410675, 0.6206334829330444, 0.11657704412937164]
[0.37982094287872314, 0.4630657732486725, 0.15711331367492676]
[0.07426512241363525, 0.46566227078437805, 0.46007251739501953]
[0.23529520630836487, 0.6930752992630005, 0.07162941247224808]
[0.29510125517845154, 0.5467740297317505, 0.1581246703863144]
[0.3863587975502014, 0.5541166067123413, 0.05952467396855354]
[0.5412376523017883, 0.40605688095092773, 0.05270540714263916]
[0.2697540521621704, 0.5843695402145386, 0.14587637782096863]
[0.11129548400640488, 0.6221994161605835, 0.2665051519870758]
[0.295713871717453, 0.5999979972839355, 0.10428812354803085]
[0.5225656032562256, 0.40491774678230286, 0.07251659780740738]
[0.26564955711364746, 0.59251868724823, 0.14183181524276733]
[0.33370161056518555, 0.544205367565155, 0.12209294736385345]
[0.2962988018989563, 0.5807616710662842, 0.12293954193592072]
[0.23492096364498138, 0.6089181900024414, 0.1561608463525772]
[0.2294996827840805, 0.6443663239479065, 0.126133993268013]
[0.09339947998523712, 0.6067089438438416, 0.29989150166511536]
[0.575978696346283, 0.3575311303138733, 0.06649015098810196]
[0.18969130516052246, 0.6145647764205933, 0.1957438886165619]
[0.29192617535591125, 0.6159511208534241, 0.09212273359298706]
[0.045383304357528687, 0.4570588171482086, 0.4975578188896179]
[0.06429790705442429, 0.42270004749298096, 0.5130020380020142]
[0.00594343850389123, 0.4224958121776581, 0.571560800075531]
[0.4550319015979767, 0.48627474904060364, 0.05869339033961296]
[0.2825343608856201, 0.6153321862220764, 0.10213340818881989]
[0.539992094039917, 0.43393364548683167, 0.026074226945638657]
[0.24728702008724213, 0.6520739793777466, 0.10063894093036652]
[0.024599572643637657, 0.7937871813774109, 0.18161329627037048]
[0.0028756910469383, 0.038623690605163574, 0.9585006833076477]
[0.019046714529395103, 0.6509354710578918, 0.3300178647041321]
[0.005304665304720402, 0.053628794848918915, 0.941066563129425]
[0.27508291602134705, 0.5737472176551819, 0.1511697918176651]
[0.5723057389259338, 0.39402690529823303, 0.03366736322641373]
[0.16570188105106354, 0.6496084332466125, 0.1846897304058075]
[0.5167440176010132, 0.4206090569496155, 0.06264692544937134]
[0.8421622514724731, 0.14554119110107422, 0.01229657232761383]
[0.22131143510341644, 0.7074153423309326, 0.07127321511507034]
[0.8169649839401245, 0.16697561740875244, 0.016059432178735733]
[0.07475703954696655, 0.4065125584602356, 0.5187304615974426]
[0.2784537374973297, 0.6003470420837402, 0.12119926512241364]
[0.0018152270931750536, 0.02134259045124054, 0.9768422245979309]
[0.5043038129806519, 0.4435208737850189, 0.05217529833316803]
[0.22464025020599365, 0.5494141578674316, 0.22594551742076874]
[0.12425646930932999, 0.7052549719810486, 0.17048855125904083]
[0.27147382497787476, 0.551447868347168, 0.17707832157611847]
[0.11135291308164597, 0.4677436351776123, 0.4209035336971283]
[0.5911160707473755, 0.36305510997772217, 0.04582879692316055]
[0.049625132232904434, 0.3558289706707001, 0.5945459604263306]
[0.027533967047929764, 0.3820391893386841, 0.5904268622398376]
[0.298927903175354, 0.47982731461524963, 0.22124481201171875]
[0.3321167826652527, 0.4359245300292969, 0.23195867240428925]
[0.17448048293590546, 0.45882582664489746, 0.3666936159133911]
[0.11460655927658081, 0.40315812826156616, 0.48223528265953064]
[0.26829445362091064, 0.6436560153961182, 0.0880494937300682]
[0.23803947865962982, 0.4800856113433838, 0.2818748950958252]
[0.005496228579431772, 0.12592333555221558, 0.8685804009437561]
[0.14300648868083954, 0.7415891289710999, 0.11540430784225464]
[0.17994077503681183, 0.6722443103790283, 0.14781492948532104]
[0.2457697093486786, 0.6415813565254211, 0.11264896392822266]
[0.12902610003948212, 0.6236596703529358, 0.2473142445087433]
[0.3213758170604706, 0.563970148563385, 0.11465397477149963]
[0.014442468993365765, 0.2671165466308594, 0.7184409499168396]
[0.09773208200931549, 0.7145511507987976, 0.18771681189537048]
[0.0808006301522255, 0.5474022626876831, 0.3717970848083496]
[0.12605442106723785, 0.6115716099739075, 0.2623739242553711]
[0.12984859943389893, 0.6143750548362732, 0.25577637553215027]
[0.18790209293365479, 0.570784866809845, 0.24131304025650024]
[0.058131150901317596, 0.3525508940219879, 0.5893179178237915]
[0.31806182861328125, 0.509903073310852, 0.1720350682735443]
[0.22095294296741486, 0.6020381450653076, 0.17700894176959991]
[0.32595112919807434, 0.5547850728034973, 0.11926378309726715]
[0.2649386525154114, 0.6284794211387634, 0.10658185929059982]
[0.005546304862946272, 0.08692847937345505, 0.9075252413749695]
[0.6045688390731812, 0.3523823022842407, 0.04304886236786842]
[0.1865392029285431, 0.7441451549530029, 0.0693155974149704]
[0.09807537496089935, 0.4127277731895447, 0.48919686675071716]
[0.04250384122133255, 0.30071142315864563, 0.6567847728729248]
[0.0110618369653821, 0.2836131751537323, 0.7053250074386597]
[0.14793767035007477, 0.43145474791526794, 0.42060762643814087]
[0.6407180428504944, 0.3314332067966461, 0.02784874476492405]
[0.32665860652923584, 0.5550122857093811, 0.11832915246486664]
[0.8739535212516785, 0.11886949837207794, 0.007176960818469524]
[0.07837337255477905, 0.5198561549186707, 0.4017704725265503]
[0.5645977854728699, 0.3290325403213501, 0.10636968165636063]
[0.6277394890785217, 0.34959086775779724, 0.022669648751616478]
[0.191068634390831, 0.6663345098495483, 0.14259684085845947]
[0.0021694861352443695, 0.053455352783203125, 0.9443751573562622]
[0.11415554583072662, 0.25095441937446594, 0.634890079498291]
[0.003173425793647766, 0.15348802506923676, 0.8433384895324707]
[0.04098154231905937, 0.23703761398792267, 0.7219809293746948]
[0.005218219477683306, 0.09326690435409546, 0.9015148878097534]
[0.08034355938434601, 0.5389745235443115, 0.3806819021701813]
[0.4800596237182617, 0.3954918384552002, 0.12444853782653809]
[0.26740604639053345, 0.4437209367752075, 0.28887295722961426]
[0.4432888925075531, 0.4591931700706482, 0.09751791507005692]
[0.4796473979949951, 0.3589933514595032, 0.16135922074317932]
[0.5322896838188171, 0.40128421783447266, 0.06642608344554901]
[0.005086036864668131, 0.058522023260593414, 0.9363918900489807]
[0.008740042336285114, 0.10306409746408463, 0.8881959319114685]
[0.10902278125286102, 0.44143053889274597, 0.44954660534858704]
[0.18145537376403809, 0.6020842790603638, 0.21646031737327576]
[0.24210265278816223, 0.6551522612571716, 0.1027451753616333]
[0.5126680135726929, 0.4489558935165405, 0.0383760929107666]
[0.2847653329372406, 0.643351674079895, 0.07188299298286438]
[0.43642282485961914, 0.4354209005832672, 0.12815622985363007]
[0.0400710366666317, 0.46738722920417786, 0.49254173040390015]
[0.4825029969215393, 0.4617922008037567, 0.055704765021800995]
[0.39510178565979004, 0.5114665627479553, 0.09343159198760986]
[0.9509533643722534, 0.04498952254652977, 0.004057181999087334]
[0.7207081913948059, 0.2518690526485443, 0.027422713115811348]
[0.5518601536750793, 0.4039393365383148, 0.04420057311654091]
[0.1578775942325592, 0.6510032415390015, 0.19111916422843933]
[0.079433374106884, 0.5883432030677795, 0.33222347497940063]
[0.543744683265686, 0.3911589980125427, 0.06509630382061005]
[0.7261821627616882, 0.24567033350467682, 0.0281474981456995]
[0.6601962447166443, 0.27746036648750305, 0.06234341859817505]
[0.3602967858314514, 0.40984615683555603, 0.22985704243183136]
[0.41155579686164856, 0.5257484316825867, 0.06269580870866776]
[0.0029270572122186422, 0.13310250639915466, 0.8639704585075378]
[0.2558862566947937, 0.6112799644470215, 0.13283370435237885]
[0.058613914996385574, 0.6223703026771545, 0.31901583075523376]
[0.08710762113332748, 0.6508849859237671, 0.26200738549232483]
[0.3776730000972748, 0.5090312361717224, 0.11329569667577744]
[0.016669582575559616, 0.3112184703350067, 0.672111988067627]
[0.39751002192497253, 0.44523999094963074, 0.15724998712539673]
[0.8533675074577332, 0.13531599938869476, 0.011316445656120777]
[0.6023651361465454, 0.33067190647125244, 0.06696292757987976]
[0.1294584721326828, 0.41513386368751526, 0.45540758967399597]
[0.019337520003318787, 0.32577913999557495, 0.6548833847045898]
[0.01226792298257351, 0.2018764168024063, 0.7858557105064392]
[0.060904234647750854, 0.313987135887146, 0.6251086592674255]
[0.48335930705070496, 0.4464455544948578, 0.07019517570734024]
[0.23572349548339844, 0.5159623622894287, 0.2483142465353012]
[0.23967406153678894, 0.6046868562698364, 0.15563906729221344]
[0.9017396569252014, 0.08948948234319687, 0.008770938031375408]
[0.14381437003612518, 0.6789250373840332, 0.1772605925798416]
[0.6002132296562195, 0.3387092053890228, 0.061077553778886795]
[0.24114294350147247, 0.36604636907577515, 0.3928106427192688]
[0.39198416471481323, 0.4629298448562622, 0.14508597552776337]
[0.8387300968170166, 0.14330923557281494, 0.01796063408255577]
[0.48550882935523987, 0.3956657350063324, 0.11882535368204117]
[0.014673775993287563, 0.0764792338013649, 0.9088470339775085]
[0.36686813831329346, 0.4016725420951843, 0.231459379196167]
[0.0957028865814209, 0.2074989527463913, 0.6967981457710266]
[0.18964293599128723, 0.44336989521980286, 0.3669871687889099]
[0.0019223449053242803, 0.024203402921557426, 0.9738742709159851]
[0.3555738627910614, 0.4614574611186981, 0.18296870589256287]
[0.30710047483444214, 0.5824024677276611, 0.11049703508615494]
[0.7375743985176086, 0.23488259315490723, 0.02754303626716137]
[0.7071970701217651, 0.26150229573249817, 0.031300678849220276]
[0.4464372992515564, 0.4011406898498535, 0.1524219959974289]
[0.15683506429195404, 0.7501741647720337, 0.09299080073833466]
[0.526352047920227, 0.4001186490058899, 0.07352927327156067]
[0.3998423218727112, 0.5296579599380493, 0.07049976289272308]
[0.8900719881057739, 0.10141099989414215, 0.008517004549503326]
[0.19090165197849274, 0.5383489727973938, 0.27074936032295227]
[0.0034617814235389233, 0.14412584900856018, 0.8524123430252075]
[0.49269410967826843, 0.4438493251800537, 0.06345651298761368]
[0.1927664875984192, 0.7049588561058044, 0.10227468609809875]
[0.04157218337059021, 0.6650182604789734, 0.293409526348114]
[0.8253284096717834, 0.15307536721229553, 0.021596306934952736]
[0.8115826845169067, 0.170343816280365, 0.01807352341711521]
[0.14849711954593658, 0.47350794076919556, 0.37799501419067383]
[0.022818511351943016, 0.2974678575992584, 0.6797136068344116]
[0.12917892634868622, 0.39154791831970215, 0.4792732298374176]
[0.14309291541576385, 0.5190198421478271, 0.3378872871398926]
[0.4977829158306122, 0.46364787220954895, 0.038569193333387375]
[0.883209764957428, 0.10979478061199188, 0.006995474454015493]
[0.009534859098494053, 0.16739585995674133, 0.8230693340301514]
[0.680123507976532, 0.2993374466896057, 0.02053910680115223]
[0.503117561340332, 0.4573676884174347, 0.03951481357216835]
[0.33542415499687195, 0.5293164253234863, 0.13525941967964172]
[0.07079087942838669, 0.597828209400177, 0.3313809335231781]
[0.0112448176369071, 0.13171933591365814, 0.8570358753204346]
[0.005388225894421339, 0.22577543556690216, 0.7688363194465637]
[0.26180505752563477, 0.6843152642250061, 0.053879741579294205]
[0.031134065240621567, 0.33551666140556335, 0.6333493590354919]
[0.0250886008143425, 0.2804929316043854, 0.6944184303283691]
[0.03257295489311218, 0.2804010510444641, 0.6870260238647461]
[0.5449066758155823, 0.426019549369812, 0.029073787853121758]
[0.04322274029254913, 0.33093899488449097, 0.6258382797241211]
[0.24799874424934387, 0.665675699710846, 0.08632557094097137]
[0.34327432513237, 0.5749003291130066, 0.08182531595230103]
[0.2570951581001282, 0.4918568730354309, 0.2510479986667633]
[0.016459926962852478, 0.20172858238220215, 0.7818114757537842]
[0.2750037610530853, 0.6249909400939941, 0.10000532865524292]
[0.30417007207870483, 0.6301333904266357, 0.06569655984640121]
[0.37582308053970337, 0.5609535574913025, 0.06322333961725235]
[0.4791330099105835, 0.399789035320282, 0.12107795476913452]
[0.4849093556404114, 0.4435652196407318, 0.07152539491653442]
[0.6537067890167236, 0.31691867113113403, 0.029374515637755394]
[0.025328077375888824, 0.46578872203826904, 0.5088831782341003]
[0.32541772723197937, 0.600305438041687, 0.0742768719792366]
[0.66457599401474, 0.30203983187675476, 0.03338415175676346]
[0.9432008862495422, 0.053113218396902084, 0.003685879288241267]
[0.4537828266620636, 0.48106297850608826, 0.06515418738126755]
[0.3941373825073242, 0.48635390400886536, 0.11950863897800446]
[0.5711924433708191, 0.296712189912796, 0.1320953518152237]
[0.028172865509986877, 0.4508884847164154, 0.5209386944770813]
[0.002137327566742897, 0.02712530829012394, 0.9707373976707458]
[0.0017287696246057749, 0.041270796209573746, 0.9570003747940063]
[0.7294157147407532, 0.22112998366355896, 0.04945431649684906]
[0.0077275605872273445, 0.02635580487549305, 0.9659165740013123]
[0.763573169708252, 0.20117975771427155, 0.03524709492921829]
[0.2511224150657654, 0.6203492283821106, 0.12852837145328522]
[0.4316079914569855, 0.5169723629951477, 0.05141964554786682]
[0.12317119538784027, 0.5326840877532959, 0.344144731760025]
[0.964024007320404, 0.03184511885046959, 0.004130966495722532]
[0.4228644371032715, 0.38291221857070923, 0.1942233294248581]
[0.3986019790172577, 0.4684334695339203, 0.13296464085578918]
[0.42520812153816223, 0.5017649531364441, 0.07302691042423248]
[0.041024740785360336, 0.6340723633766174, 0.3249029219150543]
[0.06905518472194672, 0.34755808115005493, 0.5833867192268372]
[0.6681094765663147, 0.2896116375923157, 0.042278945446014404]
[0.4325583875179291, 0.4911712110042572, 0.0762704387307167]
[0.1030837744474411, 0.4227883815765381, 0.47412776947021484]
[0.34249916672706604, 0.42109042406082153, 0.23641042411327362]
[0.7681750059127808, 0.19490309059619904, 0.03692195191979408]
[0.39844298362731934, 0.4398399889469147, 0.16171707212924957]
[0.047049205750226974, 0.3679458200931549, 0.5850049257278442]
[0.01707647182047367, 0.18551793694496155, 0.7974056005477905]
[0.28010258078575134, 0.49733221530914307, 0.22256514430046082]
[0.5136532783508301, 0.3718055188655853, 0.11454130709171295]
[0.6184991598129272, 0.33864039182662964, 0.0428604818880558]
[0.20095814764499664, 0.59764164686203, 0.20140022039413452]
[0.9565417170524597, 0.03952488303184509, 0.0039334711618721485]
[0.09559277445077896, 0.5647320747375488, 0.3396751582622528]
[0.07056725025177002, 0.5824419856071472, 0.34699076414108276]
[0.05877650901675224, 0.556760311126709, 0.38446319103240967]
[0.06977258622646332, 0.7343266606330872, 0.19590067863464355]
[0.11657797545194626, 0.6557988524436951, 0.22762306034564972]
[0.3126422166824341, 0.5327154994010925, 0.15464231371879578]
[0.07642249017953873, 0.6207619905471802, 0.3028155565261841]
[0.47103020548820496, 0.460798054933548, 0.06817173957824707]
[0.06151078641414642, 0.35908058285713196, 0.5794086456298828]
[0.044964149594306946, 0.21193188428878784, 0.7431039810180664]
[0.05151087045669556, 0.42596280574798584, 0.5225263833999634]
[0.042052142322063446, 0.4595456123352051, 0.49840229749679565]
[0.20002582669258118, 0.7025535106658936, 0.09742064028978348]
[0.007428701967000961, 0.26065340638160706, 0.7319179177284241]
[0.02345656044781208, 0.5438414216041565, 0.4327020049095154]
[0.3646637499332428, 0.5367029905319214, 0.0986332893371582]
[0.31869280338287354, 0.6168203949928284, 0.0644867941737175]
[0.3806841969490051, 0.5274722576141357, 0.09184353053569794]
[0.06438759714365005, 0.37831082940101624, 0.5573015809059143]
[0.006047063507139683, 0.11531820148229599, 0.8786347508430481]
[0.0067470925860106945, 0.16938522458076477, 0.8238677382469177]
[0.013709346763789654, 0.3198249638080597, 0.6664655804634094]
[0.008155864663422108, 0.06242401525378227, 0.9294201731681824]
[0.3387061059474945, 0.5716793537139893, 0.08961454778909683]
[0.34719473123550415, 0.6042643785476685, 0.04854084551334381]
[0.06137314438819885, 0.5116414427757263, 0.4269854426383972]
[0.21363301575183868, 0.6256791353225708, 0.16068777441978455]
[0.007337755523622036, 0.14538834989070892, 0.8472738862037659]
[0.13817842304706573, 0.49275779724121094, 0.3690638244152069]
[0.2578839063644409, 0.6105449199676514, 0.1315711885690689]
[0.030819345265626907, 0.4705779552459717, 0.49860259890556335]
[0.27944836020469666, 0.5370931029319763, 0.1834585815668106]
[0.650290310382843, 0.32486194372177124, 0.024847740307450294]
[0.004704087972640991, 0.2159600704908371, 0.7793358564376831]
[0.5604151487350464, 0.3952842056751251, 0.04430057853460312]
[0.5891059041023254, 0.34530317783355713, 0.06559096276760101]
[0.1414044350385666, 0.652382493019104, 0.2062130868434906]
[0.032644666731357574, 0.5130882859230042, 0.4542669951915741]
[0.11811302602291107, 0.47113052010536194, 0.4107564091682434]
[0.5399363040924072, 0.3916657269001007, 0.0683978945016861]
[0.25261712074279785, 0.5554073452949524, 0.19197556376457214]
[0.06138482317328453, 0.5890243053436279, 0.34959083795547485]
[0.39251017570495605, 0.5276241898536682, 0.07986564934253693]
[0.5192562937736511, 0.4416472315788269, 0.03909645974636078]
[0.559015691280365, 0.3780856430530548, 0.06289860606193542]
[0.12221823632717133, 0.6030250191688538, 0.2747567594051361]
[0.19294120371341705, 0.6566402912139893, 0.1504184901714325]
[0.2787122130393982, 0.5724999904632568, 0.14878778159618378]
[0.4222623109817505, 0.5012187957763672, 0.07651892304420471]
[0.24972854554653168, 0.6538142561912537, 0.09645722806453705]
[0.6578042507171631, 0.3066501021385193, 0.0355457067489624]
[0.3383978009223938, 0.5552567839622498, 0.10634543001651764]
[0.11364000290632248, 0.6940454244613647, 0.19231460988521576]
[0.040431417524814606, 0.7608715295791626, 0.1986970603466034]
[0.49553459882736206, 0.45530298352241516, 0.04916241392493248]
[0.38547298312187195, 0.5418360829353333, 0.072690948843956]
[0.25879329442977905, 0.5512283444404602, 0.18997836112976074]
[0.024191949516534805, 0.13749194145202637, 0.8383161425590515]
[0.0035421557258814573, 0.023414140567183495, 0.9730437397956848]
[0.008564050309360027, 0.06996488571166992, 0.9214710593223572]
[0.13785630464553833, 0.5082916021347046, 0.3538520634174347]
[0.29373598098754883, 0.44743987917900085, 0.2588241994380951]
[0.9157516360282898, 0.07857749611139297, 0.005670883692800999]
[0.3778921067714691, 0.5166283845901489, 0.10547959059476852]
[0.025819148868322372, 0.15721458196640015, 0.8169662952423096]
[0.13290011882781982, 0.7154682278633118, 0.15163171291351318]
[0.45200467109680176, 0.4726693630218506, 0.07532590627670288]
[0.6712667942047119, 0.31106406450271606, 0.01766914501786232]
[0.11770571023225784, 0.8159106969833374, 0.06638357043266296]
[0.13702674210071564, 0.7368043661117554, 0.12616896629333496]
[0.19102120399475098, 0.6412711143493652, 0.1677076667547226]
[0.6752151250839233, 0.31035760045051575, 0.014427285641431808]
[0.6312313079833984, 0.32561731338500977, 0.04315133020281792]
[0.6400514841079712, 0.3258574604988098, 0.0340910330414772]
[0.0023044587578624487, 0.020404908806085587, 0.9772905707359314]
[0.09636834263801575, 0.5174819231033325, 0.38614967465400696]
[0.6047153472900391, 0.3316022455692291, 0.06368248164653778]
[0.8545579314231873, 0.13492366671562195, 0.010518400929868221]
[0.9046396017074585, 0.08948308229446411, 0.005877404939383268]
[0.5482651591300964, 0.4204942584037781, 0.031240569427609444]
[0.026429614052176476, 0.2657002806663513, 0.7078701257705688]
[0.9379755258560181, 0.05752452462911606, 0.004499923437833786]
[0.40947049856185913, 0.5197881460189819, 0.07074135541915894]
[0.5986060500144958, 0.37975332140922546, 0.021640675142407417]
[0.4526880085468292, 0.4947081506252289, 0.05260381102561951]
[0.22593018412590027, 0.4824453890323639, 0.29162439703941345]
[0.13442900776863098, 0.7616442441940308, 0.10392680764198303]
[0.34538939595222473, 0.5701951384544373, 0.08441545069217682]
[0.7429245710372925, 0.24123956263065338, 0.015835877507925034]
[0.5453595519065857, 0.3784373104572296, 0.07620319724082947]
[0.01642410084605217, 0.0739624872803688, 0.9096134305000305]
[0.058187153190374374, 0.4077666699886322, 0.5340462327003479]
[0.8765116930007935, 0.1102074533700943, 0.013280846178531647]
[0.05275648459792137, 0.4706418812274933, 0.47660163044929504]
[0.00936440285295248, 0.16829682886600494, 0.8223387598991394]
[0.5465855002403259, 0.3737677335739136, 0.07964682579040527]
[0.002741639269515872, 0.022623833268880844, 0.9746345281600952]
[0.11468272656202316, 0.43752530217170715, 0.44779202342033386]
[0.06862744688987732, 0.4377666413784027, 0.4936058223247528]
[0.0058531672693789005, 0.0741179808974266, 0.9200288653373718]
[0.21003736555576324, 0.5214416980743408, 0.26852092146873474]
[0.3181697130203247, 0.5439354777336121, 0.13789480924606323]
[0.05207517743110657, 0.4159710705280304, 0.5319536924362183]
[0.006987132132053375, 0.1177748516201973, 0.8752380609512329]
[0.04734053835272789, 0.6043336391448975, 0.3483259081840515]
[0.032508425414562225, 0.2077164351940155, 0.7597752213478088]
[0.1999678760766983, 0.5987286567687988, 0.2013034075498581]
[0.29152485728263855, 0.5780541896820068, 0.1304209679365158]
[0.1770704984664917, 0.6095122694969177, 0.213417187333107]
[0.3413652777671814, 0.5915542840957642, 0.06708045303821564]
[0.1888982653617859, 0.7174471616744995, 0.0936545878648758]
[0.4203399419784546, 0.5060023069381714, 0.07365778088569641]
[0.43764349818229675, 0.5036773085594177, 0.05867917835712433]
[0.33538421988487244, 0.5628201961517334, 0.10179563611745834]
[0.37061333656311035, 0.5109923481941223, 0.11839433759450912]
[0.08291354775428772, 0.5446045398712158, 0.37248194217681885]
[0.19222255051136017, 0.4341467022895813, 0.37363073229789734]
[0.27807024121284485, 0.44073718786239624, 0.2811926305294037]
[0.1174314096570015, 0.4282904267311096, 0.4542781710624695]
[0.10671692341566086, 0.4511151611804962, 0.44216790795326233]
[0.185541570186615, 0.5851631760597229, 0.22929520905017853]
[0.05138731375336647, 0.26459887623786926, 0.684013843536377]
[0.1420859545469284, 0.226901113986969, 0.6310129165649414]
[0.00560219120234251, 0.02169908583164215, 0.9726986885070801]
[0.014268460683524609, 0.044617678970098495, 0.9411138296127319]
[0.12634901702404022, 0.7931904792785645, 0.0804605633020401]
[0.0041052792221307755, 0.21818092465400696, 0.7777138352394104]
[0.0444323904812336, 0.7343279123306274, 0.22123977541923523]
[0.052758924663066864, 0.6399680972099304, 0.30727308988571167]
[0.12273990362882614, 0.6063130497932434, 0.2709469795227051]
[0.1633603721857071, 0.7388136386871338, 0.09782595187425613]
[0.3035881817340851, 0.5228490829467773, 0.17356273531913757]
[0.41701561212539673, 0.531143844127655, 0.05184049904346466]
[0.7091850638389587, 0.2605896592140198, 0.030225234106183052]
[0.13840487599372864, 0.517548680305481, 0.34404638409614563]
[0.7070531845092773, 0.27212652564048767, 0.02082025818526745]
[0.025539720430970192, 0.46616145968437195, 0.5082988739013672]
[0.02353234589099884, 0.11470530182123184, 0.861762285232544]
[0.43883195519447327, 0.43783485889434814, 0.12333319336175919]
[0.10309493541717529, 0.6367400288581848, 0.2601650059223175]
[0.06999912112951279, 0.4097886383533478, 0.5202121734619141]
[0.14582544565200806, 0.3884347379207611, 0.46573978662490845]
[0.11547312885522842, 0.490378737449646, 0.3941480815410614]
[0.7033700942993164, 0.2527926564216614, 0.04383722320199013]
[0.5603520274162292, 0.38806048035621643, 0.05158742517232895]
[0.048967476934194565, 0.740851104259491, 0.2101813554763794]
[0.08235350251197815, 0.5528790354728699, 0.364767462015152]
[0.3908132016658783, 0.5377991199493408, 0.0713876262307167]
[0.6781125068664551, 0.3030763566493988, 0.018811123445630074]
[0.4777315557003021, 0.345846027135849, 0.1764223575592041]
