[0.3887173533439636, 0.4769865572452545, 0.13429605960845947]
[0.030259013175964355, 0.14590030908584595, 0.8238406777381897]
[0.08847211301326752, 0.28593194484710693, 0.6255959272384644]
[0.1575166881084442, 0.5892025828361511, 0.25328072905540466]
[0.013859758153557777, 0.19506993889808655, 0.7910703420639038]
[0.017948221415281296, 0.8499992489814758, 0.1320524960756302]
[0.035032421350479126, 0.7157612442970276, 0.24920636415481567]
[0.15438944101333618, 0.7252829670906067, 0.12032763659954071]
[0.0056397938169538975, 0.07672329992055893, 0.9176368713378906]
[0.4185420870780945, 0.5050883293151855, 0.07636961340904236]
[0.0031082560308277607, 0.039181485772132874, 0.9577102661132812]
[0.07796769589185715, 0.5365303754806519, 0.38550201058387756]
[0.092566579580307, 0.6995059251785278, 0.20792753994464874]
[0.20198677480220795, 0.5216284990310669, 0.27638474106788635]
[0.8930884003639221, 0.09354007244110107, 0.013371550478041172]
[0.299348384141922, 0.44901520013809204, 0.2516363859176636]
[0.450567364692688, 0.35924774408340454, 0.19018492102622986]
[0.4777776598930359, 0.4589669108390808, 0.06325545907020569]
[0.22910425066947937, 0.5736360549926758, 0.19725966453552246]
[0.3299235701560974, 0.552149772644043, 0.11792673915624619]
[0.2241516411304474, 0.3798395097255707, 0.39600884914398193]
[0.0408024862408638, 0.1615830659866333, 0.7976143956184387]
[0.3927675187587738, 0.408143013715744, 0.19908945262432098]
[0.024022091180086136, 0.11369471251964569, 0.8622831702232361]
[0.4784802198410034, 0.45576977729797363, 0.06574999541044235]
[0.16393394768238068, 0.531919538974762, 0.30414652824401855]
[0.21229737997055054, 0.4269101321697235, 0.3607925474643707]
[0.013617812655866146, 0.2607312500476837, 0.7256509065628052]
[0.004608596675097942, 0.16188253462314606, 0.8335088491439819]
