[0.4180883765220642, 0.47460150718688965, 0.10731013864278793]
[0.10412620007991791, 0.5472136735916138, 0.34866008162498474]
[0.00825860071927309, 0.11707308143377304, 0.874668300151825]
[0.009395676665008068, 0.21683578193187714, 0.7737685441970825]
[0.15589317679405212, 0.6218686103820801, 0.22223827242851257]
[0.18652914464473724, 0.3177913427352905, 0.49567949771881104]
[0.23134103417396545, 0.539821445941925, 0.22883760929107666]
[0.05942909047007561, 0.3432132601737976, 0.5973576307296753]
[0.6932759284973145, 0.25473204255104065, 0.05199212208390236]
[0.2957000732421875, 0.4482484757900238, 0.2560514211654663]
[0.20530836284160614, 0.4365355968475342, 0.35815608501434326]
[0.2539198398590088, 0.3583908677101135, 0.3876892924308777]
[0.0278775617480278, 0.12946055829524994, 0.8426618576049805]
[0.049389805644750595, 0.37780213356018066, 0.5728080868721008]
[0.204131081700325, 0.4856191873550415, 0.3102497160434723]
[0.45441508293151855, 0.4244743883609772, 0.1211104616522789]
[0.02170344814658165, 0.20887704193592072, 0.7694195508956909]
[0.045981958508491516, 0.26545584201812744, 0.6885622143745422]
[0.06822958588600159, 0.21765251457691193, 0.7141178846359253]
[0.7471336126327515, 0.19370988011360168, 0.05915655940771103]
[0.7540756464004517, 0.2038710117340088, 0.04205338656902313]
[0.35983994603157043, 0.3886951208114624, 0.25146493315696716]
[0.5473672151565552, 0.3476845920085907, 0.10494817048311234]
[0.9028159976005554, 0.08960177004337311, 0.007582169957458973]
[0.2269449234008789, 0.39069414138793945, 0.38236090540885925]
[0.008175572380423546, 0.10939034819602966, 0.882434070110321]
[0.005623308941721916, 0.04127892479300499, 0.9530977606773376]
[0.00338636408559978, 0.07016674429178238, 0.9264469146728516]
[0.14943230152130127, 0.4467226564884186, 0.40384507179260254]
