[0.5206212401390076, 0.39978426694869995, 0.07959441095590591]
[0.347308874130249, 0.46685299277305603, 0.18583813309669495]
[0.23340030014514923, 0.6935824751853943, 0.07301721721887589]
[0.005722515285015106, 0.14091016352176666, 0.8533673882484436]
[0.03547007963061333, 0.27742063999176025, 0.6871092915534973]
[0.08387718349695206, 0.3142550587654114, 0.6018677949905396]
[0.262515127658844, 0.5843791961669922, 0.15310561656951904]
[0.07411018759012222, 0.39924806356430054, 0.5266417860984802]
[0.6831375956535339, 0.270637571811676, 0.04622483253479004]
[0.2630799114704132, 0.5012810826301575, 0.2356390804052353]
[0.0017622302984818816, 0.02783912420272827, 0.9703986048698425]
[0.01737641915678978, 0.2699185907840729, 0.7127049565315247]
[0.18395672738552094, 0.6393206715583801, 0.17672260105609894]
[0.11121215671300888, 0.5171913504600525, 0.3715965747833252]
[0.046020884066820145, 0.31159576773643494, 0.6423832774162292]
[0.07964426279067993, 0.4978707432746887, 0.42248499393463135]
[0.5280490517616272, 0.3970607817173004, 0.07489017397165298]
[0.45514196157455444, 0.47240397334098816, 0.0724540427327156]
[0.0037769482005387545, 0.10082004964351654, 0.8954029679298401]
[0.009336932562291622, 0.1615927815437317, 0.8290703296661377]
[0.01472405344247818, 0.23172318935394287, 0.7535527348518372]
[0.07207462936639786, 0.7824738621711731, 0.14545154571533203]
[0.33661362528800964, 0.48721423745155334, 0.1761721521615982]
[0.3103761374950409, 0.5432359576225281, 0.1463879495859146]
[0.4107404351234436, 0.5055311918258667, 0.08372829854488373]
[0.03741809353232384, 0.1486990600824356, 0.8138828277587891]
[0.06534525752067566, 0.3217819929122925, 0.6128727197647095]
[0.0027169776149094105, 0.04218144342303276, 0.9551015496253967]
[0.009099106304347515, 0.13052158057689667, 0.8603793382644653]
[0.13169454038143158, 0.4980543553829193, 0.3702510893344879]
[0.4834393560886383, 0.4163146913051605, 0.10024597495794296]
[0.2742607593536377, 0.5740733742713928, 0.15166588127613068]
[0.45715606212615967, 0.37785565853118896, 0.16498827934265137]
[0.2756601870059967, 0.4779617488384247, 0.2463780641555786]
[0.16311249136924744, 0.3492048978805542, 0.48768261075019836]
[0.09106271713972092, 0.3082316219806671, 0.600705623626709]
[0.3272949755191803, 0.48070335388183594, 0.19200171530246735]
[0.3218804597854614, 0.5557874441146851, 0.12233211100101471]
[0.05987996235489845, 0.2733992636203766, 0.6667208075523376]
[0.05912685766816139, 0.23640625178813934, 0.7044668197631836]
