[0.2177359163761139, 0.5545833706855774, 0.22768066823482513]
[0.18060453236103058, 0.5104325413703918, 0.30896297097206116]
[0.1408136636018753, 0.6864619851112366, 0.17272432148456573]
[0.3502075672149658, 0.544067919254303, 0.10572457313537598]
[0.015135236084461212, 0.32925304770469666, 0.6556117534637451]
[0.011472556740045547, 0.07678160071372986, 0.9117458462715149]
[0.5510815382003784, 0.37057119607925415, 0.07834722846746445]
[0.0028020034078508615, 0.26900172233581543, 0.7281963229179382]
[0.007883349433541298, 0.1075841635465622, 0.8845325112342834]
[0.010440290905535221, 0.10848154127597809, 0.8810781836509705]
[0.03228788822889328, 0.25873038172721863, 0.7089817523956299]
[0.023338450118899345, 0.169443279504776, 0.8072182536125183]
[0.01216494757682085, 0.5839733481407166, 0.4038616716861725]
[0.10723293572664261, 0.3667518198490143, 0.5260152220726013]
[0.048907313495874405, 0.6016862988471985, 0.3494063913822174]
[0.053176239132881165, 0.4349854290485382, 0.5118383169174194]
[0.358216255903244, 0.5034788250923157, 0.13830487430095673]
[0.47387826442718506, 0.42288440465927124, 0.1032373458147049]
[0.01043627317994833, 0.24394087493419647, 0.7456228733062744]
[0.02367817610502243, 0.3799470365047455, 0.5963747501373291]
[0.0068976436741650105, 0.06871866434812546, 0.9243836402893066]
[0.24787022173404694, 0.5497876405715942, 0.20234212279319763]
[0.5885613560676575, 0.3501191735267639, 0.06131948530673981]
[0.01811167225241661, 0.4567781090736389, 0.5251102447509766]
[0.008064279332756996, 0.3050225079059601, 0.686913251876831]
[0.1719186156988144, 0.6638983488082886, 0.16418306529521942]
[0.0021151909604668617, 0.04196661338210106, 0.9559182524681091]
[0.017325563356280327, 0.7741705179214478, 0.20850390195846558]
[0.004573533311486244, 0.03810422122478485, 0.9573222398757935]
[0.5506178140640259, 0.3703850209712982, 0.07899715006351471]
[0.009126518853008747, 0.16856615245342255, 0.8223073482513428]
