[0.001560931676067412, 0.009824943728744984, 0.9886140823364258]
[0.040160927921533585, 0.14723610877990723, 0.8126029968261719]
[0.3412953317165375, 0.5187320709228516, 0.1399725377559662]
[0.021089350804686546, 0.2709469199180603, 0.707963764667511]
[0.3791528344154358, 0.5458592176437378, 0.07498801499605179]
[0.2971344292163849, 0.6216446757316589, 0.08122093975543976]
[0.2909391522407532, 0.510097861289978, 0.19896303117275238]
[0.15304633975028992, 0.4250130355358124, 0.4219406545162201]
[0.7172845005989075, 0.257267564535141, 0.02544793114066124]
[0.31588515639305115, 0.6007807850837708, 0.0833340659737587]
[0.168148010969162, 0.6881999373435974, 0.1436520516872406]
[0.058734361082315445, 0.3151632845401764, 0.6261023283004761]
[0.055696260184049606, 0.19645938277244568, 0.747844398021698]
[0.5896892547607422, 0.34112614393234253, 0.06918463110923767]
[0.4921075403690338, 0.46597951650619507, 0.04191293194890022]
[0.03155633807182312, 0.5434778928756714, 0.4249657392501831]
[0.497956246137619, 0.4141431748867035, 0.08790049701929092]
[0.3336988091468811, 0.594361424446106, 0.07193972170352936]
[0.8356956243515015, 0.15255104005336761, 0.01175339799374342]
[0.4295406937599182, 0.484314501285553, 0.08614479005336761]
[0.6663872599601746, 0.30575019121170044, 0.027862543240189552]
[0.7077536582946777, 0.24883748590946198, 0.04340880364179611]
[0.05709948390722275, 0.28160232305526733, 0.6612981557846069]
[0.3799208104610443, 0.5300111770629883, 0.09006795287132263]
[0.020505590364336967, 0.22801336646080017, 0.7514809966087341]
[0.7698313593864441, 0.21241797506809235, 0.017750725150108337]
[0.1660412847995758, 0.7204743027687073, 0.11348438262939453]
[0.6455050706863403, 0.3248826563358307, 0.029612254351377487]
[0.5898962020874023, 0.37253648042678833, 0.03756731003522873]
[0.5869603753089905, 0.38030022382736206, 0.03273933008313179]
[0.6193515062332153, 0.35014307498931885, 0.030505526810884476]
[0.17176233232021332, 0.4870058596134186, 0.3412318229675293]
[0.8482860922813416, 0.14196035265922546, 0.009753587655723095]
[0.36218583583831787, 0.5327064990997314, 0.10510766506195068]
[0.013670386746525764, 0.2470795065164566, 0.739250123500824]
[0.11218313127756119, 0.46132519841194153, 0.42649170756340027]
[0.5513895750045776, 0.3747459053993225, 0.07386457920074463]
[0.6431595087051392, 0.3141537606716156, 0.04268673434853554]
[0.22560298442840576, 0.6100479960441589, 0.16434894502162933]
[0.21881181001663208, 0.6660140752792358, 0.1151740550994873]
[0.7330684065818787, 0.24908021092414856, 0.017851348966360092]
[0.015086192637681961, 0.18265970051288605, 0.8022540807723999]
[0.41805413365364075, 0.4830484688282013, 0.09889735281467438]
[0.7498756647109985, 0.2270955890417099, 0.023028748109936714]
[0.02639881521463394, 0.25889483094215393, 0.714706301689148]
[0.2178785502910614, 0.6959825158119202, 0.08613891154527664]
[0.04410313069820404, 0.7306190133094788, 0.22527791559696198]
[0.9293995499610901, 0.06341677159070969, 0.0071836854331195354]
[0.6519901156425476, 0.2977537512779236, 0.050256140530109406]
[0.5707200765609741, 0.3888838291168213, 0.04039611667394638]
[0.2318740040063858, 0.7169681787490845, 0.05115780979394913]
[0.267909437417984, 0.3383585214614868, 0.39373207092285156]
[0.3429746925830841, 0.4919383227825165, 0.16508693993091583]
[0.09317722916603088, 0.7820544242858887, 0.12476831674575806]
[0.015458034351468086, 0.3893333673477173, 0.5952086448669434]
[0.5480433702468872, 0.3706147074699402, 0.08134192228317261]
[0.4130999445915222, 0.49011704325675964, 0.09678304940462112]
[0.9712060689926147, 0.0263876561075449, 0.0024062751326709986]
[0.5232327580451965, 0.417682945728302, 0.059084322303533554]
[0.7149898409843445, 0.2532595992088318, 0.03175059333443642]
[0.6580455899238586, 0.29260462522506714, 0.049349747598171234]
[0.6205334663391113, 0.3316364586353302, 0.04783007875084877]
[0.06631357222795486, 0.4789668321609497, 0.454719603061676]
[0.4041394591331482, 0.49974167346954346, 0.09611884504556656]
[0.07491406798362732, 0.6018791198730469, 0.32320675253868103]
[0.02444486692547798, 0.22606590390205383, 0.7494892477989197]
[0.11036235839128494, 0.7825557589530945, 0.10708185285329819]
[0.4888879358768463, 0.4293544888496399, 0.08175764232873917]
[0.07073430716991425, 0.4690161347389221, 0.46024948358535767]
[0.028727978467941284, 0.17939676344394684, 0.7918753027915955]
[0.4913320243358612, 0.43305179476737976, 0.07561615109443665]
[0.05636264383792877, 0.24015262722969055, 0.7034847140312195]
[0.1401769369840622, 0.377336323261261, 0.48248669505119324]
[0.14573036134243011, 0.6731359958648682, 0.18113362789154053]
[0.004374985583126545, 0.03601575270295143, 0.95960932970047]
[0.009584560059010983, 0.4090808033943176, 0.58133465051651]
[0.1888698786497116, 0.3903230130672455, 0.4208070635795593]
[0.44963425397872925, 0.4783644676208496, 0.07200129330158234]
[0.31837162375450134, 0.4550244212150574, 0.22660396993160248]
[0.06402931362390518, 0.32490143179893494, 0.6110692620277405]
[0.2554304301738739, 0.4616157114505768, 0.2829538881778717]
[0.08834122121334076, 0.44077152013778687, 0.470887154340744]
[0.2057175189256668, 0.6636819839477539, 0.1306004822254181]
[0.01522135455161333, 0.24449004232883453, 0.7402886152267456]
[0.14874275028705597, 0.7382410764694214, 0.11301615834236145]
[0.23090937733650208, 0.41400790214538574, 0.3550827205181122]
[0.24009761214256287, 0.6542328000068665, 0.10566966980695724]
[0.1665830910205841, 0.376590758562088, 0.45682618021965027]
[0.21495822072029114, 0.39322131872177124, 0.39182043075561523]
[0.5867356657981873, 0.35596662759780884, 0.057297710329294205]
[0.17004606127738953, 0.5922343134880066, 0.23771964013576508]
[0.04661296308040619, 0.2437271922826767, 0.7096598744392395]
[0.4935690760612488, 0.4080616533756256, 0.098369300365448]
[0.5060602426528931, 0.4347587525844574, 0.059180986136198044]
[0.14434561133384705, 0.6673714518547058, 0.18828299641609192]
[0.13415493071079254, 0.4689740240573883, 0.39687108993530273]
[0.08014580607414246, 0.6116394996643066, 0.3082147240638733]
[0.25358378887176514, 0.6191573143005371, 0.12725888192653656]
[0.9285334348678589, 0.06485351920127869, 0.006613078061491251]
[0.3083653748035431, 0.5288682579994202, 0.16276638209819794]
[0.35664573311805725, 0.4891415238380432, 0.15421269834041595]
[0.3743155896663666, 0.4142366945743561, 0.21144771575927734]
[0.40389084815979004, 0.5181961059570312, 0.0779130756855011]
[0.4291056990623474, 0.4804825782775879, 0.0904117226600647]
[0.01707216165959835, 0.8565219640731812, 0.12640592455863953]
[0.0026134727522730827, 0.09449414163827896, 0.9028924107551575]
[0.35644909739494324, 0.49693265557289124, 0.14661824703216553]
[0.48667383193969727, 0.43019986152648926, 0.08312637358903885]
[0.15040548145771027, 0.627269446849823, 0.22232510149478912]
[0.016702765598893166, 0.27514833211898804, 0.7081488966941833]
[0.04665932431817055, 0.30227458477020264, 0.6510661244392395]
[0.06374387443065643, 0.8071696758270264, 0.12908640503883362]
[0.37265267968177795, 0.535890519618988, 0.09145687520503998]
[0.3452695906162262, 0.5698172450065613, 0.0849132090806961]
[0.22698037326335907, 0.6585692167282104, 0.11445049196481705]
[0.2882940173149109, 0.5016900300979614, 0.21001601219177246]
[0.37292343378067017, 0.5115340352058411, 0.11554253846406937]
[0.04895482212305069, 0.3804050087928772, 0.5706401467323303]
[0.07855474203824997, 0.25889602303504944, 0.6625492572784424]
[0.5210446715354919, 0.35491251945495605, 0.12404271960258484]
[0.020355477929115295, 0.6164280772209167, 0.3632164001464844]
[0.0017644251929596066, 0.023803628981113434, 0.9744319319725037]
[0.522165060043335, 0.39309534430503845, 0.0847395732998848]
[0.04345332086086273, 0.34904468059539795, 0.6075019836425781]
[0.8576960563659668, 0.1329258531332016, 0.009378025308251381]
[0.21622334420681, 0.4624141454696655, 0.3213624358177185]
[0.47091665863990784, 0.404295951128006, 0.124787338078022]
[0.23489363491535187, 0.46077215671539307, 0.30433419346809387]
[0.48939207196235657, 0.4058634042739868, 0.10474444180727005]
[0.008146075531840324, 0.068697988986969, 0.9231559038162231]
[0.02919541858136654, 0.6396629214286804, 0.3311416506767273]
[0.20571325719356537, 0.7288777232170105, 0.06540898978710175]
[0.027204234153032303, 0.3968859314918518, 0.5759097933769226]
[0.2974851727485657, 0.5289933681488037, 0.17352139949798584]
[0.049608275294303894, 0.2366304099559784, 0.7137612700462341]
[0.11376433074474335, 0.38829711079597473, 0.4979385733604431]
[0.15359142422676086, 0.5892461538314819, 0.2571623623371124]
[0.17365533113479614, 0.45644330978393555, 0.3699014484882355]
[0.0412910059094429, 0.2366974800825119, 0.7220115065574646]
[0.0842776820063591, 0.37234410643577576, 0.5433781743049622]
[0.6050834655761719, 0.36463916301727295, 0.030277371406555176]
[0.11727821826934814, 0.4588961601257324, 0.4238256514072418]
[0.19790557026863098, 0.6465613842010498, 0.15553303062915802]
[0.0349063016474247, 0.22347161173820496, 0.7416220307350159]
[0.07844614237546921, 0.33476242423057556, 0.5867913961410522]
[0.7780411839485168, 0.20249950885772705, 0.019459383562207222]
[0.03926640748977661, 0.2226940393447876, 0.7380395531654358]
[0.021397575736045837, 0.3191574215888977, 0.6594449281692505]
[0.0518227182328701, 0.21721668541431427, 0.7309605479240417]
[0.0018271836452186108, 0.020288946107029915, 0.9778839349746704]
[0.3331374228000641, 0.431971937417984, 0.2348906546831131]
[0.6883628964424133, 0.2828342318534851, 0.028802763670682907]
[0.04729817062616348, 0.4515519142150879, 0.5011499524116516]
[0.24298635125160217, 0.548041820526123, 0.2089718133211136]
[0.5713218450546265, 0.38754284381866455, 0.04113541916012764]
[0.822598934173584, 0.1678454577922821, 0.009555559605360031]
[0.5134353637695312, 0.38234955072402954, 0.10421506315469742]
[0.004676322918385267, 0.09308270364999771, 0.9022409915924072]
[0.068278469145298, 0.19276416301727295, 0.7389573454856873]
[0.5800167918205261, 0.3388846218585968, 0.08109854906797409]
[0.035834114998579025, 0.3650260269641876, 0.5991398096084595]
[0.052527718245983124, 0.5568163394927979, 0.3906559348106384]
[0.008811005391180515, 0.08085520565509796, 0.9103338122367859]
[0.006430600769817829, 0.0897437334060669, 0.9038257002830505]
[0.002825785893946886, 0.14484071731567383, 0.8523334860801697]
[0.032868318259716034, 0.17765158414840698, 0.7894800901412964]
[0.03322450444102287, 0.5402822494506836, 0.42649322748184204]
[0.045403849333524704, 0.43494880199432373, 0.5196473002433777]
[0.0369892418384552, 0.45180320739746094, 0.5112075805664062]
[0.768343985080719, 0.2109624296426773, 0.020693590864539146]
[0.0584016889333725, 0.7568501830101013, 0.18474814295768738]
[0.05836978554725647, 0.5681608319282532, 0.37346938252449036]
[0.1358983963727951, 0.4899677634239197, 0.374133825302124]
[0.11626515537500381, 0.6527739763259888, 0.23096081614494324]
[0.020075835287570953, 0.2934965193271637, 0.6864275932312012]
[0.73478764295578, 0.25220951437950134, 0.013002881780266762]
[0.504266619682312, 0.37870559096336365, 0.11702785640954971]
[0.5085829496383667, 0.44469887018203735, 0.04671813175082207]
[0.6417348384857178, 0.32420188188552856, 0.03406322002410889]
[0.2824697196483612, 0.5430418252944946, 0.1744883954524994]
[0.005528988316655159, 0.1943313181400299, 0.8001397252082825]
[0.2899315059185028, 0.4177134335041046, 0.29235509037971497]
[0.01687021367251873, 0.2158421277999878, 0.7672876715660095]
[0.19836048781871796, 0.6313964128494263, 0.17024317383766174]
[0.2269783467054367, 0.6025309562683105, 0.17049075663089752]
[0.03446055203676224, 0.6073282361030579, 0.3582112789154053]
[0.11837122589349747, 0.6910223960876465, 0.19060641527175903]
[0.021461689844727516, 0.25013267993927, 0.7284056544303894]
[0.4624979794025421, 0.4597506523132324, 0.07775136083364487]
[0.27060335874557495, 0.5998128652572632, 0.12958373129367828]
[0.6927044987678528, 0.26614880561828613, 0.04114673659205437]
[0.4992508292198181, 0.41728776693344116, 0.08346143364906311]
[0.28251388669013977, 0.5974908471107483, 0.11999525874853134]
[0.09286551177501678, 0.44266241788864136, 0.46447205543518066]
[0.4139247238636017, 0.5387277007102966, 0.04734760522842407]
[0.055626723915338516, 0.2988107204437256, 0.6455625891685486]
[0.07211114466190338, 0.762941300868988, 0.16494767367839813]
[0.19275760650634766, 0.7289031744003296, 0.078339122235775]
[0.23447644710540771, 0.7072012424468994, 0.05832235515117645]
[0.012639565393328667, 0.5148605704307556, 0.4724998474121094]
[0.4167250990867615, 0.4634382128715515, 0.11983674764633179]
[0.5104688405990601, 0.3515564203262329, 0.13797473907470703]
[0.6103940606117249, 0.30508503317832947, 0.08452087640762329]
[0.3748956024646759, 0.5198230147361755, 0.10528139770030975]
[0.13576960563659668, 0.25649523735046387, 0.6077351570129395]
[0.05570119991898537, 0.3176686465740204, 0.6266301870346069]
[0.05854383856058121, 0.14310553669929504, 0.7983505725860596]
[0.3283178508281708, 0.5710488557815552, 0.10063327848911285]
[0.45298269391059875, 0.445122629404068, 0.10189466923475266]
[0.3569624125957489, 0.4622155725955963, 0.1808219999074936]
[0.0808781310915947, 0.5219869017601013, 0.3971349596977234]
[0.7286023497581482, 0.2432025969028473, 0.02819511666893959]
[0.02855982631444931, 0.2558786869049072, 0.7155615091323853]
[0.001977702835574746, 0.010951126925647259, 0.9870712161064148]
[0.010784278623759747, 0.07879524677991867, 0.9104204773902893]
[0.004758680704981089, 0.05614153668284416, 0.9390997290611267]
[0.03102751448750496, 0.23310984671115875, 0.735862672328949]
[0.16945715248584747, 0.4700441360473633, 0.36049872636795044]
[0.060537997633218765, 0.37191927433013916, 0.5675426721572876]
[0.12678289413452148, 0.5552493929862976, 0.3179677426815033]
[0.25333791971206665, 0.5718926787376404, 0.17476943135261536]
[0.32180824875831604, 0.4621274173259735, 0.21606428921222687]
[0.066160187125206, 0.8550928831100464, 0.0787469670176506]
[0.06286629289388657, 0.40502673387527466, 0.5321069955825806]
[0.44189947843551636, 0.45679381489753723, 0.10130669176578522]
[0.39238789677619934, 0.5194377899169922, 0.08817429840564728]
[0.04718412086367607, 0.44641098380088806, 0.5064048767089844]
[0.19820095598697662, 0.5519682168960571, 0.24983082711696625]
[0.3080455958843231, 0.6170529127120972, 0.07490146160125732]
[0.0029591417405754328, 0.014025849290192127, 0.9830150604248047]
[0.42475074529647827, 0.427726686000824, 0.14752258360385895]
[0.41543254256248474, 0.45251011848449707, 0.1320573389530182]
[0.11505397409200668, 0.7218338251113892, 0.16311217844486237]
[0.7832483053207397, 0.2033752053976059, 0.013376541435718536]
[0.0596386082470417, 0.6865026354789734, 0.253858745098114]
[0.022214004769921303, 0.6457752585411072, 0.3320106565952301]
[0.01894824206829071, 0.17992278933525085, 0.8011289834976196]
[0.025553332641720772, 0.4461357891559601, 0.5283108353614807]
[0.29417264461517334, 0.6255748271942139, 0.08025254309177399]
[0.10338593274354935, 0.5043852925300598, 0.39222875237464905]
[0.08643211424350739, 0.5233302116394043, 0.39023759961128235]
[0.6900469660758972, 0.2511698007583618, 0.05878323316574097]
[0.03732496500015259, 0.22295209765434265, 0.7397229075431824]
[0.021854303777217865, 0.22877442836761475, 0.749371349811554]
[0.4716026782989502, 0.37845632433891296, 0.14994096755981445]
[0.24845761060714722, 0.617340624332428, 0.13420170545578003]
[0.21372845768928528, 0.48062431812286377, 0.30564722418785095]
[0.48463723063468933, 0.43908122181892395, 0.0762816071510315]
[0.055021051317453384, 0.1982596218585968, 0.7467193603515625]
[0.03133784234523773, 0.210575133562088, 0.7580869793891907]
[0.0044448948465287685, 0.11576123535633087, 0.8797939419746399]
[0.26945534348487854, 0.40550678968429565, 0.3250378370285034]
[0.008952246978878975, 0.07667723298072815, 0.9143705368041992]
[0.2154308557510376, 0.4111631512641907, 0.3734060525894165]
[0.7165886163711548, 0.21134084463119507, 0.07207055389881134]
[0.18585556745529175, 0.5361902713775635, 0.2779541611671448]
[0.28069183230400085, 0.5838916301727295, 0.13541655242443085]
[0.04421790689229965, 0.2734561562538147, 0.6823259592056274]
[0.21784281730651855, 0.6496011018753052, 0.13255612552165985]
[0.19371552765369415, 0.5036382079124451, 0.3026462197303772]
[0.3031685948371887, 0.6068466901779175, 0.08998474478721619]
[0.05175178870558739, 0.3840087056159973, 0.5642395615577698]
[0.05959048867225647, 0.24994134902954102, 0.6904681324958801]
[0.023267671465873718, 0.09734933823347092, 0.8793830275535583]
[0.7316560745239258, 0.2481706440448761, 0.02017330192029476]
[0.0707210823893547, 0.272286981344223, 0.6569919586181641]
[0.7454767227172852, 0.21787650883197784, 0.03664671629667282]
[0.0028784670867025852, 0.029314637184143066, 0.9678069353103638]
[0.04697003588080406, 0.24240009486675262, 0.7106298804283142]
[0.053565166890621185, 0.49314695596694946, 0.45328789949417114]
[0.0951332077383995, 0.7196199297904968, 0.18524684011936188]
[0.5008690357208252, 0.3901638686656952, 0.10896705836057663]
[0.7182510495185852, 0.26155588030815125, 0.020193010568618774]
[0.6207707524299622, 0.320059597492218, 0.059169668704271317]
[0.6639726161956787, 0.2940688729286194, 0.04195857420563698]
[0.608649730682373, 0.3308263421058655, 0.06052395701408386]
[0.6088136434555054, 0.34484151005744934, 0.046344876289367676]
[0.0185290165245533, 0.11577419191598892, 0.8656967878341675]
[0.5154560208320618, 0.37159642577171326, 0.11294747143983841]
[0.2794257402420044, 0.613368570804596, 0.10720568895339966]
[0.6512516736984253, 0.31226977705955505, 0.036478590220212936]
[0.6147695183753967, 0.3625872731208801, 0.022643208503723145]
[0.14332206547260284, 0.37344539165496826, 0.4832325577735901]
[0.46811825037002563, 0.3958199918270111, 0.13606174290180206]
[0.8396382927894592, 0.13923828303813934, 0.021123399958014488]
[0.10813169926404953, 0.6772723197937012, 0.21459601819515228]
[0.31139835715293884, 0.4400539696216583, 0.24854768812656403]
[0.49542954564094543, 0.38393402099609375, 0.1206364780664444]
[0.014362051151692867, 0.17750433087348938, 0.808133602142334]
[0.17742478847503662, 0.48362627625465393, 0.33894896507263184]
[0.014524349011480808, 0.0845717117190361, 0.9009038805961609]
[0.43873193860054016, 0.5186257362365723, 0.04264232888817787]
[0.2581099569797516, 0.4203009307384491, 0.32158908247947693]
[0.1671372801065445, 0.6350311040878296, 0.19783160090446472]
[0.013629814609885216, 0.18871404230594635, 0.7976561188697815]
[0.058098118752241135, 0.6967254877090454, 0.24517640471458435]
[0.003287684638053179, 0.05421360209584236, 0.9424986839294434]
[0.4114310145378113, 0.48627182841300964, 0.10229712724685669]
[0.35753801465034485, 0.5884153246879578, 0.054046690464019775]
[0.0638052374124527, 0.6364898681640625, 0.299704909324646]
[0.009414956904947758, 0.05278395488858223, 0.9378010630607605]
[0.07371793687343597, 0.3826739490032196, 0.5436081290245056]
[0.06109520047903061, 0.7315800189971924, 0.20732471346855164]
[0.5590513348579407, 0.3803096115589142, 0.06063904985785484]
[0.1151152104139328, 0.7180449962615967, 0.1668398082256317]
[0.1899740993976593, 0.6682769060134888, 0.14174893498420715]
[0.5011410117149353, 0.4272195100784302, 0.07163950800895691]
[0.41720664501190186, 0.5322125554084778, 0.05058075487613678]
[0.1256873458623886, 0.8113694787025452, 0.06294313073158264]
[0.1861409693956375, 0.6235421895980835, 0.19031676650047302]
[0.2976999878883362, 0.5819352269172668, 0.1203647032380104]
[0.6062689423561096, 0.3494425415992737, 0.04428854212164879]
[0.5635083317756653, 0.3912893831729889, 0.045202262699604034]
[0.5381265878677368, 0.41904109716415405, 0.04283230006694794]
[0.8078822493553162, 0.1775665432214737, 0.014551271684467793]
[0.5927554368972778, 0.3451094627380371, 0.06213510408997536]
[0.9348452091217041, 0.06129024177789688, 0.0038646359462291002]
[0.8701751232147217, 0.12181100994348526, 0.008013897575438023]
[0.3351767361164093, 0.4966221749782562, 0.16820110380649567]
[0.8695686459541321, 0.1203918531537056, 0.010039455257356167]
[0.8899182677268982, 0.09359430521726608, 0.01648746244609356]
[0.606711208820343, 0.346716970205307, 0.04657181352376938]
[0.018506988883018494, 0.23136629164218903, 0.7501266598701477]
[0.7025419473648071, 0.2764909863471985, 0.02096700295805931]
[0.3421765863895416, 0.551821231842041, 0.10600216686725616]
[0.07816088199615479, 0.5082480907440186, 0.41359105706214905]
[0.11805236339569092, 0.3163955807685852, 0.5655519962310791]
[0.48971322178840637, 0.42748555541038513, 0.0828012228012085]
[0.08751291781663895, 0.4472275674343109, 0.4652595818042755]
[0.03829709067940712, 0.33388566970825195, 0.6278171539306641]
[0.04768085852265358, 0.35849133133888245, 0.5938277244567871]
[0.013171198777854443, 0.12011025100946426, 0.8667185306549072]
[0.1425214260816574, 0.5817896723747253, 0.27568888664245605]
[0.048877958208322525, 0.2639828324317932, 0.6871392130851746]
[0.13450372219085693, 0.740825355052948, 0.12467088550329208]
[0.6983346343040466, 0.2796931266784668, 0.021972259506583214]
[0.21156257390975952, 0.6867191195487976, 0.1017182469367981]
[0.20034244656562805, 0.7059633135795593, 0.09369422495365143]
[0.5723386406898499, 0.3755930960178375, 0.052068185061216354]
[0.3469141125679016, 0.5791078209877014, 0.07397810369729996]
[0.9436794519424438, 0.05224800854921341, 0.004072593525052071]
[0.6763217449188232, 0.28377583622932434, 0.039902471005916595]
[0.17436951398849487, 0.4957135319709778, 0.32991692423820496]
[0.05043911188840866, 0.35742419958114624, 0.5921366214752197]
[0.7273604869842529, 0.252052903175354, 0.02058662846684456]
[0.09701116383075714, 0.4738743007183075, 0.42911460995674133]
[0.03619103506207466, 0.404985636472702, 0.5588233470916748]
[0.03443228825926781, 0.21646209061145782, 0.7491056323051453]
[0.0037920959293842316, 0.05912809818983078, 0.9370797872543335]
[0.006288121920078993, 0.08308219164609909, 0.9106296896934509]
[0.08670876920223236, 0.5936076045036316, 0.31968364119529724]
[0.3895278573036194, 0.46573591232299805, 0.14473621547222137]
[0.2339698076248169, 0.41280248761177063, 0.3532276749610901]
[0.007349288556724787, 0.10899791121482849, 0.8836528062820435]
[0.05140966176986694, 0.8435899019241333, 0.10500042140483856]
[0.09104229509830475, 0.2630619406700134, 0.645895779132843]
[0.15868128836154938, 0.6032402515411377, 0.2380785346031189]
[0.014931238256394863, 0.07299566268920898, 0.9120730757713318]
[0.139288067817688, 0.6362265944480896, 0.2244853973388672]
[0.003807229222729802, 0.22921225428581238, 0.7669804692268372]
[0.003048565238714218, 0.02334367111325264, 0.9736077189445496]
[0.29381608963012695, 0.5727967619895935, 0.13338716328144073]
[0.23163758218288422, 0.6164388060569763, 0.15192356705665588]
[0.3391866683959961, 0.5774622559547424, 0.08335104584693909]
[0.2677384316921234, 0.6483767032623291, 0.08388485759496689]
[0.5663763880729675, 0.39001378417015076, 0.04360983893275261]
[0.42345723509788513, 0.5035908222198486, 0.07295190542936325]
[0.4326789379119873, 0.4947770833969116, 0.07254403829574585]
[0.7250624299049377, 0.2525179982185364, 0.022419599816203117]
[0.030738165602087975, 0.571943461894989, 0.3973183035850525]
[0.08217770606279373, 0.5458428859710693, 0.3719794750213623]
[0.4185790717601776, 0.4729958176612854, 0.10842514038085938]
[0.40574467182159424, 0.5227352976799011, 0.07152004539966583]
[0.16208577156066895, 0.6223959922790527, 0.21551822125911713]
[0.4418467581272125, 0.3653176724910736, 0.19283559918403625]
[0.013062870129942894, 0.24490369856357574, 0.7420334219932556]
[0.03404462710022926, 0.47336262464523315, 0.4925927221775055]
[0.03240184858441353, 0.21454045176506042, 0.7530577182769775]
[0.14533795416355133, 0.432744562625885, 0.4219174087047577]
[0.0562145859003067, 0.5172496438026428, 0.42653581500053406]
[0.34234941005706787, 0.5386176705360413, 0.1190328598022461]
[0.02023819275200367, 0.13460038602352142, 0.8451613783836365]
[0.03893037885427475, 0.4161737859249115, 0.5448958277702332]
[0.017235267907381058, 0.16669142246246338, 0.8160732388496399]
[0.13186034560203552, 0.6102163195610046, 0.25792333483695984]
[0.2506028413772583, 0.6098154187202454, 0.13958168029785156]
[0.7415251135826111, 0.23111283779144287, 0.027362018823623657]
[0.7462016344070435, 0.22159168124198914, 0.03220668435096741]
[0.0665677860379219, 0.5015206336975098, 0.43191152811050415]
[0.19220955669879913, 0.6927984356880188, 0.11499201506376266]
[0.6275256872177124, 0.3180634677410126, 0.054410893470048904]
[0.2708543837070465, 0.5988990664482117, 0.13024652004241943]
[0.568501353263855, 0.3434581458568573, 0.08804041147232056]
[0.24129565060138702, 0.5806971192359924, 0.17800714075565338]
[0.5639526844024658, 0.35800424218177795, 0.07804311066865921]
[0.05387169122695923, 0.598709225654602, 0.34741905331611633]
[0.09588105976581573, 0.5252160429954529, 0.3789028823375702]
[0.3288092315196991, 0.4982275366783142, 0.17296332120895386]
[0.11308817565441132, 0.5334979295730591, 0.35341396927833557]
[0.00885569117963314, 0.055568989366292953, 0.9355753660202026]
[0.0172145776450634, 0.06839417666196823, 0.914391279220581]
[0.38579314947128296, 0.486030250787735, 0.12817662954330444]
[0.03770187497138977, 0.18056771159172058, 0.7817304730415344]
[0.020936081185936928, 0.3226560652256012, 0.6564078330993652]
[0.2837182283401489, 0.42750799655914307, 0.2887737452983856]
[0.06038658320903778, 0.38935381174087524, 0.5502596497535706]
[0.13632383942604065, 0.5519008636474609, 0.3117753267288208]
[0.2318601757287979, 0.43251466751098633, 0.33562523126602173]
[0.07659810036420822, 0.376642107963562, 0.546759843826294]
[0.8465759754180908, 0.12902560830116272, 0.02439839020371437]
