[0.048565223813056946, 0.1546255499124527, 0.796809196472168]
[0.36842331290245056, 0.3630574941635132, 0.2685192823410034]
[0.1900828629732132, 0.3817123472690582, 0.42820483446121216]
[0.4753357768058777, 0.47222957015037537, 0.05243465676903725]
[0.793528139591217, 0.17957711219787598, 0.026894714683294296]
[0.9138356447219849, 0.08042839914560318, 0.005735957063734531]
[0.23581473529338837, 0.49371373653411865, 0.27047157287597656]
[0.12021670490503311, 0.38474777340888977, 0.4950355589389801]
[0.377364844083786, 0.3869258165359497, 0.23570936918258667]
[0.3407745659351349, 0.43592604994773865, 0.22329935431480408]
[0.023873331025242805, 0.4172004759311676, 0.5589261651039124]
[0.028172774240374565, 0.14998464286327362, 0.8218425512313843]
[0.029286827892065048, 0.2824181914329529, 0.6882950067520142]
[0.6311025023460388, 0.3134821355342865, 0.05541541427373886]
[0.28051504492759705, 0.5478637218475342, 0.1716212034225464]
[0.02345484122633934, 0.15839257836341858, 0.8181525468826294]
[0.0048995427787303925, 0.1665794998407364, 0.8285209536552429]
[0.07675275951623917, 0.3844558894634247, 0.5387914180755615]
[0.07523303478956223, 0.483215868473053, 0.441551148891449]
[0.2298385202884674, 0.6788628101348877, 0.0912986472249031]
[0.015613231807947159, 0.46046075224876404, 0.5239260196685791]
[0.13734281063079834, 0.49233734607696533, 0.37031981348991394]
[0.3091493546962738, 0.5306611657142639, 0.16018949449062347]
[0.010424897074699402, 0.16589714586734772, 0.8236779570579529]
[0.1310747116804123, 0.5187132358551025, 0.350212037563324]
[0.8131146430969238, 0.17217108607292175, 0.014714318327605724]
[0.009035952389240265, 0.081151582300663, 0.9098124504089355]
[0.031257256865501404, 0.5504941940307617, 0.4182485044002533]
[0.14673663675785065, 0.6107119917869568, 0.2425513118505478]
[0.14760412275791168, 0.7027114033699036, 0.14968454837799072]
[0.0156546663492918, 0.13166500627994537, 0.8526803851127625]
[0.19062907993793488, 0.725719690322876, 0.08365123718976974]
[0.2082403302192688, 0.36046481132507324, 0.4312947988510132]
[0.005664081312716007, 0.07636304199695587, 0.9179729223251343]
[0.28341561555862427, 0.6199162602424622, 0.09666804224252701]
[0.18966780602931976, 0.5936383008956909, 0.21669387817382812]
[0.1718442589044571, 0.4485611319541931, 0.37959468364715576]
[0.018110036849975586, 0.23461289703845978, 0.7472770810127258]
[0.004373673349618912, 0.1313512921333313, 0.8642750382423401]
[0.0032660551369190216, 0.0813809260725975, 0.915353000164032]
[0.1738707423210144, 0.5190016627311707, 0.30712756514549255]
[0.005336475092917681, 0.06801401078701019, 0.9266495108604431]
