[0.44796791672706604, 0.40951821208000183, 0.14251384139060974]
[0.07375499606132507, 0.40434563159942627, 0.521899402141571]
[0.012345231138169765, 0.13959123194217682, 0.848063588142395]
[0.02465217374265194, 0.17864631116390228, 0.7967014908790588]
[0.28868916630744934, 0.5391252040863037, 0.17218564450740814]
[0.04603171348571777, 0.7139410972595215, 0.24002715945243835]
[0.04078998044133186, 0.20422454178333282, 0.7549854516983032]
[0.16201001405715942, 0.3596615195274353, 0.4783284664154053]
[0.16652458906173706, 0.6186439394950867, 0.21483151614665985]
[0.04577672481536865, 0.5250312685966492, 0.42919206619262695]
[0.32703694701194763, 0.5830150842666626, 0.08994804322719574]
[0.14738859236240387, 0.5606112480163574, 0.2920002043247223]
[0.01657499372959137, 0.31559276580810547, 0.6678323149681091]
[0.09130028635263443, 0.4159494638442993, 0.49275025725364685]
[0.0051151602528989315, 0.0884101614356041, 0.9064746499061584]
[0.508527934551239, 0.37877482175827026, 0.11269719898700714]
[0.49891552329063416, 0.4166945815086365, 0.08438994735479355]
[0.07672049105167389, 0.36476418375968933, 0.5585153698921204]
[0.09022112935781479, 0.58621746301651, 0.32356134057044983]
[0.3880108594894409, 0.5069385170936584, 0.10505066066980362]
[0.03474022075533867, 0.3616575598716736, 0.6036021709442139]
[0.3397965431213379, 0.36027297377586365, 0.29993054270744324]
[0.078159861266613, 0.34100568294525146, 0.5808343887329102]
[0.27183109521865845, 0.5107702612876892, 0.21739858388900757]
[0.2414223849773407, 0.4851278066635132, 0.27344977855682373]
[0.1079343929886818, 0.67612224817276, 0.21594329178333282]
[0.3039235770702362, 0.44596466422080994, 0.2501116991043091]
[0.5142776966094971, 0.42786481976509094, 0.05785749480128288]
[0.35358211398124695, 0.48283180594444275, 0.16358602046966553]
[0.3288941979408264, 0.4061717092990875, 0.26493415236473083]
[0.014632100239396095, 0.09591104835271835, 0.8894568681716919]
[0.49598488211631775, 0.4534675180912018, 0.05054770037531853]
[0.39318838715553284, 0.47139400243759155, 0.135417640209198]
[0.20677369832992554, 0.5510122776031494, 0.24221399426460266]
[0.014757441356778145, 0.1354631632566452, 0.8497794270515442]
[0.048813093453645706, 0.5421621203422546, 0.40902483463287354]
[0.007122782524675131, 0.04171713441610336, 0.9511600732803345]
[0.08092648535966873, 0.22316275537014008, 0.6959106922149658]
[0.4673537015914917, 0.39986249804496765, 0.13278383016586304]
[0.4963524043560028, 0.41587403416633606, 0.08777353912591934]
[0.06657104939222336, 0.25605112314224243, 0.6773778200149536]
[0.10744192451238632, 0.24199770390987396, 0.6505603194236755]
[0.0013063946971669793, 0.03525359928607941, 0.9634400606155396]
[0.021695775911211967, 0.20854170620441437, 0.7697625160217285]
