[0.5159903764724731, 0.4366456866264343, 0.04736389219760895]
[0.30944421887397766, 0.6329866647720337, 0.05756907910108566]
[0.2640388607978821, 0.6371506452560425, 0.09881053864955902]
[0.2159375697374344, 0.5021938681602478, 0.281868577003479]
[0.8875144124031067, 0.10238508135080338, 0.010100540705025196]
[0.7288690209388733, 0.24712972342967987, 0.02400130033493042]
[0.0665874034166336, 0.3956090211868286, 0.5378035306930542]
[0.01863444782793522, 0.40341973304748535, 0.5779458284378052]
[0.05054148659110069, 0.3783138692378998, 0.571144700050354]
[0.4751092493534088, 0.44592759013175964, 0.07896316051483154]
[0.4324353337287903, 0.5002605319023132, 0.06730422377586365]
[0.18554967641830444, 0.5118553638458252, 0.30259495973587036]
[0.07252415269613266, 0.41919100284576416, 0.508284866809845]
[0.09835696220397949, 0.3892861604690552, 0.5123568773269653]
[0.07780689001083374, 0.4577951729297638, 0.46439796686172485]
[0.01427618321031332, 0.09261396527290344, 0.893109917640686]
[0.008311571553349495, 0.11519808322191238, 0.8764903545379639]
[0.008679377846419811, 0.19200527667999268, 0.799315333366394]
[0.3186798095703125, 0.5101851224899292, 0.17113499343395233]
[0.6567853689193726, 0.2938103973865509, 0.04940420389175415]
[0.2630184292793274, 0.46695834398269653, 0.2700232267379761]
[0.4811772406101227, 0.47310271859169006, 0.04572012647986412]
[0.053376976400613785, 0.28201618790626526, 0.6646068692207336]
[0.22641456127166748, 0.4767138659954071, 0.2968716025352478]
[0.5578609704971313, 0.3267868161201477, 0.11535228788852692]
[0.03831768035888672, 0.41671454906463623, 0.544967770576477]
[0.9266337752342224, 0.06697370857000351, 0.006392473820596933]
[0.2783074378967285, 0.640740692615509, 0.08095191419124603]
[0.30189818143844604, 0.5374414920806885, 0.1606602966785431]
[0.1339734047651291, 0.4364672303199768, 0.4295593798160553]
[0.06964395940303802, 0.2909436523914337, 0.6394123435020447]
[0.24379278719425201, 0.6382789611816406, 0.11792828142642975]
[0.004782451316714287, 0.03927392512559891, 0.9559436440467834]
[0.0038011805154383183, 0.03139001503586769, 0.9648087620735168]
[0.053842347115278244, 0.25588467717170715, 0.6902729868888855]
