[0.02240576408803463, 0.15697385370731354, 0.8206203579902649]
[0.14379510283470154, 0.6321484446525574, 0.2240563929080963]
[0.37417513132095337, 0.5562607049942017, 0.06956416368484497]
[0.017530638724565506, 0.148923859000206, 0.8335455060005188]
[0.5418156385421753, 0.40237027406692505, 0.055814146995544434]
[0.29142627120018005, 0.5312434434890747, 0.17733027040958405]
[0.03902886062860489, 0.3441305160522461, 0.6168406009674072]
[0.6767756938934326, 0.29671457409858704, 0.02650974877178669]
[0.4165078401565552, 0.5038484334945679, 0.07964377105236053]
[0.3555844724178314, 0.564113438129425, 0.08030208200216293]
[0.41646140813827515, 0.49486494064331055, 0.08867362886667252]
[0.15973597764968872, 0.7376856207847595, 0.10257844626903534]
[0.1015339344739914, 0.7207973599433899, 0.17766863107681274]
[0.2211877554655075, 0.6478641629219055, 0.13094812631607056]
[0.612977921962738, 0.33971232175827026, 0.047309812158346176]
[0.20769762992858887, 0.7117387056350708, 0.0805637314915657]
[0.31795161962509155, 0.5575835108757019, 0.12446485459804535]
[0.1953323483467102, 0.4943862855434418, 0.3102814257144928]
[0.02963237464427948, 0.36054420471191406, 0.60982346534729]
[0.3370354473590851, 0.593345046043396, 0.06961944699287415]
[0.07619672268629074, 0.6292290687561035, 0.29457420110702515]
[0.023662690073251724, 0.5214546918869019, 0.4548826217651367]
[0.27536675333976746, 0.5628323554992676, 0.161800816655159]
[0.5031283497810364, 0.45518940687179565, 0.04168226197361946]
[0.3756803870201111, 0.5207723379135132, 0.10354726016521454]
[0.013286631554365158, 0.12574119865894318, 0.8609721064567566]
[0.5605815052986145, 0.3907415568828583, 0.048676908016204834]
[0.28416210412979126, 0.45485955476760864, 0.2609784007072449]
[0.04476216062903404, 0.5119544267654419, 0.44328343868255615]
[0.6318219900131226, 0.31807786226272583, 0.05010014399886131]
[0.11090071499347687, 0.6263635158538818, 0.2627357542514801]
[0.7447735667228699, 0.23048703372478485, 0.024739447981119156]
[0.7511117458343506, 0.21359485387802124, 0.03529343381524086]
[0.6097719073295593, 0.3465067148208618, 0.04372144490480423]
[0.22471995651721954, 0.5870987176895142, 0.1881812959909439]
[0.4654462933540344, 0.5008760094642639, 0.03367764130234718]
[0.36368682980537415, 0.5023592710494995, 0.13395383954048157]
[0.5167419910430908, 0.38321414589881897, 0.10004384815692902]
[0.18450279533863068, 0.5391459465026855, 0.27635130286216736]
[0.030824264511466026, 0.3568819463253021, 0.6122937798500061]
[0.22828508913516998, 0.6424626111984253, 0.12925229966640472]
[0.7038010954856873, 0.2753542959690094, 0.020844580605626106]
[0.45838984847068787, 0.4976955056190491, 0.04391462728381157]
[0.9287922382354736, 0.06561455130577087, 0.0055933184921741486]
[0.14171820878982544, 0.542311429977417, 0.31597039103507996]
[0.02744261547923088, 0.3703952431678772, 0.6021621227264404]
[0.0071568917483091354, 0.19332773983478546, 0.7995153665542603]
[0.10642477869987488, 0.5159998536109924, 0.3775753378868103]
[0.38076215982437134, 0.5587397813796997, 0.060498036444187164]
[0.8177300691604614, 0.17077933251857758, 0.011490564793348312]
[0.2930176258087158, 0.6660727262496948, 0.04090963304042816]
[0.10153660178184509, 0.6996335983276367, 0.19882981479167938]
[0.43858781456947327, 0.501916229724884, 0.05949598178267479]
[0.5656771659851074, 0.4035545289516449, 0.030768269672989845]
[0.4087327718734741, 0.5549436807632446, 0.03632354736328125]
[0.48112237453460693, 0.4726392328739166, 0.04623847082257271]
[0.040944796055555344, 0.444011926651001, 0.515043318271637]
[0.8704347610473633, 0.11871407181024551, 0.010851140134036541]
[0.36149874329566956, 0.5737947821617126, 0.06470654159784317]
[0.013148046098649502, 0.1907162368297577, 0.7961357235908508]
[0.5561962127685547, 0.3736151158809662, 0.07018864154815674]
[0.12725929915905, 0.6773363947868347, 0.1954042911529541]
[0.5119879841804504, 0.4527284502983093, 0.03528353571891785]
[0.059195708483457565, 0.457459956407547, 0.48334431648254395]
[0.591670572757721, 0.38354817032814026, 0.02478129044175148]
[0.6984280943870544, 0.28065910935401917, 0.02091277576982975]
[0.5131474733352661, 0.4553983509540558, 0.03145420551300049]
[0.9358673691749573, 0.059672240167856216, 0.004460293799638748]
[0.7024303674697876, 0.257057785987854, 0.040511857718229294]
[0.013736164197325706, 0.31622806191444397, 0.6700357794761658]
[0.006611989811062813, 0.10728438198566437, 0.8861035704612732]
[0.3232012689113617, 0.5779509544372559, 0.09884776920080185]
[0.30649620294570923, 0.4802785813808441, 0.21322523057460785]
[0.05077201873064041, 0.8252606987953186, 0.12396733462810516]
[0.17912420630455017, 0.6451092958450317, 0.17576651275157928]
[0.7708864212036133, 0.19812175631523132, 0.030991824343800545]
[0.699052631855011, 0.2609553933143616, 0.039991918951272964]
[0.4215922951698303, 0.39505958557128906, 0.183348149061203]
[0.014483022503554821, 0.10270635038614273, 0.882810652256012]
[0.09223905205726624, 0.4840419590473175, 0.42371904850006104]
[0.07058760523796082, 0.3167964816093445, 0.6126159429550171]
[0.3411290943622589, 0.5806291699409485, 0.07824172079563141]
[0.009314194321632385, 0.8141897916793823, 0.17649605870246887]
[0.7502599954605103, 0.22641333937644958, 0.02332664094865322]
[0.25721830129623413, 0.6799842715263367, 0.06279740482568741]
[0.6163039207458496, 0.35606810450553894, 0.027627989649772644]
[0.39930012822151184, 0.5142717361450195, 0.086428202688694]
[0.3919985890388489, 0.5177745819091797, 0.0902269035577774]
[0.13029932975769043, 0.6923065185546875, 0.17739415168762207]
[0.018846774473786354, 0.8234628438949585, 0.15769030153751373]
[0.4948791265487671, 0.45529618859291077, 0.04982469230890274]
[0.2565966248512268, 0.5666976571083069, 0.17670567333698273]
[0.10593129694461823, 0.7045434713363647, 0.18952523171901703]
[0.2568816542625427, 0.6436052918434143, 0.09951302409172058]
[0.018562979996204376, 0.3872915804386139, 0.5941454172134399]
[0.0030209829565137625, 0.021622581407427788, 0.9753564596176147]
[0.05878189206123352, 0.41228851675987244, 0.528929591178894]
[0.48102325201034546, 0.4454004168510437, 0.07357632368803024]
[0.05061107128858566, 0.4134357273578644, 0.535953164100647]
[0.6022721529006958, 0.3426264226436615, 0.05510147660970688]
[0.12666858732700348, 0.19205576181411743, 0.6812756061553955]
[0.0026910356245934963, 0.0388558954000473, 0.9584529995918274]
[0.002448135055601597, 0.02389715611934662, 0.9736547470092773]
[0.0029469768051058054, 0.05359585955739021, 0.9434571862220764]
[0.0040452852845191956, 0.05569947510957718, 0.9402552843093872]
[0.029477661475539207, 0.16634617745876312, 0.8041762113571167]
[0.45796194672584534, 0.43416333198547363, 0.10787472873926163]
[0.8112061619758606, 0.1733352690935135, 0.015458637848496437]
[0.344980388879776, 0.5811743140220642, 0.0738452598452568]
[0.056652721017599106, 0.36856985092163086, 0.5747774243354797]
[0.48787370324134827, 0.4638175666332245, 0.04830872267484665]
[0.6060209274291992, 0.35572782158851624, 0.038251180201768875]
[0.3042236864566803, 0.6059175729751587, 0.08985879272222519]
[0.12413264065980911, 0.5408626198768616, 0.3350047767162323]
[0.19553159177303314, 0.6717413663864136, 0.1327270269393921]
[0.5491940975189209, 0.4143105149269104, 0.03649534285068512]
[0.2569730877876282, 0.5702555179595947, 0.17277133464813232]
[0.6656655669212341, 0.3209461271762848, 0.013388367369771004]
[0.17467597126960754, 0.47487661242485046, 0.3504473567008972]
[0.190350741147995, 0.4905710518360138, 0.3190781772136688]
[0.7247456312179565, 0.2646370232105255, 0.010617338120937347]
[0.6046105027198792, 0.318177729845047, 0.07721173763275146]
[0.5207553505897522, 0.4135822057723999, 0.0656624585390091]
[0.6533933281898499, 0.305651992559433, 0.0409545972943306]
[0.6653001308441162, 0.2652067542076111, 0.06949301809072495]
[0.5312663316726685, 0.4217361807823181, 0.04699743539094925]
[0.6446405649185181, 0.3167620599269867, 0.038597311824560165]
[0.4146980047225952, 0.5066056847572327, 0.07869641482830048]
[0.6401289105415344, 0.3125055730342865, 0.047365475445985794]
[0.2634536921977997, 0.5962712168693542, 0.1402750164270401]
[0.69610995054245, 0.2839997708797455, 0.01989033818244934]
[0.6321201324462891, 0.3324389159679413, 0.03544102609157562]
[0.577812135219574, 0.3345468044281006, 0.08764110505580902]
[0.05585547909140587, 0.3894401490688324, 0.5547043681144714]
[0.14497196674346924, 0.4095079004764557, 0.4455201029777527]
[0.5484403967857361, 0.4034688472747803, 0.04809069260954857]
[0.10030066967010498, 0.691328227519989, 0.20837104320526123]
[0.026126429438591003, 0.3942055106163025, 0.5796681046485901]
[0.2182057648897171, 0.602288544178009, 0.17950569093227386]
[0.06607291847467422, 0.33649829030036926, 0.5974287986755371]
[0.21755562722682953, 0.5411145687103271, 0.24132981896400452]
[0.015781182795763016, 0.1630883663892746, 0.8211304545402527]
[0.0031736353412270546, 0.037299882620573044, 0.9595264196395874]
[0.0020521748811006546, 0.014875485561788082, 0.9830722808837891]
[0.10612466931343079, 0.49960365891456604, 0.39427170157432556]
[0.01388038881123066, 0.257724791765213, 0.7283948063850403]
[0.012800917960703373, 0.29035815596580505, 0.6968409419059753]
[0.003593397093936801, 0.23812134563922882, 0.7582852840423584]
[0.06058632582426071, 0.2880605161190033, 0.6513531804084778]
[0.36643144488334656, 0.5353884100914001, 0.09818010777235031]
[0.3408041000366211, 0.5606753826141357, 0.09852055460214615]
[0.2518828809261322, 0.674249529838562, 0.07386753708124161]
[0.4339654743671417, 0.4744919538497925, 0.09154250472784042]
[0.20742060244083405, 0.5470231175422668, 0.24555623531341553]
[0.47194477915763855, 0.491060346364975, 0.03699483349919319]
[0.3300601541996002, 0.5960354208946228, 0.07390439510345459]
[0.12517036497592926, 0.6151768565177917, 0.25965288281440735]
[0.6455889344215393, 0.27424317598342896, 0.08016784489154816]
[0.012354136444628239, 0.12348098307847977, 0.8641649484634399]
[0.48429927229881287, 0.4167463183403015, 0.09895432740449905]
[0.034448932856321335, 0.1333654522895813, 0.8321855664253235]
[0.612758457660675, 0.3473058044910431, 0.039935752749443054]
[0.5304960608482361, 0.43227657675743103, 0.03722739592194557]
[0.016878459602594376, 0.10689864307641983, 0.8762229681015015]
[0.026230640709400177, 0.19407954812049866, 0.7796898484230042]
[0.03999631851911545, 0.3803437650203705, 0.5796598792076111]
[0.7035191655158997, 0.2716373801231384, 0.024843446910381317]
[0.7057602405548096, 0.2518370449542999, 0.04240279644727707]
[0.5641405582427979, 0.39795616269111633, 0.03790324926376343]
[0.45583534240722656, 0.4860199987888336, 0.05814462527632713]
[0.409048855304718, 0.545868456363678, 0.04508267343044281]
[0.8328333497047424, 0.15546078979969025, 0.011705884709954262]
[0.24629177153110504, 0.6569678783416748, 0.09674035012722015]
[0.37244847416877747, 0.5224830508232117, 0.10506847500801086]
[0.2715029716491699, 0.5714883804321289, 0.15700867772102356]
[0.6233713030815125, 0.3523959219455719, 0.024232711642980576]
[0.5281527042388916, 0.39189162850379944, 0.07995563745498657]
[0.17074596881866455, 0.5781722068786621, 0.2510818541049957]
[0.1187487468123436, 0.2840138077735901, 0.5972374677658081]
[0.25915059447288513, 0.6573708653450012, 0.08347856253385544]
[0.02871529757976532, 0.23127798736095428, 0.740006685256958]
[0.03009643591940403, 0.25658681988716125, 0.7133166790008545]
[0.041034601628780365, 0.5884419083595276, 0.3705234229564667]
[0.00885629840195179, 0.1270827203989029, 0.8640609383583069]
[0.15147802233695984, 0.4546898305416107, 0.39383214712142944]
[0.05905565619468689, 0.3646019995212555, 0.5763422846794128]
[0.5727787017822266, 0.36133426427841187, 0.0658869817852974]
[0.578738808631897, 0.36334747076034546, 0.05791378393769264]
[0.07351263612508774, 0.7497001886367798, 0.1767871379852295]
[0.5450413227081299, 0.4078351557254791, 0.0471234992146492]
[0.47589388489723206, 0.46890881657600403, 0.05519729480147362]
[0.42600274085998535, 0.48586466908454895, 0.08813256770372391]
[0.1841108500957489, 0.6878204345703125, 0.1280687302350998]
[0.6224595308303833, 0.3399299383163452, 0.03761046379804611]
[0.2912582755088806, 0.6270092129707336, 0.08173254132270813]
[0.5032680034637451, 0.39218491315841675, 0.10454706847667694]
[0.47199538350105286, 0.4854107201099396, 0.04259384050965309]
[0.7443495988845825, 0.23917092382907867, 0.016479453071951866]
[0.42782652378082275, 0.5001121163368225, 0.07206127792596817]
[0.545391857624054, 0.4083918631076813, 0.046216271817684174]
[0.24005527794361115, 0.4441891610622406, 0.3157556354999542]
[0.3769131302833557, 0.43622252345085144, 0.18686436116695404]
[0.06172756478190422, 0.291614294052124, 0.646658182144165]
[0.4316396415233612, 0.435782790184021, 0.132577583193779]
[0.1205894723534584, 0.6690959930419922, 0.21031445264816284]
[0.5712143778800964, 0.38374173641204834, 0.04504388943314552]
[0.4633775055408478, 0.4405430853366852, 0.0960794985294342]
[0.07858186215162277, 0.5477318167686462, 0.3736863136291504]
[0.08678652346134186, 0.6346577405929565, 0.278555691242218]
[0.6571504473686218, 0.31740614771842957, 0.025443458929657936]
[0.599789559841156, 0.32681721448898315, 0.07339314371347427]
[0.7047448754310608, 0.2673534154891968, 0.027901696041226387]
[0.05751553177833557, 0.18985357880592346, 0.752630889415741]
[0.5846108794212341, 0.3678314983844757, 0.04755760356783867]
[0.033848222345113754, 0.4205087423324585, 0.5456429719924927]
[0.5217833518981934, 0.4068703353404999, 0.07134626805782318]
[0.2968776822090149, 0.6504572033882141, 0.05266503989696503]
[0.52527916431427, 0.4369695782661438, 0.037751227617263794]
[0.16337186098098755, 0.7330952882766724, 0.10353284329175949]
[0.21941372752189636, 0.6883704662322998, 0.09221575409173965]
[0.40201303362846375, 0.48126092553138733, 0.11672601103782654]
[0.15087838470935822, 0.6699736714363098, 0.17914795875549316]
[0.7245514392852783, 0.2375614494085312, 0.03788711130619049]
[0.25169339776039124, 0.6932379603385925, 0.05506860464811325]
[0.4366905689239502, 0.447810560464859, 0.1154988557100296]
[0.003611191874369979, 0.0341239869594574, 0.9622648358345032]
[0.013078935444355011, 0.036024171859025955, 0.9508969187736511]
[0.04379245266318321, 0.3377670347690582, 0.618440568447113]
[0.11102821677923203, 0.19197851419448853, 0.6969932317733765]
[0.001882881042547524, 0.014308851212263107, 0.9838082194328308]
[0.03908763453364372, 0.18754589557647705, 0.773366391658783]
[0.21371020376682281, 0.4579322338104248, 0.3283575177192688]
[0.20366892218589783, 0.7167261838912964, 0.07960487902164459]
[0.012709462083876133, 0.09843310713768005, 0.8888574242591858]
[0.37337526679039, 0.5135283470153809, 0.11309633404016495]
[0.07224353402853012, 0.4704364836215973, 0.4573199152946472]
[0.21447573602199554, 0.47791001200675964, 0.307614266872406]
[0.10890261083841324, 0.41288721561431885, 0.4782101809978485]
[0.14657889306545258, 0.6983514428138733, 0.15506966412067413]
[0.06935401260852814, 0.49487054347991943, 0.435775488615036]
[0.13032829761505127, 0.4264240264892578, 0.4432477056980133]
[0.12154961377382278, 0.5088837742805481, 0.36956658959388733]
[0.2980063557624817, 0.5247785449028015, 0.17721518874168396]
[0.008059793151915073, 0.03072945773601532, 0.9612107276916504]
[0.017440255731344223, 0.10069458186626434, 0.8818651437759399]
[0.8756938576698303, 0.1150837391614914, 0.009222389198839664]
[0.12243277579545975, 0.6476017236709595, 0.22996552288532257]
[0.08624816685914993, 0.5444425344467163, 0.36930933594703674]
[0.1645616888999939, 0.7576998472213745, 0.077738456428051]
[0.534418523311615, 0.4168066382408142, 0.048774801194667816]
[0.2905460596084595, 0.5792590379714966, 0.13019494712352753]
[0.18341070413589478, 0.6250655651092529, 0.19152376055717468]
[0.006437462288886309, 0.02504298835992813, 0.9685195088386536]
[0.17711181938648224, 0.4987473487854004, 0.32414090633392334]
[0.34712186455726624, 0.4471484124660492, 0.20572973787784576]
[0.45447027683258057, 0.3669350743293762, 0.17859461903572083]
[0.7111961245536804, 0.2256564199924469, 0.06314747780561447]
[0.00517939543351531, 0.05683956295251846, 0.9379810094833374]
[0.3713054358959198, 0.43190285563468933, 0.19679175317287445]
[0.5270107984542847, 0.3982516825199127, 0.07473750412464142]
[0.7399706244468689, 0.22252297401428223, 0.03750641271471977]
[0.02433718554675579, 0.6071854829788208, 0.36847734451293945]
[0.24918228387832642, 0.5703354477882385, 0.18048223853111267]
[0.09167028218507767, 0.3737564980983734, 0.5345732569694519]
[0.6155410408973694, 0.35542842745780945, 0.029030553996562958]
[0.5408675074577332, 0.40140706300735474, 0.05772542580962181]
[0.5653654932975769, 0.34868600964546204, 0.08594848960638046]
[0.5552579760551453, 0.40304896235466003, 0.04169308766722679]
[0.030608735978603363, 0.2179981917142868, 0.7513930797576904]
[0.18030278384685516, 0.4938952922821045, 0.3258019685745239]
[0.4149514138698578, 0.48139023780822754, 0.10365833342075348]
[0.6120070219039917, 0.3484686017036438, 0.039524324238300323]
[0.4127512574195862, 0.4935998022556305, 0.09364902973175049]
[0.30361998081207275, 0.46038809418678284, 0.2359919548034668]
[0.3517853021621704, 0.5078797340393066, 0.14033493399620056]
[0.44316285848617554, 0.5040929913520813, 0.052744220942258835]
[0.43277183175086975, 0.450589120388031, 0.11663899570703506]
[0.27060237526893616, 0.6085129380226135, 0.12088475376367569]
[0.18715713918209076, 0.6830803155899048, 0.12976254522800446]
[0.4950159192085266, 0.3913864493370056, 0.11359771341085434]
[0.2647812068462372, 0.4773017168045044, 0.2579171359539032]
[0.7618634104728699, 0.21952208876609802, 0.01861456409096718]
[0.007565027102828026, 0.16743631660938263, 0.824998676776886]
[0.512761116027832, 0.3725213408470154, 0.11471756547689438]
[0.3144321143627167, 0.5979476571083069, 0.08762017637491226]
[0.6238079071044922, 0.3260836601257324, 0.05010852590203285]
[0.3517625331878662, 0.551386833190918, 0.09685061872005463]
[0.48428669571876526, 0.4303823411464691, 0.08533097803592682]
[0.11173544824123383, 0.4949388802051544, 0.3933256268501282]
[0.9712907671928406, 0.025065915659070015, 0.0036432973574846983]
[0.34844741225242615, 0.5385389924049377, 0.11301358789205551]
[0.1384405493736267, 0.5917453169822693, 0.2698141038417816]
[0.45923107862472534, 0.41563716530799866, 0.12513168156147003]
[0.84243243932724, 0.14472490549087524, 0.012842638418078423]
[0.2105022668838501, 0.566067099571228, 0.22343067824840546]
[0.250890851020813, 0.5763769745826721, 0.17273211479187012]
[0.02677154168486595, 0.4538688361644745, 0.5193596482276917]
[0.31951311230659485, 0.5917769074440002, 0.08871002495288849]
[0.023200180381536484, 0.48016709089279175, 0.4966326951980591]
[0.07233679294586182, 0.5847088098526001, 0.3429543972015381]
[0.018802588805556297, 0.19511914253234863, 0.7860782146453857]
[0.07934587448835373, 0.3734920620918274, 0.5471620559692383]
[0.369402140378952, 0.48940590023994446, 0.14119189977645874]
[0.12341612577438354, 0.5507508516311646, 0.3258330225944519]
[0.05007657781243324, 0.4976595938205719, 0.4522637128829956]
[0.07307383418083191, 0.7974055409431458, 0.12952060997486115]
[0.08244979381561279, 0.5882974863052368, 0.3292527496814728]
[0.0023188507184386253, 0.04081335291266441, 0.9568677544593811]
[0.0065330094657838345, 0.03753482922911644, 0.9559321999549866]
[0.058568406850099564, 0.477923184633255, 0.46350839734077454]
[0.708004355430603, 0.2690261900424957, 0.022969428449869156]
[0.05773038789629936, 0.323993444442749, 0.6182761192321777]
[0.004233214538544416, 0.16536681354045868, 0.8304000496864319]
[0.6840960383415222, 0.2944856286048889, 0.0214183758944273]
[0.2913654148578644, 0.6348303556442261, 0.07380428165197372]
[0.15012109279632568, 0.7830569744110107, 0.06682203710079193]
[0.02604980766773224, 0.4334995746612549, 0.5404505729675293]
[0.05652409419417381, 0.40034234523773193, 0.5431334972381592]
[0.16687582433223724, 0.6784487962722778, 0.1546754240989685]
[0.004519760608673096, 0.11696476489305496, 0.8785154819488525]
[0.37718290090560913, 0.4664338231086731, 0.15638324618339539]
[0.47753021121025085, 0.4133692979812622, 0.10910047590732574]
[0.04289522394537926, 0.4234020411968231, 0.5337027907371521]
[0.12702400982379913, 0.5121546983718872, 0.36082127690315247]
[0.38960134983062744, 0.33091211318969727, 0.2794865369796753]
[0.6002236604690552, 0.3434109389781952, 0.05636543035507202]
[0.3067728877067566, 0.4591136574745178, 0.23411345481872559]
[0.0023149969056248665, 0.022028600797057152, 0.9756563901901245]
[0.2541215419769287, 0.48648601770401, 0.2593923807144165]
[0.5212859511375427, 0.31932833790779114, 0.15938571095466614]
[0.12671348452568054, 0.4455668032169342, 0.42771971225738525]
[0.4239858090877533, 0.4825341999530792, 0.09348004311323166]
[0.7812934517860413, 0.2059173732995987, 0.012789136730134487]
[0.23659071326255798, 0.6769418120384216, 0.0864674523472786]
[0.010640876367688179, 0.2871372699737549, 0.7022218704223633]
[0.34957027435302734, 0.4982098937034607, 0.15221992135047913]
[0.10947433114051819, 0.5304396152496338, 0.36008602380752563]
[0.5418729186058044, 0.4079262614250183, 0.05020086467266083]
[0.6187262535095215, 0.31060388684272766, 0.07066985219717026]
[0.0111050670966506, 0.10529310256242752, 0.8836017847061157]
[0.4269022047519684, 0.35761699080467224, 0.2154807448387146]
[0.18215668201446533, 0.4664798378944397, 0.35136353969573975]
[0.005727365612983704, 0.1879056990146637, 0.8063669800758362]
[0.0369441844522953, 0.22076362371444702, 0.7422921657562256]
[0.3538855016231537, 0.5062330365180969, 0.1398814618587494]
[0.9440375566482544, 0.04769289493560791, 0.008269470185041428]
[0.2411222606897354, 0.6686801910400391, 0.09019755572080612]
[0.3120215833187103, 0.5541003942489624, 0.13387805223464966]
[0.026408150792121887, 0.17461702227592468, 0.798974871635437]
[0.07763451337814331, 0.2334689497947693, 0.6888965368270874]
[0.03484349697828293, 0.15285040438175201, 0.8123061060905457]
[0.013418206945061684, 0.20659133791923523, 0.7799904942512512]
[0.026937376707792282, 0.13554468750953674, 0.8375179171562195]
[0.02339012548327446, 0.11196748912334442, 0.8646423816680908]
[0.0015156083973124623, 0.023658398538827896, 0.9748260378837585]
[0.07816439867019653, 0.3647230267524719, 0.5571125745773315]
