[0.031631775200366974, 0.16314950585365295, 0.8052187561988831]
[0.6490234732627869, 0.31222233176231384, 0.03875414654612541]
[0.05352218821644783, 0.27683231234550476, 0.6696454882621765]
[0.02478359453380108, 0.25541138648986816, 0.7198050618171692]
[0.11775696277618408, 0.38218820095062256, 0.5000548958778381]
[0.08229538798332214, 0.5745636820793152, 0.3431408703327179]
[0.12074277549982071, 0.7393472194671631, 0.13990996778011322]
[0.033805105835199356, 0.7885280251502991, 0.17766691744327545]
[0.05001651123166084, 0.8377373814582825, 0.11224611103534698]
[0.014463432133197784, 0.17708507180213928, 0.8084514737129211]
[0.34983521699905396, 0.6011413931846619, 0.04902343451976776]
[0.41597187519073486, 0.5476634502410889, 0.03636470064520836]
[0.6412060856819153, 0.34166663885116577, 0.0171272661536932]
[0.6486155986785889, 0.30586913228034973, 0.04551525413990021]
[0.36780792474746704, 0.5606731176376343, 0.07151895761489868]
[0.23447468876838684, 0.4883728325366974, 0.27715253829956055]
[0.4850824177265167, 0.46732062101364136, 0.04759691655635834]
[0.3922731578350067, 0.5216608643531799, 0.08606597781181335]
[0.13895347714424133, 0.6701743006706238, 0.1908722221851349]
[0.240313321352005, 0.6446349620819092, 0.11505173146724701]
[0.1362287402153015, 0.7732876539230347, 0.09048368036746979]
[0.047062456607818604, 0.7902918457984924, 0.1626456379890442]
[0.648704469203949, 0.32259780168533325, 0.028697678819298744]
[0.44910261034965515, 0.5009028315544128, 0.04999452456831932]
[0.2836601734161377, 0.649477481842041, 0.0668623298406601]
[0.0308986809104681, 0.5019190907478333, 0.4671822488307953]
[0.4784165918827057, 0.436909943819046, 0.0846734568476677]
[0.15971258282661438, 0.6001021862030029, 0.24018512666225433]
[0.25665804743766785, 0.6671227812767029, 0.07621913403272629]
[0.8342969417572021, 0.14871186017990112, 0.016991160809993744]
[0.12818069756031036, 0.4364979863166809, 0.43532127141952515]
[0.8549196720123291, 0.1306176632642746, 0.014462682418525219]
[0.16841059923171997, 0.7116836309432983, 0.1199057549238205]
[0.3522738814353943, 0.5976932644844055, 0.05003288388252258]
[0.36203745007514954, 0.5256510972976685, 0.11231151968240738]
[0.3900034725666046, 0.4946751296520233, 0.11532142013311386]
[0.1357097625732422, 0.4998980462551117, 0.3643922507762909]
[0.44362112879753113, 0.504444420337677, 0.051934435963630676]
[0.4577139914035797, 0.4739648997783661, 0.0683211162686348]
[0.10435687005519867, 0.5649944543838501, 0.33064866065979004]
[0.015418468974530697, 0.13042311370372772, 0.8541584610939026]
[0.6116855144500732, 0.3506685495376587, 0.03764587640762329]
[0.35589247941970825, 0.5820444226264954, 0.0620630644261837]
[0.24093805253505707, 0.6526942253112793, 0.10636777430772781]
[0.42358943819999695, 0.4992963373661041, 0.07711420953273773]
[0.6239400506019592, 0.33561277389526367, 0.04044724255800247]
[0.08301857858896255, 0.5773875713348389, 0.33959388732910156]
[0.4183155596256256, 0.4780105948448181, 0.1036737710237503]
[0.2697729170322418, 0.6570800542831421, 0.0731470063328743]
[0.2149607241153717, 0.6438948512077332, 0.14114446938037872]
[0.015923235565423965, 0.29458150267601013, 0.6894952654838562]
[0.044999755918979645, 0.4811517298221588, 0.4738485515117645]
[0.06765319406986237, 0.700686514377594, 0.23166027665138245]
[0.1391080617904663, 0.7041674852371216, 0.15672440826892853]
[0.023363783955574036, 0.7149900794029236, 0.26164618134498596]
[0.04651099070906639, 0.4435913860797882, 0.5098975896835327]
[0.3135978877544403, 0.5896249413490295, 0.09677717089653015]
[0.785153329372406, 0.20384788513183594, 0.010998818092048168]
[0.08113277703523636, 0.7454069256782532, 0.17346034944057465]
[0.5717532634735107, 0.4108479619026184, 0.01739880070090294]
[0.44136297702789307, 0.4753040671348572, 0.08333300054073334]
[0.8244886994361877, 0.16569502651691437, 0.009816190227866173]
[0.5245769619941711, 0.41817936301231384, 0.057243674993515015]
[0.5670308470726013, 0.383825421333313, 0.04914368316531181]
[0.6797730326652527, 0.3013303279876709, 0.018896639347076416]
[0.09590237587690353, 0.5071473121643066, 0.39695030450820923]
[0.5983648896217346, 0.3779956102371216, 0.023639492690563202]
[0.337476909160614, 0.47533291578292847, 0.18719017505645752]
[0.4810760021209717, 0.4714972674846649, 0.0474267452955246]
[0.31342291831970215, 0.627351701259613, 0.059225358068943024]
[0.6082640290260315, 0.3515619933605194, 0.0401739664375782]
[0.5809084177017212, 0.38583019375801086, 0.03326135128736496]
[0.5068098902702332, 0.3883235454559326, 0.10486659407615662]
[0.5361626148223877, 0.39666318893432617, 0.0671742707490921]
[0.2095004916191101, 0.5834481716156006, 0.20705127716064453]
[0.2822231650352478, 0.5664921998977661, 0.15128466486930847]
[0.021916113793849945, 0.47042861580848694, 0.5076553225517273]
[0.14606313407421112, 0.51925128698349, 0.33468565344810486]
[0.650166392326355, 0.32104095816612244, 0.028792617842555046]
[0.5388455390930176, 0.3622477948665619, 0.09890665858983994]
[0.16957888007164001, 0.6130521297454834, 0.21736900508403778]
[0.5026691555976868, 0.44390153884887695, 0.05342938005924225]
[0.07270056009292603, 0.3115234076976776, 0.6157760620117188]
[0.35939642786979675, 0.4621617794036865, 0.17844180762767792]
[0.48646414279937744, 0.4633554220199585, 0.05018044635653496]
[0.44073304533958435, 0.5053641200065613, 0.05390285700559616]
[0.022146280854940414, 0.8258798122406006, 0.1519739180803299]
[0.19311106204986572, 0.627718985080719, 0.17916996777057648]
[0.20572780072689056, 0.6072273254394531, 0.1870449036359787]
[0.004380909726023674, 0.07824642211198807, 0.9173726439476013]
[0.0041090622544288635, 0.021649019792675972, 0.9742419719696045]
[0.00421043299138546, 0.03969619795680046, 0.9560933113098145]
[0.13497188687324524, 0.58072429895401, 0.2843038737773895]
[0.4395245611667633, 0.4904085397720337, 0.07006683945655823]
[0.011448622681200504, 0.169683039188385, 0.8188682794570923]
[0.044646091759204865, 0.31372424960136414, 0.641629695892334]
[0.8488481640815735, 0.13849440217018127, 0.012657392770051956]
[0.5348033308982849, 0.39297935366630554, 0.07221735268831253]
[0.04728228598833084, 0.5476870536804199, 0.40503066778182983]
[0.6017716526985168, 0.36947348713874817, 0.02875480055809021]
[0.7140158414840698, 0.2654409110546112, 0.020543210208415985]
[0.9271285533905029, 0.06743437796831131, 0.005437092389911413]
[0.16347408294677734, 0.6881819367408752, 0.14834396541118622]
[0.46637818217277527, 0.42897576093673706, 0.10464607924222946]
[0.6114807724952698, 0.35737964510917664, 0.03113962896168232]
[0.4674203395843506, 0.4158517122268677, 0.11672791838645935]
[0.14245842397212982, 0.4830559194087982, 0.3744856119155884]
[0.3764195144176483, 0.43799394369125366, 0.18558655679225922]
[0.1772686094045639, 0.443835973739624, 0.37889549136161804]
[0.19348882138729095, 0.67315274477005, 0.13335846364498138]
[0.31719937920570374, 0.5792136192321777, 0.10358710587024689]
[0.27498137950897217, 0.45588284730911255, 0.26913583278656006]
[0.002157975221052766, 0.03812199831008911, 0.9597200751304626]
[0.326503723859787, 0.5948774814605713, 0.07861876487731934]
[0.45869943499565125, 0.4727441668510437, 0.06855639070272446]
[0.24933497607707977, 0.6414974927902222, 0.10916757583618164]
[0.08749023079872131, 0.5970093607902527, 0.3155003786087036]
[0.09852633625268936, 0.6485382914543152, 0.25293537974357605]
[0.49533960223197937, 0.45746541023254395, 0.047194987535476685]
[0.22271378338336945, 0.5499549508094788, 0.2273312658071518]
[0.3168702721595764, 0.610490083694458, 0.07263963669538498]
[0.0030059008859097958, 0.04658994823694229, 0.9504041075706482]
[0.04583652317523956, 0.3483019471168518, 0.605861485004425]
[0.5184614062309265, 0.398029088973999, 0.08350950479507446]
[0.6230379343032837, 0.3352212905883789, 0.041740842163562775]
[0.8195406198501587, 0.16992416977882385, 0.01053525973111391]
[0.7144504189491272, 0.24921248853206635, 0.03633708134293556]
[0.0012481220765039325, 0.04695810377597809, 0.9517937898635864]
[0.002406944753602147, 0.02976996824145317, 0.9678231477737427]
[0.19431746006011963, 0.7138295769691467, 0.0918530598282814]
[0.0038714809343218803, 0.4793291687965393, 0.5167993903160095]
[0.03792285919189453, 0.19837221503257751, 0.7637048959732056]
[0.21556350588798523, 0.5839900374412537, 0.2004464566707611]
[0.008032076060771942, 0.06486111134290695, 0.9271067976951599]
[0.008908335119485855, 0.08429179340600967, 0.906799852848053]
[0.06722862273454666, 0.6153855919837952, 0.317385733127594]
[0.3380241096019745, 0.505402147769928, 0.15657375752925873]
[0.4909840524196625, 0.3986935615539551, 0.11032238602638245]
[0.06026913598179817, 0.39454880356788635, 0.5451820492744446]
[0.11853647977113724, 0.6471487879753113, 0.23431473970413208]
[0.42105963826179504, 0.5236997008323669, 0.05524066090583801]
[0.30672335624694824, 0.650877058506012, 0.0423995666205883]
[0.12629972398281097, 0.7997587323188782, 0.07394149154424667]
[0.26422759890556335, 0.6963156461715698, 0.03945673629641533]
[0.07885981351137161, 0.7782401442527771, 0.1429000049829483]
[0.13853618502616882, 0.743156909942627, 0.11830688267946243]
[0.3280194401741028, 0.5388572812080383, 0.13312339782714844]
[0.02120129019021988, 0.3447454571723938, 0.6340532302856445]
[0.3625517785549164, 0.5905420780181885, 0.046906210482120514]
[0.003259363817051053, 0.03739168494939804, 0.9593489766120911]
[0.09793456643819809, 0.5432445406913757, 0.3588208854198456]
[0.35963428020477295, 0.5800918340682983, 0.06027385964989662]
[0.4289579391479492, 0.44841840863227844, 0.12262368202209473]
[0.34615176916122437, 0.5903974771499634, 0.06345076858997345]
[0.24096743762493134, 0.6070078015327454, 0.1520247459411621]
[0.07801733165979385, 0.47011232376098633, 0.451870322227478]
[0.4789328873157501, 0.3624601364135742, 0.15860702097415924]
[0.032018326222896576, 0.7125997543334961, 0.2553819715976715]
[0.4655821621417999, 0.4134664833545685, 0.12095139920711517]
[0.3378297686576843, 0.44327712059020996, 0.2188931107521057]
[0.3539479076862335, 0.510817289352417, 0.1352347582578659]
[0.6866616606712341, 0.27347618341445923, 0.03986218199133873]
[0.09238702803850174, 0.5019700527191162, 0.40564289689064026]
[0.7707793116569519, 0.20613659918308258, 0.023084158077836037]
[0.49917927384376526, 0.43436959385871887, 0.06645115464925766]
[0.8350085020065308, 0.15147502720355988, 0.013516555540263653]
[0.4429093897342682, 0.4387510418891907, 0.11833952367305756]
[0.8546538352966309, 0.13206376135349274, 0.0132822934538126]
[0.4454227685928345, 0.421175479888916, 0.13340172171592712]
[0.23272812366485596, 0.6071548461914062, 0.1601170301437378]
[0.5763087272644043, 0.3583032190799713, 0.065388023853302]
[0.11826151609420776, 0.44144415855407715, 0.4402942657470703]
[0.007623021490871906, 0.0591203048825264, 0.9332567453384399]
[0.03286776319146156, 0.6914133429527283, 0.27571895718574524]
[0.3863139748573303, 0.5424241423606873, 0.0712619349360466]
[0.0062240432016551495, 0.1098402589559555, 0.8839356899261475]
[0.0036824154667556286, 0.07444989681243896, 0.9218677282333374]
[0.057375699281692505, 0.3402758836746216, 0.6023483872413635]
[0.02943463623523712, 0.6185319423675537, 0.352033406496048]
[0.00399626512080431, 0.024839794263243675, 0.9711639285087585]
[0.09444815665483475, 0.4418404996395111, 0.46371135115623474]
[0.0037166329566389322, 0.08336181938648224, 0.9129215478897095]
[0.10280447453260422, 0.41334110498428345, 0.4838544726371765]
[0.012171590700745583, 0.18477490544319153, 0.8030534982681274]
[0.008207040838897228, 0.03573029115796089, 0.9560627341270447]
[0.02344375289976597, 0.10761091113090515, 0.8689453601837158]
[0.001097960164770484, 0.026036551222205162, 0.9728655219078064]
[0.007674671243876219, 0.06803612411022186, 0.9242891669273376]
[0.006216427311301231, 0.07046704739332199, 0.9233165383338928]
[0.0015694781905040145, 0.0627908930182457, 0.9356396198272705]
[0.0052794222719967365, 0.056422438472509384, 0.9382981657981873]
[0.4426906406879425, 0.5137736797332764, 0.04353571683168411]
[0.5899099111557007, 0.3918409049510956, 0.01824919879436493]
[0.04365749657154083, 0.4667408764362335, 0.48960161209106445]
[0.0686672106385231, 0.23280003666877747, 0.69853276014328]
[0.6835619807243347, 0.3004922568798065, 0.015945790335536003]
[0.33689141273498535, 0.5568858981132507, 0.10622274875640869]
[0.43063515424728394, 0.5094508528709412, 0.059913963079452515]
[0.5858350992202759, 0.3482840955257416, 0.06588079780340195]
[0.1993434876203537, 0.6271493434906006, 0.17350710928440094]
[0.46434181928634644, 0.46572571992874146, 0.06993240863084793]
[0.7582283616065979, 0.2092893272638321, 0.03248230740427971]
[0.5621760487556458, 0.3870559632778168, 0.050767987966537476]
[0.91267991065979, 0.07632771134376526, 0.010992391966283321]
[0.7505080699920654, 0.18374785780906677, 0.0657440796494484]
[0.19806884229183197, 0.38051795959472656, 0.4214131534099579]
[0.004131533671170473, 0.034302033483982086, 0.9615663886070251]
[0.8417916893959045, 0.14785516262054443, 0.010353107936680317]
[0.2791453003883362, 0.5923058390617371, 0.12854889035224915]
[0.37093988060951233, 0.4624483585357666, 0.16661176085472107]
[0.20740613341331482, 0.6731112003326416, 0.11948265880346298]
[0.7706559896469116, 0.1993618756532669, 0.029982183128595352]
[0.22659729421138763, 0.40456607937812805, 0.3688366413116455]
[0.11787839978933334, 0.7045093178749084, 0.17761221528053284]
[0.36909976601600647, 0.56964111328125, 0.06125912815332413]
[0.20349517464637756, 0.6742424964904785, 0.12226235866546631]
[0.45320838689804077, 0.35314831137657166, 0.19364328682422638]
[0.010532308369874954, 0.16817036271095276, 0.8212973475456238]
[0.8726933002471924, 0.11227285861968994, 0.015033786185085773]
[0.6788708567619324, 0.2558586597442627, 0.0652705579996109]
[0.4609500765800476, 0.4087177515029907, 0.13033223152160645]
[0.46178150177001953, 0.38806697726249695, 0.15015162527561188]
[0.528355062007904, 0.4183959662914276, 0.053248919546604156]
[0.8929031491279602, 0.09494388103485107, 0.01215295772999525]
[0.4269743263721466, 0.5051405429840088, 0.06788510829210281]
[0.4755096137523651, 0.4193688929080963, 0.10512148588895798]
[0.08125052601099014, 0.3390388786792755, 0.5797106027603149]
[0.24478310346603394, 0.6616195440292358, 0.09359736740589142]
[0.5041040182113647, 0.43677520751953125, 0.05912086367607117]
[0.7167527675628662, 0.2455824464559555, 0.0376647524535656]
[0.45934706926345825, 0.4060453176498413, 0.13460758328437805]
[0.011968260630965233, 0.04736495390534401, 0.9406667947769165]
[0.776106059551239, 0.2118072360754013, 0.012086806818842888]
[0.5481892824172974, 0.3527955412864685, 0.0990152359008789]
[0.01516711711883545, 0.1786143183708191, 0.8062185645103455]
[0.23902836441993713, 0.6565304398536682, 0.10444127023220062]
[0.009206683374941349, 0.06860479712486267, 0.9221885800361633]
[0.7697252631187439, 0.21301820874214172, 0.01725650578737259]
[0.03757273033261299, 0.17040932178497314, 0.792017936706543]
[0.01577594317495823, 0.13095185160636902, 0.8532721996307373]
[0.6397130489349365, 0.3283095061779022, 0.03197754546999931]
[0.003100029192864895, 0.038704968988895416, 0.9581949710845947]
[0.4447380304336548, 0.4496421217918396, 0.10561983287334442]
[0.8847687244415283, 0.10551851987838745, 0.00971271563321352]
[0.5711064338684082, 0.3399197459220886, 0.08897389471530914]
[0.031846724450588226, 0.15289971232414246, 0.8152535557746887]
[0.08883286267518997, 0.47367343306541443, 0.4374936521053314]
[0.08798032253980637, 0.3750167787075043, 0.5370029807090759]
[0.005181858781725168, 0.09116864949464798, 0.9036495089530945]
[0.004439391661435366, 0.05300096794962883, 0.9425595998764038]
[0.00443834625184536, 0.18063348531723022, 0.8149281740188599]
[0.5439364314079285, 0.4200533926486969, 0.03601016476750374]
[0.07465334236621857, 0.7936199903488159, 0.13172665238380432]
[0.24535436928272247, 0.5697042346000671, 0.18494141101837158]
[0.012237131595611572, 0.19857753813266754, 0.7891853451728821]
[0.5487635731697083, 0.37415072321891785, 0.07708565890789032]
[0.15055905282497406, 0.5569639801979065, 0.29247695207595825]
[0.26121005415916443, 0.6031050682067871, 0.1356848180294037]
[0.2235267162322998, 0.6699069738388062, 0.10656637698411942]
[0.28767791390419006, 0.5655884742736816, 0.14673364162445068]
[0.043821610510349274, 0.28170785307884216, 0.6744704842567444]
[0.10491111129522324, 0.3945561349391937, 0.5005327463150024]
[0.2355557084083557, 0.561356246471405, 0.20308798551559448]
[0.0431186817586422, 0.40876367688179016, 0.5481176376342773]
[0.6140486598014832, 0.3609054386615753, 0.025045908987522125]
[0.037044718861579895, 0.25000500679016113, 0.7129502892494202]
[0.4200059473514557, 0.4758869707584381, 0.10410710424184799]
[0.4979235827922821, 0.4426174759864807, 0.05945895239710808]
[0.21927234530448914, 0.599155604839325, 0.1815720647573471]
[0.52706378698349, 0.40375250577926636, 0.06918369233608246]
[0.07374843209981918, 0.6454386711120605, 0.2808128595352173]
[0.4160519242286682, 0.4393729269504547, 0.14457517862319946]
[0.032234132289886475, 0.23100467026233673, 0.7367611527442932]
[0.27794942259788513, 0.4951271116733551, 0.22692345082759857]
[0.4181648790836334, 0.5034944415092468, 0.07834065705537796]
[0.09173042327165604, 0.23191557824611664, 0.6763540506362915]
[0.01676197536289692, 0.09757330268621445, 0.885664701461792]
[0.7523689866065979, 0.22047527134418488, 0.02715568244457245]
[0.17857390642166138, 0.3950086832046509, 0.4264174699783325]
[0.6390740871429443, 0.3111225366592407, 0.04980335384607315]
[0.40270504355430603, 0.5451681613922119, 0.052126869559288025]
[0.20779214799404144, 0.41192933917045593, 0.3802785575389862]
[0.594656765460968, 0.3431575298309326, 0.06218576803803444]
[0.22422225773334503, 0.5839793086051941, 0.19179847836494446]
[0.4749307334423065, 0.48174795508384705, 0.04332137852907181]
[0.13714127242565155, 0.5992444157600403, 0.2636142373085022]
[0.27360090613365173, 0.4903661906719208, 0.23603297770023346]
[0.388717383146286, 0.46586331725120544, 0.14541925489902496]
[0.03184520825743675, 0.28967228531837463, 0.6784825325012207]
[0.05057511106133461, 0.5486242771148682, 0.4008006453514099]
[0.7041686773300171, 0.261144757270813, 0.03468656539916992]
[0.2542336583137512, 0.5819492936134338, 0.16381704807281494]
[0.06503749638795853, 0.49276623129844666, 0.4421963393688202]
[0.26135560870170593, 0.4785613417625427, 0.2600831091403961]
[0.1220402643084526, 0.4068567454814911, 0.4711029529571533]
[0.246097594499588, 0.6707859635353088, 0.08311638981103897]
[0.3093407154083252, 0.44091737270355225, 0.24974188208580017]
[0.23410573601722717, 0.5878667235374451, 0.17802755534648895]
[0.5709443688392639, 0.38326218724250793, 0.04579344764351845]
[0.1299024373292923, 0.5470616221427917, 0.32303598523139954]
[0.2924637496471405, 0.4753606617450714, 0.23217551410198212]
[0.32911384105682373, 0.6024371981620789, 0.06844896078109741]
[0.48891130089759827, 0.4301430881023407, 0.08094562590122223]
[0.04726191237568855, 0.3599720299243927, 0.5927661061286926]
[0.1800505518913269, 0.5976283550262451, 0.22232112288475037]
[0.04168535768985748, 0.4821062982082367, 0.476208359003067]
[0.03304903581738472, 0.20280537009239197, 0.76414555311203]
[0.021053560078144073, 0.2803960144519806, 0.6985504031181335]
[0.23392897844314575, 0.5612846612930298, 0.20478634536266327]
[0.31109774112701416, 0.598124086856842, 0.09077811241149902]
[0.3446217179298401, 0.521571934223175, 0.13380634784698486]
[0.04228167608380318, 0.6998777985572815, 0.2578406035900116]
[0.6126372814178467, 0.2515416741371155, 0.13582096993923187]
[0.03230257332324982, 0.20194165408611298, 0.7657557725906372]
