[0.22818739712238312, 0.5246435403823853, 0.24716904759407043]
[0.5993609428405762, 0.3617100119590759, 0.038929086178541183]
[0.8166407942771912, 0.1722932755947113, 0.011065936647355556]
[0.05381285399198532, 0.3525359332561493, 0.5936511754989624]
[0.6805284023284912, 0.2730535566806793, 0.046418074518442154]
[0.6347230672836304, 0.30977797508239746, 0.055499009788036346]
[0.04597226157784462, 0.44475916028022766, 0.5092685222625732]
[0.5650756359100342, 0.36890530586242676, 0.06601905077695847]
[0.4699707627296448, 0.41914480924606323, 0.11088449507951736]
[0.4609428346157074, 0.4794585108757019, 0.059598684310913086]
[0.3299165666103363, 0.5254460573196411, 0.1446373611688614]
[0.16716180741786957, 0.5020694732666016, 0.3307687044143677]
[0.7771351337432861, 0.20092494785785675, 0.021939970552921295]
[0.5534796714782715, 0.378797709941864, 0.06772255897521973]
[0.6117956638336182, 0.3290133476257324, 0.05919095128774643]
[0.2230950891971588, 0.5053821206092834, 0.27152279019355774]
[0.39643311500549316, 0.4537366032600403, 0.14983032643795013]
[0.7987757325172424, 0.18332776427268982, 0.01789647527039051]
[0.6144728660583496, 0.3518745005130768, 0.0336526595056057]
[0.5186890959739685, 0.38010385632514954, 0.10120709240436554]
[0.0046132528223097324, 0.11521774530410767, 0.8801689743995667]
[0.1319657564163208, 0.363427072763443, 0.5046072006225586]
