[0.6825398802757263, 0.2453552633523941, 0.07210487872362137]
[0.529553234577179, 0.40187835693359375, 0.06856837123632431]
[0.5452879071235657, 0.3834035396575928, 0.07130851596593857]
[0.10780482739210129, 0.5979900360107422, 0.2942051589488983]
[0.40855252742767334, 0.4568803310394287, 0.13456714153289795]
[0.05181426927447319, 0.40821903944015503, 0.5399667620658875]
[0.026999633759260178, 0.39747047424316406, 0.5755298733711243]
[0.19339889287948608, 0.5464434623718262, 0.26015761494636536]
[0.5409871339797974, 0.38425928354263306, 0.07475362718105316]
[0.11027849465608597, 0.567554771900177, 0.32216668128967285]
[0.031330615282058716, 0.33118173480033875, 0.6374876499176025]
[0.3474885821342468, 0.5172143578529358, 0.1352969855070114]
[0.5994618535041809, 0.35622721910476685, 0.044311024248600006]
[0.13872484862804413, 0.6369808912277222, 0.2242942750453949]
[0.27270805835723877, 0.46278756856918335, 0.2645042836666107]
[0.18667368590831757, 0.5396460294723511, 0.27368029952049255]
[0.022256169468164444, 0.2622368037700653, 0.7155070304870605]
[0.21341858804225922, 0.5307161808013916, 0.2558651566505432]
[0.3337215185165405, 0.5625697374343872, 0.10370878130197525]
[0.016757434234023094, 0.18497854471206665, 0.7982640266418457]
[0.005952046252787113, 0.09994916617870331, 0.8940987586975098]
[0.3107781708240509, 0.5800571441650391, 0.10916467010974884]
