[0.06703047454357147, 0.25138789415359497, 0.6815816164016724]
[0.05240674689412117, 0.6289734840393066, 0.3186197280883789]
[0.5828505754470825, 0.35896116495132446, 0.058188267052173615]
[0.7564237117767334, 0.20951183140277863, 0.03406449407339096]
[0.061777662485837936, 0.49515220522880554, 0.4430701732635498]
[0.7842051386833191, 0.19723603129386902, 0.01855885423719883]
[0.141993448138237, 0.689349353313446, 0.16865718364715576]
[0.36107954382896423, 0.5721619129180908, 0.06675851345062256]
[0.21693210303783417, 0.30022576451301575, 0.4828420877456665]
[0.18616236746311188, 0.5558738708496094, 0.25796374678611755]
[0.06989454478025436, 0.3620503544807434, 0.5680550932884216]
[0.7624878883361816, 0.20598362386226654, 0.03152856230735779]
[0.030523013323545456, 0.2698988914489746, 0.6995781660079956]
[0.06996966898441315, 0.2743300199508667, 0.6557003259658813]
[0.07793539017438889, 0.6662160158157349, 0.2558484971523285]
[0.009274432435631752, 0.1152024045586586, 0.8755231499671936]
[0.016477173194289207, 0.12138743698596954, 0.8621353507041931]
[0.4143325686454773, 0.4343571364879608, 0.15131032466888428]
[0.4335592985153198, 0.4784697890281677, 0.08797093480825424]
[0.06838132441043854, 0.20101934671401978, 0.7305992841720581]
[0.07714313268661499, 0.32525956630706787, 0.5975973010063171]
[0.22224590182304382, 0.5308007001876831, 0.24695341289043427]
[0.02204136736690998, 0.18180598318576813, 0.796152651309967]
[0.07713186740875244, 0.1848267912864685, 0.7380414009094238]
[0.034623581916093826, 0.10038141906261444, 0.864995002746582]
[0.873860776424408, 0.10578988492488861, 0.020349372178316116]
[0.14834235608577728, 0.5251750349998474, 0.3264826238155365]
[0.28885602951049805, 0.4895435571670532, 0.22160035371780396]
[0.14956864714622498, 0.3853253722190857, 0.46510595083236694]
[0.2531464993953705, 0.6351730823516846, 0.11168035864830017]
[0.011960715986788273, 0.11196667701005936, 0.8760725855827332]
[0.021988200023770332, 0.47260457277297974, 0.5054072141647339]
[0.023870861157774925, 0.46758589148521423, 0.5085432529449463]
[0.13067808747291565, 0.48358991742134094, 0.38573190569877625]
[0.3857872188091278, 0.3987698554992676, 0.215442955493927]
[0.8120962977409363, 0.17633570730686188, 0.011567924171686172]
[0.18295691907405853, 0.5986655950546265, 0.2183775007724762]
[0.38720160722732544, 0.4399932622909546, 0.17280511558055878]
[0.2582700848579407, 0.515578031539917, 0.22615186870098114]
[0.44908514618873596, 0.39469316601753235, 0.1562216728925705]
[0.1139342412352562, 0.3323546051979065, 0.5537111163139343]
[0.6624107360839844, 0.2548605501651764, 0.08272868394851685]
[0.19170218706130981, 0.4133390188217163, 0.39495882391929626]
[0.0856080874800682, 0.4184216558933258, 0.4959702789783478]
[0.10501767694950104, 0.2519967555999756, 0.6429855823516846]
[0.0017950054025277495, 0.036279987543821335, 0.9619249701499939]
[0.005866353400051594, 0.2393983006477356, 0.7547352910041809]
[0.011213114485144615, 0.18254047632217407, 0.8062463402748108]
