[0.27206727862358093, 0.5267981886863708, 0.20113451778888702]
[0.9008086919784546, 0.08715546876192093, 0.012035795487463474]
[0.4096709191799164, 0.4824821352958679, 0.1078469380736351]
[0.1598808765411377, 0.5082111954689026, 0.33190789818763733]
[0.005811070557683706, 0.05965311825275421, 0.9345357418060303]
[0.010395492427051067, 0.10137918591499329, 0.8882253170013428]
[0.026561159640550613, 0.2225097119808197, 0.7509291172027588]
[0.03258420526981354, 0.2212705761194229, 0.7461452484130859]
[0.016877593472599983, 0.16443592309951782, 0.8186864852905273]
[0.15086451172828674, 0.5178905725479126, 0.33124491572380066]
[0.12227161973714828, 0.3251088857650757, 0.5526195168495178]
[0.004757737275213003, 0.05406096205115318, 0.9411813020706177]
[0.07867290824651718, 0.26475733518600464, 0.65656977891922]
[0.023139920085668564, 0.12188808619976044, 0.8549720048904419]
[0.4867723882198334, 0.47673311829566956, 0.036494527012109756]
[0.006556783802807331, 0.037164002656936646, 0.9562791585922241]
[0.017144672572612762, 0.09934835880994797, 0.8835069537162781]
[0.2407524138689041, 0.6474408507347107, 0.1118067055940628]
[0.28990307450294495, 0.5417101383209229, 0.1683868169784546]
[0.24144090712070465, 0.5548560619354248, 0.20370298624038696]
[0.32890498638153076, 0.5363299250602722, 0.13476510345935822]
[0.006481594406068325, 0.08470091968774796, 0.9088174700737]
[0.1873447746038437, 0.38422003388404846, 0.4284352660179138]
[0.10451289266347885, 0.2474522590637207, 0.6480347514152527]
[0.05887008085846901, 0.18283337354660034, 0.758296549320221]
[0.7413649559020996, 0.2221316546201706, 0.036503423005342484]
[0.008610033430159092, 0.03682607784867287, 0.9545638561248779]
[0.0178071241825819, 0.08852293342351913, 0.8936699628829956]
[0.048565421253442764, 0.1872951090335846, 0.7641394138336182]
[0.39064496755599976, 0.4695543944835663, 0.13980059325695038]
[0.45265284180641174, 0.4357912838459015, 0.1115557923913002]
[0.48179399967193604, 0.40935593843460083, 0.10885000973939896]
[0.8647804260253906, 0.11183933168649673, 0.023380309343338013]
[0.19317226111888885, 0.45651236176490784, 0.3503154218196869]
[0.4080680310726166, 0.4748075306415558, 0.11712440848350525]
[0.004346270114183426, 0.03056485950946808, 0.9650888442993164]
[0.03882133588194847, 0.18308819830417633, 0.7780904769897461]
[0.9063482284545898, 0.07731527090072632, 0.016336537897586823]
[0.3621320128440857, 0.46839290857315063, 0.1694750338792801]
[0.2182459831237793, 0.43364134430885315, 0.34811273217201233]
[0.4168398678302765, 0.4341046214103699, 0.1490555703639984]
[0.5961061120033264, 0.34561553597450256, 0.05827827379107475]
[0.015013744123280048, 0.20111078023910522, 0.7838754653930664]
[0.012324107810854912, 0.07031276077032089, 0.917363166809082]
[0.6798043847084045, 0.26843371987342834, 0.05176188796758652]
[0.015420787036418915, 0.04194417968392372, 0.9426349997520447]
[0.9220847487449646, 0.072510726749897, 0.005404474213719368]
[0.14392347633838654, 0.38133034110069275, 0.4747462272644043]
[0.003971361555159092, 0.031573861837387085, 0.9644548296928406]
[0.08416848629713058, 0.448500394821167, 0.46733108162879944]
[0.0978860929608345, 0.3199205696582794, 0.5821933150291443]
