[0.22857454419136047, 0.5070580244064331, 0.2643674314022064]
[0.07418841868638992, 0.6648044586181641, 0.261007159948349]
[0.010394337587058544, 0.12117718160152435, 0.8684285283088684]
[0.027439042925834656, 0.13052862882614136, 0.8420323133468628]
[0.07993698120117188, 0.4006487727165222, 0.5194142460823059]
[0.015289791859686375, 0.09970702975988388, 0.8850032091140747]
[0.09137000888586044, 0.2725217640399933, 0.6361081600189209]
[0.6648527383804321, 0.30119431018829346, 0.03395288437604904]
[0.2900785803794861, 0.6067798137664795, 0.10314162075519562]
[0.006719911005347967, 0.04465770348906517, 0.9486224055290222]
[0.022118398919701576, 0.8035517930984497, 0.17432986199855804]
[0.02956855483353138, 0.6327364444732666, 0.3376949727535248]
[0.08165378868579865, 0.2958790063858032, 0.6224672198295593]
[0.4613467752933502, 0.4940217137336731, 0.044631537050008774]
[0.43789899349212646, 0.4599156677722931, 0.10218531638383865]
[0.283529132604599, 0.5399562120437622, 0.1765146553516388]
[0.10373378545045853, 0.7999416589736938, 0.09632459282875061]
[0.5731303095817566, 0.36635950207710266, 0.06051022559404373]
[0.172338604927063, 0.6655611395835876, 0.16210021078586578]
[0.019469313323497772, 0.25088560581207275, 0.7296451330184937]
[0.4983299970626831, 0.3905988037586212, 0.11107117682695389]
[0.06570068001747131, 0.7909864783287048, 0.14331279695034027]
[0.02858779765665531, 0.24228356778621674, 0.7291285991668701]
[0.010213258676230907, 0.10857255011796951, 0.8812141418457031]
[0.10332313925027847, 0.34558215737342834, 0.5510947108268738]
[0.009878523647785187, 0.1596333086490631, 0.8304881453514099]
[0.1716039925813675, 0.7258806824684143, 0.1025153324007988]
[0.049605149775743484, 0.8296564221382141, 0.12073836475610733]
[0.04066839441657066, 0.243822380900383, 0.7155092358589172]
[0.19658181071281433, 0.5351988077163696, 0.26821935176849365]
[0.0039987713098526, 0.10196900367736816, 0.8940322399139404]
[0.00315028871409595, 0.01472273375838995, 0.9821270108222961]
[0.05477194860577583, 0.4774215519428253, 0.46780654788017273]
[0.04056401923298836, 0.33804750442504883, 0.6213884353637695]
[0.03889423608779907, 0.2709755301475525, 0.6901302337646484]
[0.3627123236656189, 0.4805687963962555, 0.1567189246416092]
[0.03762958571314812, 0.326436847448349, 0.635933518409729]
[0.08124814182519913, 0.7400285601615906, 0.1787232905626297]
[0.5751866102218628, 0.34749287366867065, 0.07732059806585312]
[0.039947282522916794, 0.45801055431365967, 0.5020421743392944]
[0.037401869893074036, 0.38783150911331177, 0.5747665762901306]
[0.004945266526192427, 0.10399193316698074, 0.8910627961158752]
[0.022924646735191345, 0.8237445950508118, 0.1533307582139969]
[0.7660327553749084, 0.21362005174160004, 0.020347123965620995]
[0.018893511965870857, 0.5569246411323547, 0.42418190836906433]
[0.20333941280841827, 0.6994227766990662, 0.09723781794309616]
[0.46563002467155457, 0.45871075987815857, 0.0756591334939003]
[0.186073437333107, 0.5800808072090149, 0.23384569585323334]
[0.07748652249574661, 0.2895629405975342, 0.6329506039619446]
[0.17952479422092438, 0.6951501965522766, 0.1253250390291214]
[0.36257222294807434, 0.583052396774292, 0.054375384002923965]
[0.07481516897678375, 0.3546561002731323, 0.5705286860466003]
[0.11455711722373962, 0.3091837167739868, 0.5762591361999512]
[0.007704990915954113, 0.15598315000534058, 0.8363118767738342]
[0.013732203282415867, 0.18212047219276428, 0.8041473627090454]
[0.16589295864105225, 0.7114835977554321, 0.12262342870235443]
[0.1883631944656372, 0.5536971092224121, 0.25793975591659546]
[0.08859112113714218, 0.35330259799957275, 0.5581063032150269]
[0.1159086599946022, 0.4968429505825043, 0.3872483968734741]
[0.24992899596691132, 0.4822354316711426, 0.2678356170654297]
[0.21701346337795258, 0.5659720301628113, 0.21701447665691376]
[0.004733869340270758, 0.03690105676651001, 0.9583650827407837]
[0.8103268146514893, 0.16527433693408966, 0.024398887529969215]
[0.04341885820031166, 0.45162156224250793, 0.5049595236778259]
[0.2095751017332077, 0.5992460250854492, 0.19117891788482666]
[0.05106010660529137, 0.45601794123649597, 0.49292194843292236]
[0.005087309051305056, 0.08402051776647568, 0.910892128944397]
[0.05537480488419533, 0.34800517559051514, 0.5966200232505798]
[0.020642835646867752, 0.2153719961643219, 0.7639852166175842]
[0.20001763105392456, 0.5331696271896362, 0.26681283116340637]
[0.019204461947083473, 0.08474838733673096, 0.8960471749305725]
[0.04464074224233627, 0.37638059258461, 0.5789787173271179]
[0.3189290463924408, 0.5887860655784607, 0.09228482097387314]
[0.09708458185195923, 0.7764596939086914, 0.12645575404167175]
[0.06587640941143036, 0.68017578125, 0.25394779443740845]
[0.7018771171569824, 0.2588256299495697, 0.03929721936583519]
[0.2054899036884308, 0.5892476439476013, 0.2052624672651291]
[0.40058764815330505, 0.5527970790863037, 0.04661523923277855]
[0.030019359663128853, 0.4950401484966278, 0.4749405086040497]
[0.7853285074234009, 0.19316299259662628, 0.021508581936359406]
[0.0014915559440851212, 0.02385277859866619, 0.9746556878089905]
[0.02702457085251808, 0.15391749143600464, 0.8190579414367676]
[0.17616398632526398, 0.3439284861087799, 0.4799075424671173]
[0.02818174473941326, 0.17339523136615753, 0.7984229922294617]
[0.012253628112375736, 0.3452131152153015, 0.6425333023071289]
[0.3823976516723633, 0.5242571830749512, 0.09334510564804077]
[0.04825623705983162, 0.6600528955459595, 0.2916909456253052]
[0.018464302644133568, 0.13465602695941925, 0.8468796610832214]
[0.3971063494682312, 0.42462337017059326, 0.17827022075653076]
[0.12731191515922546, 0.5287663340568542, 0.3439217805862427]
[0.24287328124046326, 0.5777661800384521, 0.17936056852340698]
[0.0023291439283639193, 0.011016907170414925, 0.9866539835929871]
[0.006257038097828627, 0.18946436047554016, 0.8042786121368408]
[0.008844928815960884, 0.23306839168071747, 0.7580866813659668]
[0.0031385428737848997, 0.05422576889395714, 0.9426356554031372]
[0.1192229837179184, 0.37799355387687683, 0.5027835369110107]
[0.045691654086112976, 0.12018118053674698, 0.8341271281242371]
[0.24144425988197327, 0.4675680696964264, 0.29098761081695557]
[0.80262690782547, 0.1733832210302353, 0.02398994192481041]
[0.18847276270389557, 0.714144229888916, 0.0973830595612526]
[0.43499642610549927, 0.466036319732666, 0.09896723181009293]
[0.011249617673456669, 0.27116718888282776, 0.7175832390785217]
[0.4565100371837616, 0.47209596633911133, 0.07139399647712708]
[0.23668399453163147, 0.5600882768630981, 0.20322777330875397]
[0.20877918601036072, 0.4974614679813385, 0.29375937581062317]
[0.20751330256462097, 0.4325985610485077, 0.3598881661891937]
[0.03924648463726044, 0.07910823076963425, 0.8816452622413635]
[0.014584783464670181, 0.20157761871814728, 0.783837616443634]
[0.08326025307178497, 0.5426690578460693, 0.37407058477401733]
[0.10326426476240158, 0.606085479259491, 0.29065024852752686]
[0.10680065304040909, 0.4994352161884308, 0.3937641680240631]
[0.30455482006073, 0.5015839338302612, 0.1938612312078476]
[0.19763687252998352, 0.4843538701534271, 0.3180091977119446]
[0.08327790349721909, 0.29313895106315613, 0.623583197593689]
[0.5511620044708252, 0.3536272644996643, 0.09521076083183289]
[0.15886738896369934, 0.49186384677886963, 0.3492687940597534]
[0.6152150630950928, 0.32033979892730713, 0.0644451230764389]
[0.9039315581321716, 0.08182277530431747, 0.014245686121284962]
[0.09919817745685577, 0.6274020671844482, 0.27339968085289]
[0.1610548049211502, 0.6661430597305298, 0.1728021800518036]
[0.11933083087205887, 0.5444102883338928, 0.3362588584423065]
[0.01539615262299776, 0.15548239648342133, 0.829121470451355]
[0.37589579820632935, 0.4263448119163513, 0.19775934517383575]
[0.1037764847278595, 0.6560613512992859, 0.24016211926937103]
[0.10752411931753159, 0.5026798248291016, 0.3897961378097534]
[0.3436706066131592, 0.580555260181427, 0.0757741630077362]
[0.8444918990135193, 0.13317440450191498, 0.022333772853016853]
[0.12235888093709946, 0.5015141367912292, 0.3761270046234131]
[0.12986454367637634, 0.6410170197486877, 0.22911839187145233]
[0.08006779849529266, 0.3766067326068878, 0.5433254837989807]
[0.07736210525035858, 0.6187685132026672, 0.3038693964481354]
[0.4477795362472534, 0.4641489088535309, 0.08807151019573212]
[0.397619366645813, 0.5488725304603577, 0.05350806191563606]
[0.8267536759376526, 0.15559621155261993, 0.017650097608566284]
[0.43977057933807373, 0.40322092175483704, 0.15700854361057281]
[0.4361575245857239, 0.48438939452171326, 0.07945310324430466]
[0.4338008761405945, 0.5162413716316223, 0.04995781183242798]
[0.6236382722854614, 0.3452084958553314, 0.03115321509540081]
[0.895176351070404, 0.10003864765167236, 0.004785032942891121]
[0.8616708517074585, 0.12550553679466248, 0.012823597528040409]
[0.9368088245391846, 0.05786220729351044, 0.005328915547579527]
[0.3135606646537781, 0.526093065738678, 0.16034622490406036]
[0.4817068576812744, 0.45920461416244507, 0.059088535606861115]
[0.28468525409698486, 0.4954478442668915, 0.21986684203147888]
[0.11568544059991837, 0.7990961074829102, 0.08521843701601028]
[0.147397980093956, 0.6113274693489075, 0.24127458035945892]
[0.035428985953330994, 0.29712074995040894, 0.6674502491950989]
[0.11528538912534714, 0.6413299441337585, 0.24338464438915253]
[0.004996573552489281, 0.010735324583947659, 0.9842681288719177]
[0.35600146651268005, 0.32503247261047363, 0.3189660608768463]
[0.6673296093940735, 0.29201388359069824, 0.04065650328993797]
[0.12433566153049469, 0.38053983449935913, 0.495124489068985]
[0.05601158365607262, 0.22719019651412964, 0.7167982459068298]
[0.02400813437998295, 0.22256921231746674, 0.7534226775169373]
[0.03362247347831726, 0.19744999706745148, 0.7689275145530701]
[0.4616626501083374, 0.46637162566185, 0.07196573168039322]
[0.22454172372817993, 0.6420378088951111, 0.1334204077720642]
[0.01163211464881897, 0.44865065813064575, 0.5397171974182129]
[0.5090481638908386, 0.44224148988723755, 0.04871034994721413]
[0.19157806038856506, 0.5187603831291199, 0.28966158628463745]
[0.5040892958641052, 0.433200478553772, 0.0627102330327034]
[0.0917181670665741, 0.6377659440040588, 0.2705158591270447]
[0.5021722912788391, 0.4097162187099457, 0.08811154216527939]
[0.22943542897701263, 0.5668897032737732, 0.20367489755153656]
[0.4175894558429718, 0.41038697957992554, 0.17202353477478027]
[0.8879507780075073, 0.10056744515895844, 0.01148178894072771]
[0.06462467461824417, 0.6211251616477966, 0.3142502009868622]
[0.7530763149261475, 0.22162219882011414, 0.025301558896899223]
[0.8193333148956299, 0.16895592212677002, 0.011710837483406067]
[0.2134895920753479, 0.44911664724349976, 0.33739370107650757]
[0.5141168832778931, 0.42663562297821045, 0.059247516095638275]
[0.42070215940475464, 0.48511889576911926, 0.09417895972728729]
[0.0029083893168717623, 0.022924859076738358, 0.9741666913032532]
[0.013370655477046967, 0.19819574058055878, 0.7884336113929749]
