[0.0030015921220183372, 0.015346050262451172, 0.9816523194313049]
[0.12731198966503143, 0.3662621080875397, 0.5064258575439453]
[0.00950959324836731, 0.11881215125322342, 0.8716782927513123]
[0.3824826180934906, 0.4994003176689148, 0.1181170642375946]
[0.11974538862705231, 0.7061815857887268, 0.1740729808807373]
[0.05227877199649811, 0.6257296204566956, 0.321991503238678]
[0.08469968289136887, 0.13712632656097412, 0.7781739830970764]
[0.21427133679389954, 0.7080509066581726, 0.07767777144908905]
[0.0118942866101861, 0.0707806795835495, 0.9173250198364258]
[0.16815224289894104, 0.46693137288093567, 0.3649163842201233]
[0.12647387385368347, 0.46415457129478455, 0.4093715250492096]
[0.024177905172109604, 0.335193932056427, 0.6406281590461731]
[0.3963485062122345, 0.4652831256389618, 0.13836832344532013]
[0.06975185126066208, 0.26862916350364685, 0.6616190075874329]
[0.5085477828979492, 0.40248730778694153, 0.08896493166685104]
[0.014962032437324524, 0.1907520741224289, 0.7942858934402466]
[0.04971878230571747, 0.5449948906898499, 0.4052863121032715]
[0.011220569722354412, 0.36937177181243896, 0.6194076538085938]
[0.35294109582901, 0.5772265791893005, 0.06983224302530289]
[0.03155136853456497, 0.22980672121047974, 0.7386419177055359]
[0.1324472725391388, 0.7864088416099548, 0.08114394545555115]
[0.19503454864025116, 0.6899497509002686, 0.11501569300889969]
[0.2602449357509613, 0.47051677107810974, 0.26923829317092896]
[0.054389506578445435, 0.5809751152992249, 0.36463531851768494]
[0.11120475828647614, 0.6458086967468262, 0.2429865002632141]
[0.7612633109092712, 0.20805156230926514, 0.030685098841786385]
[0.41266030073165894, 0.478506863117218, 0.10883288085460663]
[0.5101078748703003, 0.4196608364582062, 0.07023126631975174]
[0.21373474597930908, 0.5434015989303589, 0.24286366999149323]
[0.16005489230155945, 0.5639035105705261, 0.27604159712791443]
[0.7723448276519775, 0.20824089646339417, 0.019414296373724937]
[0.36644598841667175, 0.5763079524040222, 0.05724606290459633]
[0.11209829151630402, 0.6132609844207764, 0.2746407091617584]
[0.017874179407954216, 0.12524254620075226, 0.8568832874298096]
[0.13491663336753845, 0.6780202388763428, 0.18706312775611877]
[0.5676708221435547, 0.38723841309547424, 0.04509079456329346]
[0.02077142521739006, 0.14391446113586426, 0.835314154624939]
[0.004279834683984518, 0.3069566488265991, 0.6887634992599487]
[0.004677422344684601, 0.07688195258378983, 0.9184406399726868]
[0.07740878313779831, 0.49584391713142395, 0.4267473518848419]
[0.18597398698329926, 0.6355167031288147, 0.17850938439369202]
[0.5653876662254333, 0.3445879817008972, 0.09002435207366943]
[0.011127978563308716, 0.06769013404846191, 0.921181857585907]
[0.3603053092956543, 0.5031314492225647, 0.13656319677829742]
[0.24943934381008148, 0.5957162380218506, 0.1548444926738739]
[0.033631812781095505, 0.7455422878265381, 0.22082588076591492]
[0.1465177983045578, 0.4009035527706146, 0.45257866382598877]
[0.30547967553138733, 0.5695953369140625, 0.12492505460977554]
[0.21816135942935944, 0.5508285760879517, 0.23101010918617249]
[0.21577563881874084, 0.5808244943618774, 0.20339985191822052]
[0.1724894493818283, 0.3513611853122711, 0.4761493504047394]
[0.5084841251373291, 0.4324955940246582, 0.059020232409238815]
[0.08717941492795944, 0.5276707410812378, 0.38514989614486694]
[0.260742723941803, 0.6656224131584167, 0.0736347958445549]
[0.4525796175003052, 0.499881774187088, 0.047538574784994125]
[0.21725313365459442, 0.7066321969032288, 0.07611475884914398]
[0.7092426419258118, 0.26300865411758423, 0.027748657390475273]
[0.09613914042711258, 0.515815794467926, 0.3880451023578644]
[0.4481300115585327, 0.4776906371116638, 0.07417936623096466]
[0.0788419246673584, 0.47853681445121765, 0.4426212012767792]
[0.49389493465423584, 0.47072842717170715, 0.03537660092115402]
[0.3765173852443695, 0.5133035778999329, 0.11017908155918121]
[0.24467511475086212, 0.6550324559211731, 0.10029233992099762]
[0.3475603759288788, 0.4238697588443756, 0.22856995463371277]
[0.2790205180644989, 0.5623746514320374, 0.15860481560230255]
[0.4121263325214386, 0.46966466307640076, 0.11820904165506363]
[0.19710791110992432, 0.6835408806800842, 0.11935125291347504]
[0.018809642642736435, 0.24463032186031342, 0.736560046672821]
[0.008964617736637592, 0.10723843425512314, 0.8837969303131104]
[0.03394486382603645, 0.5416815280914307, 0.424373596906662]
[0.03833865374326706, 0.6592734456062317, 0.30238786339759827]
[0.3110129237174988, 0.5439206957817078, 0.14506635069847107]
[0.04317980259656906, 0.37126603722572327, 0.5855541825294495]
[0.10269016027450562, 0.7817991375923157, 0.11551062017679214]
[0.02919205278158188, 0.7288540005683899, 0.2419539988040924]
[0.19613531231880188, 0.7171272039413452, 0.08673743903636932]
[0.8184946775436401, 0.1696917712688446, 0.011813521385192871]
[0.7817811369895935, 0.19936522841453552, 0.018853524699807167]
[0.015713663771748543, 0.40010565519332886, 0.5841807126998901]
[0.06735733896493912, 0.6478787064552307, 0.2847639322280884]
[0.0019595229532569647, 0.06749026477336884, 0.930550217628479]
[0.09372960031032562, 0.6167551279067993, 0.2895152270793915]
[0.04092242941260338, 0.24762265384197235, 0.7114549279212952]
[0.2084224820137024, 0.7530986666679382, 0.038478877395391464]
[0.08612099289894104, 0.8283719420433044, 0.08550700545310974]
[0.20134128630161285, 0.70638507604599, 0.09227368235588074]
[0.0028981061186641455, 0.017740223556756973, 0.9793617129325867]
[0.9155935645103455, 0.0761978030204773, 0.008208665996789932]
[0.044432688504457474, 0.5684740543365479, 0.3870932161808014]
[0.5411350727081299, 0.3837287724018097, 0.07513605803251266]
[0.03304609656333923, 0.25217485427856445, 0.7147790193557739]
[0.29757681488990784, 0.5521512031555176, 0.15027199685573578]
[0.324860543012619, 0.612733781337738, 0.06240570545196533]
[0.10682796686887741, 0.6339209675788879, 0.25925105810165405]
[0.3892287015914917, 0.49543318152427673, 0.11533813923597336]
[0.39175838232040405, 0.5153992176055908, 0.09284237772226334]
[0.00587383983656764, 0.04744498431682587, 0.9466811418533325]
[0.7194726467132568, 0.2642703950405121, 0.01625698059797287]
[0.016384795308113098, 0.3186010420322418, 0.6650141477584839]
[0.003415066283196211, 0.058862246572971344, 0.9377226233482361]
[0.08976267278194427, 0.5027521848678589, 0.40748515725135803]
[0.28607818484306335, 0.6159986257553101, 0.0979231521487236]
[0.3807902932167053, 0.5478663444519043, 0.07134339958429337]
[0.5100415349006653, 0.42039719223976135, 0.06956129521131516]
[0.06633555144071579, 0.6164572834968567, 0.31720706820487976]
[0.4405273497104645, 0.44511282444000244, 0.11435981094837189]
[0.12959210574626923, 0.6393203735351562, 0.23108762502670288]
[0.0470997616648674, 0.5013291835784912, 0.4515710771083832]
[0.26089155673980713, 0.531955361366272, 0.2071530967950821]
[0.08399112522602081, 0.19674256443977356, 0.7192662954330444]
[0.02483532577753067, 0.24600103497505188, 0.7291635870933533]
[0.6038906574249268, 0.3300662636756897, 0.06604310125112534]
[0.19613541662693024, 0.4792846739292145, 0.3245798647403717]
[0.009213658981025219, 0.16413535177707672, 0.8266509771347046]
[0.003262369893491268, 0.020583011209964752, 0.976154625415802]
[0.27327677607536316, 0.6413833498954773, 0.08533988147974014]
[0.23312510550022125, 0.5481739640235901, 0.21870093047618866]
[0.3568233847618103, 0.46466127038002014, 0.17851543426513672]
[0.10974553972482681, 0.42573264241218567, 0.4645218253135681]
[0.05816352367401123, 0.25932246446609497, 0.6825140118598938]
[0.0038491596933454275, 0.01940353587269783, 0.9767473340034485]
[0.3471946716308594, 0.5690687894821167, 0.08373650908470154]
[0.03242754191160202, 0.27565261721611023, 0.6919198632240295]
[0.09905210137367249, 0.8137235045433044, 0.08722442388534546]
[0.019935552030801773, 0.7017031908035278, 0.27836132049560547]
[0.18582527339458466, 0.6218299865722656, 0.19234472513198853]
[0.028440719470381737, 0.24525117874145508, 0.7263081073760986]
[0.1361168771982193, 0.43712887167930603, 0.4267542362213135]
[0.11270730197429657, 0.6849240064620972, 0.20236873626708984]
[0.19308413565158844, 0.5141369700431824, 0.2927788496017456]
[0.287056028842926, 0.5976151823997498, 0.11532870680093765]
[0.6242895722389221, 0.3102886378765106, 0.06542172282934189]
[0.0012395193334668875, 0.023038310930132866, 0.9757221341133118]
[0.013783112168312073, 0.2643681466579437, 0.7218488454818726]
[0.5104522109031677, 0.440231591463089, 0.0493161603808403]
[0.25602203607559204, 0.5224343538284302, 0.2215435951948166]
[0.02277217246592045, 0.36108043789863586, 0.6161473989486694]
[0.768638014793396, 0.20792239904403687, 0.023439519107341766]
[0.8615397810935974, 0.11960548162460327, 0.018854772672057152]
[0.4163578152656555, 0.5315523147583008, 0.0520898662507534]
[0.4044766426086426, 0.5107964873313904, 0.08472684025764465]
[0.5173766016960144, 0.4168483316898346, 0.06577504426240921]
[0.6161778569221497, 0.35325825214385986, 0.03056388720870018]
[0.05839315801858902, 0.679665744304657, 0.261941134929657]
[0.030965633690357208, 0.2821601331233978, 0.6868742108345032]
[0.02354300580918789, 0.6444177031517029, 0.33203935623168945]
[0.019574038684368134, 0.13710381090641022, 0.8433221578598022]
[0.0028770016506314278, 0.07607930153608322, 0.9210436940193176]
[0.35195833444595337, 0.5712782740592957, 0.07676342129707336]
[0.7192007899284363, 0.25649556517601013, 0.02430359460413456]
[0.7399705052375793, 0.2340756356716156, 0.025953901931643486]
[0.012999369762837887, 0.18489442765712738, 0.8021062016487122]
[0.2801598310470581, 0.5834457278251648, 0.1363944262266159]
[0.19185301661491394, 0.4536495506763458, 0.35449737310409546]
[0.32412901520729065, 0.5362085700035095, 0.13966242969036102]
[0.26027050614356995, 0.54551100730896, 0.1942184716463089]
[0.04236005246639252, 0.35918405652046204, 0.5984559059143066]
[0.019015535712242126, 0.5295921564102173, 0.45139241218566895]
[0.011464064940810204, 0.1701376736164093, 0.8183982372283936]
[0.010813216678798199, 0.07916741073131561, 0.9100193977355957]
[0.033579740673303604, 0.1593666672706604, 0.8070536255836487]
[0.399739146232605, 0.49343743920326233, 0.10682344436645508]
[0.04231138527393341, 0.3939940929412842, 0.5636945366859436]
[0.006928460206836462, 0.08933601528406143, 0.9037355184555054]
[0.03976614773273468, 0.2831931412220001, 0.677040696144104]
[0.757434070110321, 0.2223944365978241, 0.02017146348953247]
[0.0050127822905778885, 0.04974732547998428, 0.9452399015426636]
[0.09821268171072006, 0.7284347414970398, 0.17335255444049835]
[0.009733295999467373, 0.5041000843048096, 0.4861666262149811]
[0.023566965013742447, 0.36157211661338806, 0.6148609519004822]
[0.024367263540625572, 0.6187143325805664, 0.35691848397254944]
[0.022254876792430878, 0.5571951270103455, 0.4205499291419983]
[0.02995615452528, 0.40027764439582825, 0.5697662234306335]
[0.33105525374412537, 0.5496195554733276, 0.11932520568370819]
[0.06784442067146301, 0.48992136120796204, 0.44223418831825256]
[0.06318651139736176, 0.3810918927192688, 0.555721640586853]
[0.012491713277995586, 0.18258321285247803, 0.8049250841140747]
[0.08667280524969101, 0.6773235201835632, 0.23600365221500397]
[0.022302566096186638, 0.13288390636444092, 0.8448135256767273]
[0.0445893257856369, 0.25589409470558167, 0.6995165348052979]
[0.011001667939126492, 0.6222395896911621, 0.3667587339878082]
[0.26014670729637146, 0.4793510437011719, 0.26050224900245667]
[0.703679084777832, 0.26300048828125, 0.03332037851214409]
[0.4128131568431854, 0.4474398195743561, 0.1397470235824585]
[0.22616232931613922, 0.5901980996131897, 0.1836395561695099]
[0.0565231516957283, 0.27465081214904785, 0.6688261032104492]
[0.5052945017814636, 0.4085695743560791, 0.08613599091768265]
[0.714962363243103, 0.2532234489917755, 0.03181415796279907]
[0.2390137016773224, 0.42182621359825134, 0.3391600549221039]
[0.1118764653801918, 0.41037335991859436, 0.4777502417564392]
[0.6146460175514221, 0.33686619997024536, 0.048487819731235504]
[0.21636956930160522, 0.5525904893875122, 0.2310398668050766]
[0.12715387344360352, 0.6235342025756836, 0.24931186437606812]
[0.04158538207411766, 0.262012779712677, 0.696401834487915]
[0.10091787576675415, 0.5924745798110962, 0.30660757422447205]
[0.015070668421685696, 0.12097589671611786, 0.8639534711837769]
[0.06289611756801605, 0.490104615688324, 0.44699928164482117]
[0.6335696578025818, 0.3343949019908905, 0.032035380601882935]
[0.28319787979125977, 0.5842602252960205, 0.13254190981388092]
[0.21123923361301422, 0.4328107535839081, 0.3559500575065613]
[0.4871455729007721, 0.41190052032470703, 0.10095387697219849]
[0.9546868205070496, 0.042044784873723984, 0.0032683212775737047]
[0.5130179524421692, 0.4207755923271179, 0.06620641052722931]
[0.022351574152708054, 0.08906658738851547, 0.8885818123817444]
[0.023889346048235893, 0.2827827036380768, 0.6933280229568481]
[0.36261436343193054, 0.5043479204177856, 0.133037731051445]
[0.022756192833185196, 0.13410606980323792, 0.8431376814842224]
[0.08022533357143402, 0.4070984423160553, 0.5126761794090271]
[0.16606971621513367, 0.5111019015312195, 0.32282835245132446]
[0.017788812518119812, 0.12389247864484787, 0.8583186864852905]
[0.06641098856925964, 0.7473808526992798, 0.18620820343494415]
[0.40050849318504333, 0.44560936093330383, 0.15388210117816925]
[0.030238570645451546, 0.3441655933856964, 0.6255958676338196]
[0.5187448859214783, 0.4230193793773651, 0.058235738426446915]
[0.5173133611679077, 0.36919182538986206, 0.11349478363990784]
[0.03251462057232857, 0.3546367883682251, 0.6128485798835754]
[0.41172611713409424, 0.4802236258983612, 0.10805021226406097]
[0.00964307226240635, 0.3868294060230255, 0.6035275459289551]
[0.051570288836956024, 0.5890621542930603, 0.3593675494194031]
[0.017420129850506783, 0.4350042939186096, 0.5475755929946899]
[0.025065641850233078, 0.1360132098197937, 0.8389211893081665]
[0.7961334586143494, 0.1817135214805603, 0.022153081372380257]
[0.5109989643096924, 0.41445910930633545, 0.07454190403223038]
[0.1665436029434204, 0.4305122196674347, 0.4029441475868225]
[0.03941665217280388, 0.22868937253952026, 0.7318939566612244]
[0.17311632633209229, 0.404397577047348, 0.4224860668182373]
[0.42841896414756775, 0.3929053246974945, 0.17867568135261536]
[0.2280980348587036, 0.4556710720062256, 0.3162309527397156]
[0.5567373037338257, 0.3784513771533966, 0.06481125205755234]
[0.032065946608781815, 0.34107258915901184, 0.6268614530563354]
[0.4051441550254822, 0.4184950590133667, 0.17636075615882874]
[0.7419711351394653, 0.18790525197982788, 0.07012354582548141]
[0.7523446679115295, 0.20552049577236176, 0.04213481768965721]
[0.38712555170059204, 0.5002288222312927, 0.11264563351869583]
[0.4494962692260742, 0.39382925629615784, 0.15667448937892914]
[0.26493048667907715, 0.6480878591537476, 0.0869816392660141]
[0.6241934299468994, 0.33118316531181335, 0.04462336748838425]
[0.1756976991891861, 0.5734113454818726, 0.25089097023010254]
[0.5561674237251282, 0.4023350179195404, 0.04149754345417023]
[0.13024930655956268, 0.7314808964729309, 0.1382698267698288]
[0.3889628052711487, 0.504203736782074, 0.10683351755142212]
[0.5570668578147888, 0.35216617584228516, 0.09076695889234543]
[0.0511704720556736, 0.18287837505340576, 0.7659511566162109]
[0.038739774376153946, 0.3694533407688141, 0.5918068885803223]
[0.04655557870864868, 0.4538382887840271, 0.4996061325073242]
[0.17069914937019348, 0.6080873012542725, 0.22121353447437286]
[0.6850612163543701, 0.2644953429698944, 0.05044346675276756]
[0.5154213905334473, 0.354947954416275, 0.1296306848526001]
[0.06939081102609634, 0.4876196086406708, 0.4429895877838135]
[0.5648176670074463, 0.36909857392311096, 0.06608381122350693]
[0.0201356690376997, 0.4337664246559143, 0.5460978746414185]
[0.8856542706489563, 0.10170383751392365, 0.012641946785151958]
[0.0033409062307327986, 0.054964467883110046, 0.9416946172714233]
[0.0030640626791864634, 0.01737738400697708, 0.979558527469635]
[0.0014150692149996758, 0.02827508933842182, 0.970309853553772]
[0.01046417560428381, 0.42092907428741455, 0.5686067938804626]
[0.20622022449970245, 0.681239664554596, 0.11254017055034637]
[0.0871618464589119, 0.6605182886123657, 0.2523198425769806]
[0.020628133788704872, 0.22752970457077026, 0.7518421411514282]
[0.2786716818809509, 0.6579614877700806, 0.0633668452501297]
[0.7003238797187805, 0.271980881690979, 0.02769528143107891]
[0.07279527187347412, 0.30976706743240356, 0.6174376606941223]
[0.031197117641568184, 0.5490611791610718, 0.41974174976348877]
[0.1846025437116623, 0.4234175980091095, 0.391979843378067]
[0.01318493951112032, 0.39026835560798645, 0.5965467095375061]
[0.0012722843093797565, 0.022692251950502396, 0.976035475730896]
[0.003178568324074149, 0.12663953006267548, 0.8701818585395813]
[0.00503587257117033, 0.1386943757534027, 0.8562697768211365]
[0.12191358953714371, 0.3665587902069092, 0.5115275382995605]
[0.7227174639701843, 0.23536847531795502, 0.04191414639353752]
[0.018173664808273315, 0.06325288116931915, 0.9185733795166016]
[0.1297183483839035, 0.48128384351730347, 0.3889978229999542]
[0.05452297627925873, 0.4342539310455322, 0.5112231373786926]
[0.06627804040908813, 0.41132110357284546, 0.5224009156227112]
[0.0702701061964035, 0.2214212417602539, 0.7083086371421814]
[0.257245808839798, 0.5720181465148926, 0.17073604464530945]
[0.19168385863304138, 0.6865160465240479, 0.12180011719465256]
[0.03767002746462822, 0.7483837604522705, 0.21394628286361694]
[0.08450479060411453, 0.651976466178894, 0.26351872086524963]
[0.09493764489889145, 0.5488182902336121, 0.3562440872192383]
[0.11171454936265945, 0.5768236517906189, 0.31146180629730225]
[0.08555735647678375, 0.7828347086906433, 0.13160794973373413]
[0.45997849106788635, 0.47554531693458557, 0.06447611004114151]
[0.41494983434677124, 0.4857075810432434, 0.09934254735708237]
[0.578911542892456, 0.32552897930145264, 0.09555941075086594]
[0.10226143151521683, 0.656329333782196, 0.2414093166589737]
[0.05756375938653946, 0.2666493058204651, 0.6757869124412537]
[0.08560007810592651, 0.38397109508514404, 0.5304287672042847]
[0.1269444078207016, 0.4895981252193451, 0.3834574520587921]
[0.00914236344397068, 0.08855979889631271, 0.902297854423523]
[0.8677522540092468, 0.12095686048269272, 0.011290950700640678]
[0.41662463545799255, 0.44856026768684387, 0.13481508195400238]
[0.2950173616409302, 0.6480778455734253, 0.05690479651093483]
[0.8526836633682251, 0.12898105382919312, 0.018335334956645966]
[0.03795652836561203, 0.21125568449497223, 0.7507878541946411]
[0.22706925868988037, 0.5014951229095459, 0.2714357078075409]
[0.7796196341514587, 0.19678671658039093, 0.02359367348253727]
[0.8848592042922974, 0.10087581723928452, 0.014264916069805622]
[0.48096662759780884, 0.4395080506801605, 0.07952537387609482]
[0.5835873484611511, 0.3307029604911804, 0.08570969849824905]
[0.0962434709072113, 0.27225053310394287, 0.6315059661865234]
[0.5959945917129517, 0.2690122425556183, 0.13499318063259125]
[0.4815182685852051, 0.4059534966945648, 0.11252816766500473]
[0.07707267254590988, 0.48400455713272095, 0.43892279267311096]
[0.019494572654366493, 0.11363322287797928, 0.8668721914291382]
