[0.11921151727437973, 0.36929863691329956, 0.5114898085594177]
[0.6263120770454407, 0.3473580479621887, 0.02632986009120941]
[0.1798555701971054, 0.6915122270584106, 0.12863221764564514]
[0.014363721013069153, 0.18878337740898132, 0.7968529462814331]
[0.12753069400787354, 0.6633090376853943, 0.20916028320789337]
[0.28793662786483765, 0.5963237285614014, 0.11573963612318039]
[0.363107293844223, 0.6033450961112976, 0.033547598868608475]
[0.6747881174087524, 0.30293047428131104, 0.022281400859355927]
[0.41181373596191406, 0.5327154994010925, 0.055470775812864304]
[0.406089186668396, 0.5045804977416992, 0.08933041244745255]
[0.06474251300096512, 0.5332846641540527, 0.40197277069091797]
[0.4416719079017639, 0.4887320101261139, 0.06959599256515503]
[0.17981228232383728, 0.5825770497322083, 0.23761066794395447]
[0.32015568017959595, 0.6371569633483887, 0.04268736392259598]
[0.8175638914108276, 0.1760406792163849, 0.006395431235432625]
[0.034537170082330704, 0.45597726106643677, 0.5094855427742004]
[0.6528083086013794, 0.32924991846084595, 0.01794181391596794]
[0.4782211482524872, 0.4545203149318695, 0.06725852936506271]
[0.42255282402038574, 0.5326964855194092, 0.04475065693259239]
[0.02678643725812435, 0.4298987090587616, 0.5433148145675659]
[0.2308983951807022, 0.4657246470451355, 0.30337703227996826]
[0.04431340470910072, 0.42626121640205383, 0.5294253826141357]
[0.653196394443512, 0.30394214391708374, 0.042861465364694595]
[0.013554278761148453, 0.26461830735206604, 0.7218273878097534]
