[0.00963879656046629, 0.2282835990190506, 0.7620775699615479]
[0.06347879022359848, 0.727035641670227, 0.20948557555675507]
[0.0029810811392962933, 0.029326708987355232, 0.9676921963691711]
[0.009472823701798916, 0.12439826875925064, 0.8661289811134338]
[0.22181911766529083, 0.6658080816268921, 0.11237278580665588]
[0.3412790298461914, 0.4606616497039795, 0.1980593204498291]
[0.41595518589019775, 0.37933051586151123, 0.20471428334712982]
[0.006221545860171318, 0.1716892272233963, 0.8220891952514648]
[0.03760092332959175, 0.2705272436141968, 0.6918718218803406]
[0.20851650834083557, 0.3833591938018799, 0.40812429785728455]
[0.2001165747642517, 0.5398679971694946, 0.2600153684616089]
[0.09596726298332214, 0.5081058740615845, 0.39592689275741577]
[0.11989891529083252, 0.7073705196380615, 0.17273062467575073]
[0.06262523680925369, 0.5378006100654602, 0.3995741307735443]
[0.0690975934267044, 0.7692131400108337, 0.16168925166130066]
[0.1809532344341278, 0.6695770621299744, 0.14946967363357544]
[0.03154260292649269, 0.3332015573978424, 0.6352558135986328]
[0.2282998412847519, 0.5180805325508118, 0.25361961126327515]
[0.11060470342636108, 0.3709198236465454, 0.5184754133224487]
[0.008461684919893742, 0.07187967002391815, 0.9196586012840271]
[0.2622508108615875, 0.5201437473297119, 0.21760544180870056]
[0.00730814877897501, 0.06986433267593384, 0.9228274822235107]
[0.30602768063545227, 0.5266429781913757, 0.1673293113708496]
[0.2331814020872116, 0.38161328434944153, 0.3852052092552185]
[0.04103810340166092, 0.2849177122116089, 0.6740441918373108]
[0.020145785063505173, 0.13601410388946533, 0.8438401222229004]
[0.03897986188530922, 0.24555425345897675, 0.7154659032821655]
[0.40689268708229065, 0.4725043475627899, 0.12060296535491943]
[0.0058288960717618465, 0.05035257339477539, 0.9438185095787048]
[0.060372281819581985, 0.7290101051330566, 0.2106175571680069]
[0.19673055410385132, 0.4732562005519867, 0.33001330494880676]
[0.07391634583473206, 0.23921425640583038, 0.6868693828582764]
[0.16055141389369965, 0.6287848949432373, 0.21066364645957947]
[0.002808770164847374, 0.16808545589447021, 0.829105794429779]
[0.05253114178776741, 0.20281444489955902, 0.7446544170379639]
[0.6186239123344421, 0.31192049384117126, 0.0694556012749672]
[0.005146436393260956, 0.10757067054510117, 0.8872829079627991]
[0.0547478012740612, 0.35817334055900574, 0.587078869342804]
[0.0053606475703418255, 0.26449090242385864, 0.730148434638977]
[0.010020483285188675, 0.11911577731370926, 0.8708637356758118]
[0.1979169398546219, 0.6584917306900024, 0.14359131455421448]
[0.5611468553543091, 0.36370670795440674, 0.07514642924070358]
[0.8897721171379089, 0.10158776491880417, 0.008640039712190628]
[0.11233526468276978, 0.4934179186820984, 0.3942468762397766]
[0.3398606479167938, 0.5960741639137268, 0.06406518816947937]
[0.31985384225845337, 0.6035017371177673, 0.07664434611797333]
[0.7384703159332275, 0.2403603494167328, 0.021169375628232956]
[0.5729082822799683, 0.39119991660118103, 0.035891830921173096]
[0.2323935478925705, 0.48206380009651184, 0.28554266691207886]
[0.386496901512146, 0.5674372911453247, 0.046065762639045715]
[0.0467984564602375, 0.6975452303886414, 0.25565624237060547]
[0.011211846023797989, 0.08306118845939636, 0.9057270288467407]
[0.05052979290485382, 0.40215355157852173, 0.5473166108131409]
[0.0058950758539140224, 0.1629292368888855, 0.831175684928894]
[0.03533463552594185, 0.20141398906707764, 0.7632514238357544]
[0.11011598259210587, 0.39596232771873474, 0.49392169713974]
[0.11108027398586273, 0.6321881413459778, 0.25673162937164307]
[0.3219548761844635, 0.5700858235359192, 0.1079593077301979]
[0.11989393830299377, 0.4381220042705536, 0.44198405742645264]
[0.04892989248037338, 0.46134281158447266, 0.489727258682251]
[0.05539161339402199, 0.3445173501968384, 0.6000910401344299]
[0.013255869969725609, 0.1289244294166565, 0.8578196167945862]
[0.01253740768879652, 0.17952761054039001, 0.8079349994659424]
[0.0065372702665627, 0.0716283768415451, 0.9218343496322632]
[0.03534579277038574, 0.1763739287853241, 0.7882802486419678]
[0.024555770680308342, 0.1497514694929123, 0.8256928324699402]
[0.18742956221103668, 0.4321129024028778, 0.38045746088027954]
