[0.42373126745224, 0.44586360454559326, 0.13040514290332794]
[0.01462495606392622, 0.17360197007656097, 0.8117730617523193]
[0.002126978477463126, 0.046253751963377, 0.9516193270683289]
[0.15462982654571533, 0.47873803973197937, 0.3666320741176605]
[0.2893417775630951, 0.5374494194984436, 0.17320884764194489]
[0.08860897272825241, 0.5771287679672241, 0.33426225185394287]
[0.03725627437233925, 0.23409594595432281, 0.728647768497467]
[0.1670921891927719, 0.611751139163971, 0.22115662693977356]
[0.26392972469329834, 0.6583093404769897, 0.07776091992855072]
[0.10529086738824844, 0.6383380889892578, 0.2563709318637848]
[0.04825851693749428, 0.4072389304637909, 0.5445025563240051]
[0.1487809717655182, 0.370670348405838, 0.4805487096309662]
[0.43210750818252563, 0.4398707449436188, 0.1280217170715332]
[0.3369244933128357, 0.397969126701355, 0.2651063799858093]
[0.024434512481093407, 0.2559596002101898, 0.7196058630943298]
[0.3961673080921173, 0.35972967743873596, 0.2441030591726303]
[0.12245284020900726, 0.2737669348716736, 0.603780210018158]
[0.1839812844991684, 0.6333072781562805, 0.18271148204803467]
[0.013676165603101254, 0.13792113959789276, 0.8484026789665222]
[0.03520885854959488, 0.604878842830658, 0.35991230607032776]
[0.15673451125621796, 0.5186681151390076, 0.3245973587036133]
[0.13515809178352356, 0.6976130604743958, 0.1672288030385971]
[0.0067408145405352116, 0.08433114737272263, 0.9089280366897583]
[0.14894402027130127, 0.554792046546936, 0.2962639033794403]
[0.23004168272018433, 0.5766801238059998, 0.19327819347381592]
[0.22607095539569855, 0.5616061687469482, 0.2123229205608368]
[0.008573801256716251, 0.14353077113628387, 0.8478954434394836]
[0.19001741707324982, 0.6079735159873962, 0.20200912654399872]
[0.03626488149166107, 0.2849677503108978, 0.6787673234939575]
[0.010678679682314396, 0.12154103815555573, 0.8677802681922913]
[0.06469468027353287, 0.15533019602298737, 0.779975175857544]
[0.8863487839698792, 0.09958261996507645, 0.014068580232560635]
[0.5241122245788574, 0.3898131549358368, 0.08607463538646698]
[0.6295251846313477, 0.31829747557640076, 0.05217728763818741]
[0.12117864936590195, 0.3812273144721985, 0.4975939989089966]
[0.2269326001405716, 0.5916820764541626, 0.1813853681087494]
[0.00828584749251604, 0.0387943834066391, 0.9529197812080383]
[0.015792155638337135, 0.14354074001312256, 0.8406670689582825]
[0.03962989151477814, 0.5679535865783691, 0.39241650700569153]
[0.008014426566660404, 0.036176733672618866, 0.9558088779449463]
