[0.03921422362327576, 0.2810119688510895, 0.67977374792099]
[0.1710880994796753, 0.4635174870491028, 0.36539432406425476]
[0.8856161832809448, 0.10360562056303024, 0.010778194293379784]
[0.18377146124839783, 0.6037943363189697, 0.21243418753147125]
[0.1916079819202423, 0.5504540801048279, 0.2579379379749298]
[0.014769081026315689, 0.2769819498062134, 0.7082489132881165]
[0.8615933656692505, 0.12963874638080597, 0.008767975494265556]
[0.04070665314793587, 0.22839824855327606, 0.7308951020240784]
[0.5511785745620728, 0.4051534831523895, 0.04366793856024742]
[0.10176442563533783, 0.20239317417144775, 0.6958423852920532]
[0.050905562937259674, 0.19730302691459656, 0.7517914772033691]
[0.07210014760494232, 0.20430734753608704, 0.7235925197601318]
[0.03609456494450569, 0.7636165618896484, 0.20028889179229736]
[0.28876036405563354, 0.6598766446113586, 0.05136299505829811]
[0.14002200961112976, 0.6076317429542542, 0.2523461878299713]
[0.13724590837955475, 0.6867259740829468, 0.17602810263633728]
[0.5128685832023621, 0.4233352839946747, 0.06379609555006027]
[0.1891217678785324, 0.7468093633651733, 0.06406888365745544]
[0.1729959398508072, 0.6422490477561951, 0.18475501239299774]
[0.17983797192573547, 0.5731887221336365, 0.24697327613830566]
[0.43734264373779297, 0.46737658977508545, 0.0952807366847992]
[0.008789081126451492, 0.041824888437986374, 0.9493860602378845]
[0.0062809232622385025, 0.030740587040781975, 0.9629785418510437]
[0.06306786835193634, 0.3200814723968506, 0.6168506741523743]
[0.006855871062725782, 0.12830381095409393, 0.8648403286933899]
[0.0034219841472804546, 0.11647538840770721, 0.8801026940345764]
[0.0023125626612454653, 0.038224320858716965, 0.9594631195068359]
[0.004191452171653509, 0.13348454236984253, 0.862324059009552]
[0.005341691430658102, 0.031178010627627373, 0.9634803533554077]
[0.2582148015499115, 0.49904850125312805, 0.24273668229579926]
[0.10995335131883621, 0.39537331461906433, 0.4946732819080353]
[0.3651858866214752, 0.4896111786365509, 0.1452029049396515]
[0.050322823226451874, 0.6451289653778076, 0.3045482933521271]
[0.0232765581458807, 0.4000054597854614, 0.5767179727554321]
[0.007308060768991709, 0.11799019575119019, 0.8747016787528992]
[0.023426970466971397, 0.6310815811157227, 0.34549152851104736]
[0.001767826615832746, 0.020409906283020973, 0.9778222441673279]
[0.10666249692440033, 0.4885517954826355, 0.404785692691803]
[0.0029971906915307045, 0.025020239874720573, 0.9719825387001038]
[0.4927247166633606, 0.452071875333786, 0.055203404277563095]
[0.7275106310844421, 0.2531347870826721, 0.019354520365595818]
[0.10478946566581726, 0.5953532457351685, 0.2998572587966919]
[0.6821030378341675, 0.2901739776134491, 0.027722995728254318]
[0.6054921746253967, 0.3477575480937958, 0.046750228852033615]
[0.067234106361866, 0.6913588643074036, 0.24140699207782745]
[0.4860873520374298, 0.4256972074508667, 0.0882154032588005]
[0.042948558926582336, 0.21462711691856384, 0.7424243092536926]
[0.0649292841553688, 0.5983309149742126, 0.336739718914032]
[0.1554785966873169, 0.6918346285820007, 0.15268683433532715]
[0.3617246150970459, 0.5795672535896301, 0.058708056807518005]
[0.029611054807901382, 0.6923730373382568, 0.2780158817768097]
[0.026182476431131363, 0.8627081513404846, 0.11110938340425491]
[0.20125889778137207, 0.7139844298362732, 0.08475672453641891]
[0.7128719091415405, 0.26169684529304504, 0.025431310757994652]
[0.15508733689785004, 0.6372103691101074, 0.20770229399204254]
[0.7944556474685669, 0.18759110569953918, 0.01795320212841034]
[0.3563254475593567, 0.5310220122337341, 0.1126525029540062]
[0.06917328387498856, 0.6493963003158569, 0.2814304530620575]
[0.7089665532112122, 0.25715795159339905, 0.03387543931603432]
[0.1669885367155075, 0.4607425630092621, 0.3722689151763916]
[0.0019503651419654489, 0.029753481969237328, 0.9682961702346802]
[0.25591060519218445, 0.44964534044265747, 0.2944440245628357]
[0.5072864294052124, 0.4137638807296753, 0.0789497122168541]
[0.3658308684825897, 0.563004195690155, 0.07116495072841644]
[0.11666293442249298, 0.5063199996948242, 0.377017080783844]
[0.22401800751686096, 0.6308245658874512, 0.14515742659568787]
[0.03645869344472885, 0.6017264127731323, 0.361814945936203]
[0.1244499608874321, 0.7858626246452332, 0.08968740701675415]
[0.44907239079475403, 0.45684051513671875, 0.09408705681562424]
[0.4309012293815613, 0.4551125466823578, 0.1139862909913063]
[0.6276237964630127, 0.3147912323474884, 0.05758493393659592]
[0.6745411157608032, 0.3037622272968292, 0.02169666439294815]
[0.35047224164009094, 0.44638946652412415, 0.2031383514404297]
[0.9536362886428833, 0.04168139398097992, 0.004682352766394615]
[0.06117692589759827, 0.654159426689148, 0.2846636474132538]
[0.05232221633195877, 0.8412168622016907, 0.10646087676286697]
[0.007332234643399715, 0.1854982078075409, 0.8071695566177368]
[0.08768439292907715, 0.7330732941627502, 0.17924241721630096]
[0.03174310550093651, 0.6089500784873962, 0.35930678248405457]
[0.1471969187259674, 0.7266756892204285, 0.1261274218559265]
[0.12058023363351822, 0.6375969648361206, 0.24182279407978058]
[0.03756650537252426, 0.8082402944564819, 0.1541932374238968]
[0.3001558780670166, 0.5828717350959778, 0.11697239428758621]
[0.12497013062238693, 0.7100059390068054, 0.16502395272254944]
[0.21394082903862, 0.6174497604370117, 0.16860945522785187]
[0.12123039364814758, 0.7642258405685425, 0.11454373598098755]
[0.17744481563568115, 0.5754579901695251, 0.2470971643924713]
[0.46277451515197754, 0.3967413306236267, 0.14048416912555695]
[0.7016363143920898, 0.2800818681716919, 0.018281888216733932]
[0.13933029770851135, 0.39402613043785095, 0.4666435122489929]
[0.5087929368019104, 0.37825945019721985, 0.11294756829738617]
[0.038164570927619934, 0.44031161069869995, 0.5215237736701965]
[0.18025030195713043, 0.5793907642364502, 0.24035897850990295]
[0.04697858542203903, 0.4277004301548004, 0.5253210067749023]
[0.026951324194669724, 0.8330069184303284, 0.14004181325435638]
[0.4101523458957672, 0.5164400935173035, 0.07340751588344574]
[0.5686405301094055, 0.36028462648391724, 0.07107476145029068]
[0.03027516044676304, 0.35111093521118164, 0.6186138987541199]
[0.36011162400245667, 0.5367090106010437, 0.10317930579185486]
[0.07326822727918625, 0.528265118598938, 0.39846670627593994]
[0.3421359062194824, 0.5452309250831604, 0.11263316124677658]
[0.0052841706201434135, 0.16280272603034973, 0.8319131731987]
[0.046070169657468796, 0.5527083873748779, 0.4012213945388794]
[0.14019282162189484, 0.718131959438324, 0.1416751593351364]
[0.0073214201256632805, 0.19002504646778107, 0.8026534914970398]
[0.5282565951347351, 0.4238099753856659, 0.04793340340256691]
[0.08080486208200455, 0.49761202931404114, 0.4215830862522125]
[0.6346925497055054, 0.32307106256484985, 0.0422363355755806]
[0.7732970714569092, 0.20650795102119446, 0.02019508369266987]
[0.015701085329055786, 0.6115722060203552, 0.3727267384529114]
[0.7870543003082275, 0.19154682755470276, 0.021398842334747314]
[0.8459810018539429, 0.14408428966999054, 0.009934666566550732]
[0.028396140784025192, 0.2630966305732727, 0.708507239818573]
[0.4963955283164978, 0.426386296749115, 0.0772181823849678]
[0.14893047511577606, 0.7507510781288147, 0.10031843930482864]
[0.05642501637339592, 0.5693168044090271, 0.3742581307888031]
[0.3281693160533905, 0.5734589695930481, 0.09837169200181961]
[0.05469992011785507, 0.3170519769191742, 0.6282481551170349]
[0.3539363741874695, 0.4887668192386627, 0.15729685127735138]
[0.06014633923768997, 0.29972559213638306, 0.6401280760765076]
[0.7677718997001648, 0.21205443143844604, 0.020173685625195503]
[0.6751723289489746, 0.29727599024772644, 0.02755170501768589]
[0.6020347476005554, 0.36731791496276855, 0.030647307634353638]
[0.37575653195381165, 0.5682634115219116, 0.05598003417253494]
[0.14116092026233673, 0.6718617677688599, 0.1869772970676422]
[0.022920796647667885, 0.5080894827842712, 0.46898970007896423]
[0.3450232148170471, 0.5268386602401733, 0.12813806533813477]
[0.16971421241760254, 0.4480178952217102, 0.3822679817676544]
[0.05210712179541588, 0.2614467740058899, 0.6864460706710815]
[0.026260703802108765, 0.5035234093666077, 0.47021591663360596]
[0.20612318813800812, 0.7016956806182861, 0.09218110889196396]
[0.47383567690849304, 0.49408093094825745, 0.03208336606621742]
[0.5841555595397949, 0.3726448118686676, 0.043199632316827774]
[0.7778867483139038, 0.2115725725889206, 0.010540656745433807]
[0.29089441895484924, 0.588616669178009, 0.12048888206481934]
[0.86933434009552, 0.12066485732793808, 0.010000806301832199]
[0.4948355257511139, 0.44053134322166443, 0.06463320553302765]
[0.0032697797287255526, 0.03140021488070488, 0.9653300642967224]
[0.03368677943944931, 0.13499251008033752, 0.8313207030296326]
[0.001398505992256105, 0.010229420848190784, 0.9883720278739929]
[0.05472204461693764, 0.5233024954795837, 0.42197540402412415]
[0.14727753400802612, 0.43812549114227295, 0.4145970642566681]
[0.3222223222255707, 0.5545011162757874, 0.12327659130096436]
[0.14339768886566162, 0.5200254917144775, 0.3365768492221832]
[0.25577816367149353, 0.6522680521011353, 0.0919538214802742]
[0.09948403388261795, 0.7918457388877869, 0.10867023468017578]
[0.03198796510696411, 0.4411271810531616, 0.5268847942352295]
[0.4804666340351105, 0.4119267463684082, 0.1076066866517067]
[0.007617463357746601, 0.08439524471759796, 0.9079873561859131]
[0.1031077578663826, 0.2709638476371765, 0.6259284019470215]
[0.0022801640443503857, 0.039389993995428085, 0.9583298563957214]
[0.0034519736655056477, 0.027739571407437325, 0.9688084125518799]
[0.0022654400672763586, 0.04607158899307251, 0.9516629576683044]
[0.005532355047762394, 0.05089476704597473, 0.9435728788375854]
[0.004662001971155405, 0.11032812297344208, 0.8850098848342896]
[0.6562001705169678, 0.3166823089122772, 0.027117440477013588]
[0.1568683683872223, 0.49146702885627747, 0.35166457295417786]
[0.12554334104061127, 0.46194714307785034, 0.412509560585022]
[0.16974832117557526, 0.7619098424911499, 0.06834188103675842]
[0.41416558623313904, 0.4865233898162842, 0.09931107610464096]
[0.033639851957559586, 0.2872837781906128, 0.6790763139724731]
[0.1611499935388565, 0.704016387462616, 0.13483358919620514]
[0.7772044539451599, 0.20879650115966797, 0.013999034650623798]
[0.7186082601547241, 0.2591600716114044, 0.022231653332710266]
[0.19300758838653564, 0.6970862746238708, 0.10990607738494873]
[0.0216449573636055, 0.2046571969985962, 0.7736977934837341]
[0.19080296158790588, 0.4106999933719635, 0.398497074842453]
[0.0928838923573494, 0.4818620979785919, 0.4252539575099945]
[0.01937878131866455, 0.2778140902519226, 0.7028071284294128]
[0.017417242750525475, 0.09168951213359833, 0.8908932209014893]
[0.20786155760288239, 0.6052576303482056, 0.18688085675239563]
[0.026704290881752968, 0.22914645075798035, 0.7441492676734924]
[0.5548679232597351, 0.4124930202960968, 0.0326390415430069]
[0.17722326517105103, 0.6606811881065369, 0.1620955765247345]
[0.22509188950061798, 0.6982886791229248, 0.07661944627761841]
[0.8274054527282715, 0.15150152146816254, 0.021093053743243217]
[0.044037967920303345, 0.5381895303726196, 0.4177725315093994]
[0.07804740220308304, 0.628937304019928, 0.2930152714252472]
[0.251029908657074, 0.610390305519104, 0.13857978582382202]
[0.07831542193889618, 0.5640331506729126, 0.35765135288238525]
[0.7597688436508179, 0.22447873651981354, 0.015752341598272324]
[0.7569225430488586, 0.23076048493385315, 0.01231694221496582]
[0.5213654041290283, 0.4268956780433655, 0.051738813519477844]
[0.40409013628959656, 0.5443657040596008, 0.051544129848480225]
[0.15069811046123505, 0.720399022102356, 0.1289028376340866]
[0.6144087314605713, 0.35028648376464844, 0.03530478850007057]
[0.7558216452598572, 0.2212846279144287, 0.022893738001585007]
[0.6851187348365784, 0.2841074466705322, 0.030773766338825226]
[0.35425400733947754, 0.4882260859012604, 0.15751993656158447]
[0.05594152957201004, 0.5173860788345337, 0.42667239904403687]
[0.03728233277797699, 0.49759116768836975, 0.46512648463249207]
[0.029631556943058968, 0.17876483500003815, 0.7916036248207092]
[0.027167990803718567, 0.44468358159065247, 0.5281484127044678]
[0.3514489233493805, 0.530991792678833, 0.11755929887294769]
[0.16066880524158478, 0.3857857286930084, 0.45354539155960083]
[0.3878915011882782, 0.5512867569923401, 0.06082175672054291]
[0.16296067833900452, 0.7314602136611938, 0.10557908564805984]
[0.013755041174590588, 0.18809719383716583, 0.7981477379798889]
[0.20240581035614014, 0.6103881001472473, 0.18720602989196777]
[0.02080892026424408, 0.5392699241638184, 0.43992117047309875]
[0.026307903230190277, 0.1360696703195572, 0.8376224637031555]
[0.36451536417007446, 0.36878418922424316, 0.26670047640800476]
[0.06550005078315735, 0.3846137225627899, 0.5498862266540527]
[0.08007730543613434, 0.4948645234107971, 0.42505815625190735]
[0.0054142773151397705, 0.16052421927452087, 0.8340614438056946]
[0.04214103892445564, 0.42875906825065613, 0.5290998816490173]
[0.008476903662085533, 0.11146389693021774, 0.8800591826438904]
[0.002687494968995452, 0.06386249512434006, 0.9334499835968018]
[0.13062022626399994, 0.4899083077907562, 0.37947139143943787]
[0.01421861071139574, 0.2924748659133911, 0.6933065056800842]
[0.5722354054450989, 0.3738977611064911, 0.053866785019636154]
[0.013914819806814194, 0.8176919221878052, 0.16839322447776794]
[0.46814781427383423, 0.46995866298675537, 0.06189347058534622]
[0.1093301922082901, 0.3827856183052063, 0.50788414478302]
[0.03806411474943161, 0.3770815134048462, 0.5848543643951416]
[0.15574896335601807, 0.7667827010154724, 0.07746834307909012]
[0.23700103163719177, 0.6785312294960022, 0.08446774631738663]
[0.4977948069572449, 0.4452938437461853, 0.05691138282418251]
[0.5211452841758728, 0.443103551864624, 0.03575120493769646]
[0.5361779928207397, 0.3746910095214844, 0.08913102000951767]
[0.7003889679908752, 0.25409364700317383, 0.045517344027757645]
[0.16802407801151276, 0.5356220602989197, 0.296353816986084]
[0.2814284861087799, 0.5671361088752747, 0.15143540501594543]
[0.10686390846967697, 0.3543044626712799, 0.5388315916061401]
[0.014152183197438717, 0.0688585638999939, 0.9169893264770508]
[0.038347844034433365, 0.14853279292583466, 0.8131194114685059]
[0.3521830439567566, 0.49502232670783997, 0.15279461443424225]
[0.3943846821784973, 0.5208092927932739, 0.08480595052242279]
[0.05507301911711693, 0.5687752962112427, 0.3761516809463501]
[0.06139674782752991, 0.42103973031044006, 0.51756352186203]
[0.09045957028865814, 0.4806438088417053, 0.42889663577079773]
[0.021140607073903084, 0.5678765177726746, 0.41098281741142273]
[0.007254130207002163, 0.07538353651762009, 0.9173623323440552]
[0.010196799412369728, 0.16411514580249786, 0.8256880044937134]
[0.6702492833137512, 0.28427183628082275, 0.04547892510890961]
[0.02163909748196602, 0.2381022721529007, 0.7402586340904236]
[0.12080337852239609, 0.42752254009246826, 0.45167404413223267]
[0.713294506072998, 0.2356766164302826, 0.05102891847491264]
[0.015444234944880009, 0.5450084209442139, 0.4395473301410675]
[0.38751012086868286, 0.41686007380485535, 0.19562973082065582]
[0.02127932198345661, 0.27519485354423523, 0.7035258412361145]
[0.03473108634352684, 0.5105978846549988, 0.4546709656715393]
[0.0200185626745224, 0.14742356538772583, 0.8325578570365906]
[0.005434166174381971, 0.04995967447757721, 0.9446061253547668]
