[0.0011432076571509242, 0.035177670419216156, 0.9636791348457336]
[0.01895284466445446, 0.09417333453893661, 0.8868738412857056]
[0.03104182705283165, 0.33853501081466675, 0.6304231286048889]
[0.03884347155690193, 0.8401594161987305, 0.12099714577198029]
[0.017388399690389633, 0.1604251116514206, 0.8221865296363831]
[0.03379430994391441, 0.3917701840400696, 0.5744354724884033]
[0.26092830300331116, 0.6052072644233704, 0.1338644176721573]
[0.3442224860191345, 0.5700477361679077, 0.08572984486818314]
[0.22164775431156158, 0.6533187627792358, 0.1250333935022354]
[0.010750663466751575, 0.1532672792673111, 0.8359820246696472]
[0.17500299215316772, 0.5178772211074829, 0.30711984634399414]
[0.2933480739593506, 0.5965650081634521, 0.11008701473474503]
[0.36765313148498535, 0.4695742726325989, 0.16277256608009338]
[0.4554959833621979, 0.4984154999256134, 0.04608853533864021]
[0.1063312217593193, 0.5963377952575684, 0.29733097553253174]
[0.3435925543308258, 0.5704649686813354, 0.08594254404306412]
[0.07558505237102509, 0.4294958710670471, 0.4949191212654114]
[0.0736435130238533, 0.6228554248809814, 0.30350103974342346]
[0.012399441562592983, 0.11572393774986267, 0.87187659740448]
[0.08175298571586609, 0.5491499304771423, 0.3690970838069916]
[0.5820109248161316, 0.388705313205719, 0.029283780604600906]
[0.4041772782802582, 0.5452961325645447, 0.05052664130926132]
[0.44800031185150146, 0.49302050471305847, 0.05897917225956917]
[0.2726827561855316, 0.6124404668807983, 0.11487686634063721]
[0.49439647793769836, 0.46128571033477783, 0.04431774094700813]
[0.1782636046409607, 0.6878779530525208, 0.13385844230651855]
[0.3196965754032135, 0.5244585871696472, 0.15584483742713928]
[0.2976006269454956, 0.6054850816726685, 0.09691426903009415]
[0.21415553987026215, 0.727929949760437, 0.05791452154517174]
[0.42343583703041077, 0.3818338215351105, 0.19473028182983398]
[0.04450837895274162, 0.2742902934551239, 0.6812013387680054]
[0.2087731808423996, 0.707237184047699, 0.08398961275815964]
[0.020175093784928322, 0.4632467031478882, 0.516578197479248]
[0.04068167135119438, 0.32191193103790283, 0.6374064683914185]
[0.21331673860549927, 0.7060261964797974, 0.08065702021121979]
[0.41466134786605835, 0.43330347537994385, 0.15203511714935303]
[0.23850364983081818, 0.47959014773368835, 0.28190621733665466]
[0.08433231711387634, 0.45722511410713196, 0.4584425687789917]
[0.3057076334953308, 0.6328474879264832, 0.06144491210579872]
[0.22943635284900665, 0.562335729598999, 0.20822802186012268]
[0.20231300592422485, 0.5398605465888977, 0.25782644748687744]
[0.05772203579545021, 0.5754659175872803, 0.3668121099472046]
[0.05630465969443321, 0.28611135482788086, 0.6575839519500732]
[0.41193249821662903, 0.5201666951179504, 0.06790080666542053]
[0.02579810656607151, 0.3026160001754761, 0.6715858578681946]
[0.48479071259498596, 0.4240254759788513, 0.0911838635802269]
[0.3350859582424164, 0.5036441087722778, 0.1612699180841446]
[0.4686748683452606, 0.4492768347263336, 0.08204826712608337]
[0.01753797009587288, 0.20931319892406464, 0.773148775100708]
[0.1020551547408104, 0.5869374871253967, 0.31100741028785706]
[0.04733676835894585, 0.3304990231990814, 0.6221641302108765]
[0.26842162013053894, 0.6461876034736633, 0.08539079129695892]
[0.04305751994252205, 0.8250826001167297, 0.1318599283695221]
[0.0606573224067688, 0.3453250825405121, 0.5940176248550415]
[0.6569923758506775, 0.3014955222606659, 0.041512154042720795]
[0.029353803023695946, 0.2129371613264084, 0.7577090859413147]
[0.2891613841056824, 0.5074461698532104, 0.20339243113994598]
[0.242817685008049, 0.5896220803260803, 0.16756024956703186]
[0.11696753650903702, 0.4199735224246979, 0.4630588889122009]
[0.03486711531877518, 0.7431239485740662, 0.22200895845890045]
[0.015770262107253075, 0.20963448286056519, 0.7745952606201172]
[0.7228290438652039, 0.2530558109283447, 0.024115195497870445]
[0.40999698638916016, 0.5137311220169067, 0.07627184689044952]
[0.07012692838907242, 0.30405932664871216, 0.6258137822151184]
[0.010905739851295948, 0.20384688675403595, 0.7852473855018616]
[0.05804308131337166, 0.6150675415992737, 0.32688939571380615]
[0.0653238594532013, 0.5306655764579773, 0.40401044487953186]
[0.005445542745292187, 0.06400315463542938, 0.930551290512085]
[0.016642345115542412, 0.13659979403018951, 0.8467578291893005]
[0.03090938925743103, 0.4701152443885803, 0.49897536635398865]
[0.002426189836114645, 0.02449692413210869, 0.9730768799781799]
[0.06260154396295547, 0.128229022026062, 0.8091694712638855]
[0.01805066131055355, 0.18908318877220154, 0.7928661704063416]
[0.40783047676086426, 0.4775042235851288, 0.11466524749994278]
[0.2820211946964264, 0.5796040892601013, 0.1383746713399887]
[0.14890502393245697, 0.5545457005500793, 0.29654932022094727]
[0.4618808627128601, 0.4438830316066742, 0.09423613548278809]
[0.5435562133789062, 0.4022615849971771, 0.054182253777980804]
[0.1661485880613327, 0.48462334275245667, 0.3492281138896942]
[0.7598385810852051, 0.2284410297870636, 0.011720425449311733]
[0.33606404066085815, 0.6043606400489807, 0.059575315564870834]
[0.5126938223838806, 0.4034150242805481, 0.0838911309838295]
[0.00962009932845831, 0.1703837662935257, 0.8199961185455322]
[0.2524634003639221, 0.6535565853118896, 0.09398002922534943]
[0.23573578894138336, 0.5789677500724792, 0.18529650568962097]
[0.013319173827767372, 0.2397163063287735, 0.7469645142555237]
[0.008278745226562023, 0.03804299607872963, 0.9536782503128052]
[0.002012824174016714, 0.02919834852218628, 0.9687888622283936]
[0.0055282991379499435, 0.053326305001974106, 0.9411454200744629]
[0.0033022421412169933, 0.1079324334859848, 0.8887653350830078]
[0.006322251632809639, 0.08544495701789856, 0.9082328081130981]
[0.5797882080078125, 0.36491838097572327, 0.05529337748885155]
[0.24591735005378723, 0.6058209538459778, 0.1482616811990738]
[0.04367619380354881, 0.2460201233625412, 0.7103036642074585]
[0.23316636681556702, 0.5727121233940125, 0.19412146508693695]
[0.05997348576784134, 0.34110158681869507, 0.598924994468689]
[0.6509554982185364, 0.320364773273468, 0.028679706156253815]
[0.14097054302692413, 0.4829753637313843, 0.3760540187358856]
[0.007410089485347271, 0.15913444757461548, 0.833455502986908]
[0.0016696201637387276, 0.010706092230975628, 0.9876242876052856]
[0.013979148119688034, 0.22389988601207733, 0.7621210217475891]
[0.017188813537359238, 0.2177608609199524, 0.7650503516197205]
[0.8338618874549866, 0.15060476958751678, 0.015533349476754665]
[0.5146167874336243, 0.4431811571121216, 0.042202021926641464]
[0.0987180545926094, 0.7553027868270874, 0.14597918093204498]
[0.49061283469200134, 0.4589519798755646, 0.05043518543243408]
[0.08645287901163101, 0.4349425733089447, 0.4786045253276825]
[0.09289591014385223, 0.4944680631160736, 0.41263604164123535]
[0.07032256573438644, 0.8846986293792725, 0.044978879392147064]
[0.0023431198205798864, 0.034081898629665375, 0.9635749459266663]
[0.021800260990858078, 0.3244074583053589, 0.6537922620773315]
[0.09344019740819931, 0.4812261462211609, 0.425333708524704]
[0.025162063539028168, 0.19561587274074554, 0.7792220115661621]
[0.05667128786444664, 0.6223503351211548, 0.3209783732891083]
[0.06362686306238174, 0.5492720603942871, 0.38710105419158936]
[0.5352032780647278, 0.39520156383514404, 0.06959516555070877]
[0.5511202812194824, 0.3952033221721649, 0.053676459938287735]
[0.35448479652404785, 0.5473474860191345, 0.09816775470972061]
[0.0033507193438708782, 0.03768550977110863, 0.9589636921882629]
[0.33837762475013733, 0.4788672626018524, 0.18275511264801025]
[0.3330683410167694, 0.46653375029563904, 0.20039789378643036]
[0.4904140532016754, 0.41359764337539673, 0.09598830342292786]
[0.07491615414619446, 0.7839764952659607, 0.14110738039016724]
[0.4080798029899597, 0.506344199180603, 0.08557603508234024]
[0.3875877857208252, 0.5425525307655334, 0.06985962390899658]
[0.2139442414045334, 0.7073315978050232, 0.0787241980433464]
[0.11071404814720154, 0.5085831880569458, 0.38070276379585266]
[0.034612543880939484, 0.23828428983688354, 0.7271031737327576]
[0.44150030612945557, 0.46909162402153015, 0.0894080176949501]
[0.4055212140083313, 0.47176218032836914, 0.12271662056446075]
[0.007573265116661787, 0.1319407969713211, 0.8604859113693237]
[0.03688007965683937, 0.4741005301475525, 0.4890194237232208]
[0.01637260429561138, 0.1562497615814209, 0.8273776173591614]
[0.10582657903432846, 0.648218035697937, 0.24595533311367035]
[0.3889540135860443, 0.4473533034324646, 0.16369269788265228]
[0.501626193523407, 0.3958425223827362, 0.10253128409385681]
[0.004563578404486179, 0.027909668162465096, 0.9675267934799194]
[0.04528479278087616, 0.739822268486023, 0.2148929387331009]
[0.3585469126701355, 0.5985733270645142, 0.042879726737737656]
[0.1433638483285904, 0.7124413251876831, 0.1441948562860489]
[0.019671110436320305, 0.6846941113471985, 0.29563480615615845]
[0.04908366501331329, 0.3735644221305847, 0.5773519277572632]
[0.058816321194171906, 0.5261420607566833, 0.41504159569740295]
[0.15546166896820068, 0.7279493808746338, 0.11658889800310135]
[0.498453289270401, 0.3930175006389618, 0.10852925479412079]
[0.425619900226593, 0.5248208045959473, 0.049559336155653]
[0.7458266615867615, 0.23247358202934265, 0.02169981598854065]
[0.5650345087051392, 0.3611971139907837, 0.07376839220523834]
[0.492954283952713, 0.44175097346305847, 0.06529475003480911]
[0.23427090048789978, 0.48193782567977905, 0.28379127383232117]
[0.3463265299797058, 0.5114836692810059, 0.14218980073928833]
[0.7661523222923279, 0.20707595348358154, 0.02677171491086483]
[0.553132176399231, 0.3581453859806061, 0.08872248232364655]
[0.1279980093240738, 0.4933430552482605, 0.3786589801311493]
[0.04869672283530235, 0.7828534245491028, 0.16844987869262695]
[0.3234972357749939, 0.5120205283164978, 0.1644822657108307]
[0.009748260490596294, 0.07494932413101196, 0.9153024554252625]
[0.07418829202651978, 0.5401060581207275, 0.3857056200504303]
[0.5909128785133362, 0.37036821246147156, 0.038718950003385544]
[0.634803831577301, 0.2954845428466797, 0.0697116106748581]
[0.2259218543767929, 0.3061603307723999, 0.4679177701473236]
[0.485268235206604, 0.4344119131565094, 0.08031988143920898]
[0.001909045036882162, 0.098331518471241, 0.8997594118118286]
[0.0027437314856797457, 0.036836832761764526, 0.9604194760322571]
[0.04539305716753006, 0.3258122205734253, 0.6287947297096252]
[0.07578443735837936, 0.7022798657417297, 0.2219356894493103]
[0.03915607929229736, 0.7485198378562927, 0.21232415735721588]
[0.05267657712101936, 0.27036774158477783, 0.6769556999206543]
[0.22354887425899506, 0.4910552203655243, 0.2853959798812866]
[0.22699473798274994, 0.6697994470596313, 0.10320577770471573]
[0.5636782646179199, 0.3410803973674774, 0.09524136781692505]
[0.012005086056888103, 0.08387516438961029, 0.9041197896003723]
[0.0014446431305259466, 0.10469718277454376, 0.8938581943511963]
[0.00234878808259964, 0.03508876636624336, 0.9625623822212219]
[0.39980393648147583, 0.3837657868862152, 0.21643026173114777]
[0.004725778009742498, 0.07594535499811172, 0.9193289279937744]
[0.3999477028846741, 0.49440813064575195, 0.10564415156841278]
[0.25445279479026794, 0.5990031957626343, 0.1465439796447754]
[0.5571492314338684, 0.3534594774246216, 0.0893912985920906]
[0.004611201584339142, 0.08120539039373398, 0.9141833782196045]
[0.04790196195244789, 0.4905470609664917, 0.46155092120170593]
[0.019769294187426567, 0.2356337457895279, 0.7445968985557556]
[0.5129371881484985, 0.43497875332832336, 0.05208408832550049]
[0.6143378615379333, 0.30361208319664, 0.08205001056194305]
[0.2913636863231659, 0.6423524618148804, 0.06628386676311493]
[0.6628814935684204, 0.31374919414520264, 0.02336931973695755]
[0.3555695712566376, 0.5682081580162048, 0.07622228562831879]
[0.5912227034568787, 0.3663419783115387, 0.04243532195687294]
[0.6473053097724915, 0.3090004026889801, 0.04369431734085083]
[0.0625084713101387, 0.4407115578651428, 0.4967799186706543]
[0.09242942929267883, 0.4591257572174072, 0.44844484329223633]
[0.15946483612060547, 0.7178871631622314, 0.1226479783654213]
[0.6710634827613831, 0.26784464716911316, 0.06109187379479408]
[0.49598029255867004, 0.4463652968406677, 0.057654473930597305]
[0.6014268398284912, 0.3303821384906769, 0.0681910589337349]
[0.010879945941269398, 0.10153823345899582, 0.8875818252563477]
[0.02827189490199089, 0.2134982943534851, 0.7582297921180725]
[0.14933176338672638, 0.605035662651062, 0.24563252925872803]
[0.46529293060302734, 0.44371432065963745, 0.09099283069372177]
[0.05887991189956665, 0.5397258996963501, 0.40139418840408325]
[0.2101062536239624, 0.6453348994255066, 0.1445588916540146]
[0.9180780649185181, 0.07690701633691788, 0.005014941096305847]
[0.6645105481147766, 0.2986990809440613, 0.036790259182453156]
[0.8009548187255859, 0.18526220321655273, 0.013782989233732224]
[0.4199685752391815, 0.4131229519844055, 0.16690845787525177]
[0.17855723202228546, 0.6316887736320496, 0.18975402414798737]
[0.015946591272950172, 0.6397793889045715, 0.3442740738391876]
[0.3755185604095459, 0.4005226790904999, 0.22395871579647064]
[0.006154979113489389, 0.11685413122177124, 0.8769908547401428]
[0.0086689293384552, 0.08979016542434692, 0.9015408754348755]
[0.012786141596734524, 0.15196006000041962, 0.8352537751197815]
[0.0026592761278152466, 0.02639084868133068, 0.9709498882293701]
[0.32416510581970215, 0.563947856426239, 0.11188702285289764]
[0.30930718779563904, 0.6345420479774475, 0.05615067854523659]
[0.006545202806591988, 0.09040364623069763, 0.9030511379241943]
[0.020665094256401062, 0.17012424767017365, 0.8092106580734253]
[0.008844748139381409, 0.2923012375831604, 0.6988539695739746]
[0.009143580682575703, 0.1318497359752655, 0.8590066432952881]
[0.4137640595436096, 0.540622889995575, 0.04561305418610573]
[0.6632459759712219, 0.3046746551990509, 0.032079316675662994]
[0.060877252370119095, 0.28473466634750366, 0.6543880701065063]
[0.007335576694458723, 0.17484286427497864, 0.8178216218948364]
[0.432754784822464, 0.44738292694091797, 0.11986228078603745]
[0.040119122713804245, 0.39934417605400085, 0.5605366826057434]
[0.8539233207702637, 0.1304362714290619, 0.015640396624803543]
[0.5650216937065125, 0.3564986288547516, 0.0784795954823494]
[0.051850415766239166, 0.2504611313343048, 0.6976884007453918]
[0.17135171592235565, 0.6663516163825989, 0.1622966229915619]
[0.7675536274909973, 0.21732781827449799, 0.015118531882762909]
[0.1505568027496338, 0.6192255020141602, 0.23021768033504486]
[0.330009788274765, 0.5542582869529724, 0.11573188006877899]
[0.011740265414118767, 0.11137447506189346, 0.8768852353096008]
[0.30749809741973877, 0.6023229956626892, 0.09017887711524963]
[0.3193551003932953, 0.42878109216690063, 0.25186386704444885]
[0.05154668539762497, 0.40676888823509216, 0.5416844487190247]
[0.3085595369338989, 0.5757467746734619, 0.11569369584321976]
[0.12315763533115387, 0.3422969579696655, 0.5345454216003418]
[0.004939056467264891, 0.07814126461744308, 0.9169196486473083]
[0.023132039234042168, 0.34413743019104004, 0.6327304840087891]
[0.04305567219853401, 0.4797188639640808, 0.4772253930568695]
[0.02205832675099373, 0.2261207550764084, 0.751820981502533]
[0.031671300530433655, 0.20609308779239655, 0.7622356414794922]
[0.2297496646642685, 0.3983900547027588, 0.3718602955341339]
[0.3965376317501068, 0.5089913010597229, 0.0944710299372673]
[0.6234304904937744, 0.3164082169532776, 0.06016132980585098]
[0.404326468706131, 0.4739014804363251, 0.12177194654941559]
[0.00323626515455544, 0.045906733721494675, 0.9508570432662964]
[0.20688317716121674, 0.5870618224143982, 0.20605503022670746]
[0.5351696014404297, 0.4248729944229126, 0.03995741531252861]
[0.5210113525390625, 0.41121914982795715, 0.06776950508356094]
[0.005665515549480915, 0.11704385280609131, 0.8772906064987183]
[0.010692549869418144, 0.03430602699518204, 0.9550013542175293]
[0.05398612096905708, 0.3686572313308716, 0.5773565769195557]
[0.27068495750427246, 0.6624457836151123, 0.06686925143003464]
[0.026446029543876648, 0.46394094824790955, 0.509613037109375]
[0.4754384160041809, 0.42975589632987976, 0.09480565041303635]
[0.13598668575286865, 0.4518774747848511, 0.4121358394622803]
[0.013830039650201797, 0.07260826230049133, 0.9135616421699524]
[0.39736101031303406, 0.5057716965675354, 0.09686737507581711]
[0.010889975354075432, 0.16040293872356415, 0.8287070393562317]
[0.09195341169834137, 0.47623181343078613, 0.4318148195743561]
[0.3262823224067688, 0.5014662146568298, 0.1722513884305954]
[0.1315334141254425, 0.45636165142059326, 0.41210493445396423]
[0.45197176933288574, 0.5112335681915283, 0.03679466247558594]
[0.6006825566291809, 0.3098491132259369, 0.08946826308965683]
[0.058158449828624725, 0.3783439099788666, 0.5634976625442505]
[0.05815202742815018, 0.44558173418045044, 0.49626633524894714]
[0.04544325917959213, 0.5821051597595215, 0.37245163321495056]
[0.019000714644789696, 0.254360556602478, 0.7266387343406677]
[0.499691367149353, 0.42861318588256836, 0.07169541716575623]
[0.36755886673927307, 0.4867967367172241, 0.14564436674118042]
[0.2525773048400879, 0.6558520197868347, 0.09157072752714157]
[0.39044538140296936, 0.5329095721244812, 0.07664504647254944]
[0.021698201075196266, 0.2589265704154968, 0.7193751931190491]
[0.09391362965106964, 0.3424186110496521, 0.5636677742004395]
[0.018043164163827896, 0.14451512694358826, 0.8374416828155518]
[0.0036105241160839796, 0.033095281571149826, 0.9632942080497742]
[0.08393494784832001, 0.3361377418041229, 0.5799272060394287]
[0.04239080846309662, 0.772594690322876, 0.18501457571983337]
[0.017026949673891068, 0.4444555640220642, 0.5385174751281738]
[0.002138787182047963, 0.019180912524461746, 0.9786802530288696]
[0.041328314691782, 0.25724759697914124, 0.7014241218566895]
[0.31158411502838135, 0.6212454438209534, 0.06717044860124588]
[0.10251442342996597, 0.6036819815635681, 0.29380351305007935]
[0.00795446615666151, 0.1339125633239746, 0.8581330180168152]
[0.5700719356536865, 0.3766635060310364, 0.0532645620405674]
[0.08524557203054428, 0.5571036338806152, 0.35765084624290466]
[0.008176916278898716, 0.1499800831079483, 0.8418429493904114]
[0.9761492609977722, 0.021311748772859573, 0.0025389515794813633]
[0.18313223123550415, 0.47585079073905945, 0.3410170078277588]
[0.4850746691226959, 0.4597678780555725, 0.05515740439295769]
[0.5762207508087158, 0.3641805350780487, 0.05959867686033249]
[0.3321317434310913, 0.5377209782600403, 0.130147323012352]
[0.2471773624420166, 0.5125783681869507, 0.2402443140745163]
[0.030832353979349136, 0.3441535532474518, 0.6250141263008118]
[0.330779105424881, 0.5987585186958313, 0.07046240568161011]
[0.13254991173744202, 0.557611882686615, 0.3098382353782654]
[0.08783333748579025, 0.43702781200408936, 0.47513893246650696]
[0.380256712436676, 0.47873973846435547, 0.1410035490989685]
[0.24266557395458221, 0.6410892605781555, 0.11624518036842346]
[0.18476735055446625, 0.6571564078330994, 0.1580762267112732]
[0.4254538416862488, 0.49471330642700195, 0.07983280718326569]
[0.5007773041725159, 0.37330955266952515, 0.12591314315795898]
[0.6241493225097656, 0.30030524730682373, 0.07554548233747482]
[0.1844213902950287, 0.5850037336349487, 0.23057490587234497]
[0.07483772188425064, 0.41422420740127563, 0.5109381079673767]
[0.5076909065246582, 0.4202505052089691, 0.0720585510134697]
[0.6550729274749756, 0.3104622960090637, 0.03446472808718681]
[0.040133096277713776, 0.28046926856040955, 0.6793976426124573]
[0.2730839252471924, 0.3610856533050537, 0.3658304512500763]
[0.03383572772145271, 0.16147834062576294, 0.8046859502792358]
[0.045480165630578995, 0.3686951696872711, 0.5858246088027954]
[0.012734070420265198, 0.2941213846206665, 0.6931445002555847]
[0.24063250422477722, 0.6633032560348511, 0.09606420993804932]
[0.12841075658798218, 0.7447896003723145, 0.1267995685338974]
[0.017132876440882683, 0.1321188509464264, 0.8507483005523682]
[0.11725150793790817, 0.4336203932762146, 0.4491281509399414]
[0.10095463693141937, 0.46751710772514343, 0.4315282702445984]
[0.007835354655981064, 0.20008982717990875, 0.7920748591423035]
[0.7996838092803955, 0.182503804564476, 0.01781236194074154]
[0.09967063367366791, 0.5006176233291626, 0.3997117280960083]
[0.3868379592895508, 0.4989608824253082, 0.11420118063688278]
[0.0020967714954167604, 0.04599612578749657, 0.9519070982933044]
[0.0024940615985542536, 0.019790878519415855, 0.9777151346206665]
[0.01180565170943737, 0.2890797555446625, 0.6991146206855774]
[0.25564032793045044, 0.6322628259658813, 0.11209694296121597]
[0.05058303475379944, 0.225869819521904, 0.7235472202301025]
[0.022331662476062775, 0.1727740615606308, 0.8048942685127258]
[0.03575867787003517, 0.34922412037849426, 0.6150171756744385]
[0.0035460013896226883, 0.03592858463525772, 0.9605253338813782]
[0.00890036579221487, 0.26897746324539185, 0.7221221923828125]
[0.007749943528324366, 0.12167374789714813, 0.8705763220787048]
[0.1768939048051834, 0.6411037445068359, 0.18200232088565826]
[0.07441630214452744, 0.7108350396156311, 0.21474865078926086]
[0.08868950605392456, 0.46645209193229675, 0.4448583722114563]
[0.0020682087633758783, 0.025828996673226357, 0.9721027612686157]
[0.09367459267377853, 0.7666686773300171, 0.13965675234794617]
[0.007015936076641083, 0.15795807540416718, 0.8350260257720947]
[0.002617764286696911, 0.26801857352256775, 0.7293636202812195]
[0.3949379324913025, 0.5304173827171326, 0.07464463263750076]
[0.1479199379682541, 0.34326910972595215, 0.5088109970092773]
[0.027689818292856216, 0.26975366473197937, 0.7025565505027771]
[0.4675500988960266, 0.4313849210739136, 0.10106499493122101]
[0.09044964611530304, 0.6303151845932007, 0.2792351543903351]
[0.07707887142896652, 0.5645135045051575, 0.358407586812973]
[0.03900191932916641, 0.4925285279750824, 0.4684694707393646]
[0.01947449892759323, 0.37048226594924927, 0.6100432872772217]
[0.22061634063720703, 0.57343590259552, 0.20594777166843414]
[0.008984972722828388, 0.07881482690572739, 0.9122002124786377]
[0.0042869169265031815, 0.19106902182102203, 0.8046441078186035]
[0.002946247346699238, 0.31440117955207825, 0.6826525330543518]
[0.3052443563938141, 0.5861044526100159, 0.10865122824907303]
[0.7907760739326477, 0.17963702976703644, 0.029586905613541603]
[0.14138482511043549, 0.5411416888237, 0.31747350096702576]
[0.06431550532579422, 0.5120818018913269, 0.4236026406288147]
[0.09138201177120209, 0.2822537422180176, 0.6263642311096191]
[0.8619194626808167, 0.12507376074790955, 0.013006728142499924]
[0.639370322227478, 0.2910090386867523, 0.06962067633867264]
[0.5868149399757385, 0.3170652687549591, 0.09611976891756058]
[0.2507993280887604, 0.5692608952522278, 0.17993980646133423]
[0.3777368366718292, 0.41926687955856323, 0.20299623906612396]
[0.005035660229623318, 0.08567886799573898, 0.9092854857444763]
[0.010404291562736034, 0.33390504121780396, 0.6556906700134277]
[0.1345454305410385, 0.6260595321655273, 0.23939503729343414]
[0.10312815755605698, 0.580052375793457, 0.316819429397583]
[0.12212486565113068, 0.6654987335205078, 0.2123764455318451]
[0.3335944712162018, 0.5303307771682739, 0.13607479631900787]
[0.08375952392816544, 0.4285534918308258, 0.48768696188926697]
[0.3784027099609375, 0.5223848819732666, 0.09921243786811829]
[0.23871712386608124, 0.5035613775253296, 0.25772157311439514]
[0.09089778363704681, 0.49580225348472595, 0.4132999777793884]
[0.1328166127204895, 0.6496866345405579, 0.2174968421459198]
[0.3687180280685425, 0.47451117634773254, 0.15677082538604736]
[0.2255035787820816, 0.5424204468727112, 0.2320760190486908]
[0.07958615571260452, 0.5709250569343567, 0.3494887053966522]
[0.4102076292037964, 0.445220947265625, 0.1445714384317398]
[0.6243292093276978, 0.33783474564552307, 0.0378359854221344]
[0.22325116395950317, 0.4097733497619629, 0.3669755160808563]
[0.14723220467567444, 0.6811400055885315, 0.17162778973579407]
[0.001325730001553893, 0.03172188624739647, 0.966952383518219]
[0.18578559160232544, 0.3978117108345032, 0.4164026975631714]
[0.007650864310562611, 0.07645189762115479, 0.9158973097801208]
[0.04444608837366104, 0.4044933319091797, 0.5510604977607727]
[0.10951600968837738, 0.36424538493156433, 0.5262386202812195]
[0.03305968642234802, 0.3623233139514923, 0.6046169996261597]
[0.687265932559967, 0.2782018780708313, 0.03453212231397629]
[0.010613451711833477, 0.109879270195961, 0.879507303237915]
[0.3245885968208313, 0.6028233170509338, 0.07258804887533188]
[0.38049373030662537, 0.5551064610481262, 0.06439976394176483]
[0.29722869396209717, 0.5352446436882019, 0.1675267219543457]
[0.008792255073785782, 0.04218010976910591, 0.9490276575088501]
[0.3625544309616089, 0.5584316253662109, 0.07901392132043839]
[0.013770361430943012, 0.40028688311576843, 0.5859427452087402]
[0.018729394301772118, 0.40702441334724426, 0.5742462277412415]
[0.010625772178173065, 0.17597602307796478, 0.8133981823921204]
[0.2639849781990051, 0.5888729095458984, 0.14714203774929047]
[0.3728952705860138, 0.5184326767921448, 0.10867205262184143]
[0.03193112835288048, 0.4848087430000305, 0.48326006531715393]
[0.3876762092113495, 0.5560408234596252, 0.05628290772438049]
[0.02558889053761959, 0.26947152614593506, 0.7049395442008972]
[0.3390256464481354, 0.5164751410484314, 0.14449919760227203]
[0.3814740777015686, 0.4526170492172241, 0.16590887308120728]
[0.0810026153922081, 0.40184199810028076, 0.5171553492546082]
[0.002356099896132946, 0.03444689139723778, 0.9631969928741455]
[0.004676168784499168, 0.07353738695383072, 0.9217864871025085]
[0.0524582639336586, 0.7213262915611267, 0.22621546685695648]
[0.2778273820877075, 0.6103808283805847, 0.11179173737764359]
[0.049451641738414764, 0.5459164381027222, 0.40463194251060486]
[0.25301647186279297, 0.49063608050346375, 0.2563473880290985]
[0.46329981088638306, 0.470929890871048, 0.06577035784721375]
[0.22796010971069336, 0.6802995800971985, 0.09174033999443054]
[0.46952852606773376, 0.4784179925918579, 0.05205339565873146]
[0.32005441188812256, 0.4359757602214813, 0.24396979808807373]
[0.16130390763282776, 0.42203912138938904, 0.416657030582428]
[0.602571427822113, 0.3570981025695801, 0.0403304323554039]
[0.05891949310898781, 0.46145451068878174, 0.47962599992752075]
[0.24884194135665894, 0.4562872350215912, 0.29487085342407227]
[0.023904887959361076, 0.7167729735374451, 0.2593221068382263]
[0.32413673400878906, 0.5084512233734131, 0.16741210222244263]
[0.5673525929450989, 0.3219904601573944, 0.1106569841504097]
[0.029044846072793007, 0.39229851961135864, 0.5786566734313965]
[0.039921943098306656, 0.6262206435203552, 0.3338574171066284]
[0.24425707757472992, 0.6380805969238281, 0.11766230314970016]
[0.22411860525608063, 0.6770383715629578, 0.09884300082921982]
[0.4367155134677887, 0.3842725157737732, 0.17901195585727692]
[0.042642705142498016, 0.608637273311615, 0.34871992468833923]
[0.7679732441902161, 0.2046261876821518, 0.0274005476385355]
[0.27285653352737427, 0.4139622151851654, 0.3131812810897827]
[0.49248817563056946, 0.389780730009079, 0.11773118376731873]
[0.04761385917663574, 0.15153667330741882, 0.800849437713623]
[0.20281679928302765, 0.6717542409896851, 0.1254289746284485]
[0.3317430019378662, 0.5159741640090942, 0.15228284895420074]
[0.18806535005569458, 0.6226664781570435, 0.189268097281456]
[0.364790141582489, 0.4765680432319641, 0.1586417555809021]
[0.5437122583389282, 0.4043527841567993, 0.05193496122956276]
[0.5718041658401489, 0.40041086077690125, 0.02778492495417595]
[0.04200930520892143, 0.7612581253051758, 0.19673259556293488]
[0.10481784492731094, 0.4574904441833496, 0.43769171833992004]
[0.013053824193775654, 0.21692262589931488, 0.7700236439704895]
[0.2294061928987503, 0.5344744920730591, 0.2361193150281906]
[0.18621106445789337, 0.6346445679664612, 0.17914435267448425]
[0.002213061787188053, 0.028108783066272736, 0.9696781635284424]
[0.022109663113951683, 0.2600405514240265, 0.7178497910499573]
[0.0028974064625799656, 0.0659489631652832, 0.9311536550521851]
[0.22867698967456818, 0.5500344634056091, 0.22128859162330627]
[0.31400761008262634, 0.5554153919219971, 0.13057707250118256]
[0.1559678465127945, 0.6059903502464294, 0.23804178833961487]
[0.005163158290088177, 0.09100931882858276, 0.9038275480270386]
[0.4842083156108856, 0.4522053897380829, 0.06358624994754791]
[0.012580580078065395, 0.4271518886089325, 0.560267448425293]
[0.05224531516432762, 0.26750701665878296, 0.6802477240562439]
[0.07314284145832062, 0.7429056763648987, 0.1839514672756195]
[0.5385267734527588, 0.40826526284217834, 0.05320801958441734]
[0.012052914127707481, 0.14065021276474, 0.8472968935966492]
[0.011250666342675686, 0.29781055450439453, 0.6909387707710266]
[0.015693163499236107, 0.2427712231874466, 0.7415356040000916]
[0.04227415844798088, 0.31057098507881165, 0.6471548080444336]
[0.5456841588020325, 0.3703157305717468, 0.08400004357099533]
[0.3876270055770874, 0.47977182269096375, 0.13260117173194885]
[0.11478280276060104, 0.5006941556930542, 0.38452309370040894]
[0.3773045837879181, 0.5044974088668823, 0.11819802224636078]
[0.11514671891927719, 0.5979743003845215, 0.2868790030479431]
[0.004673250950872898, 0.030813997611403465, 0.964512825012207]
[0.09560789912939072, 0.7252800464630127, 0.17911197245121002]
[0.03979656100273132, 0.2243017554283142, 0.7359016537666321]
[0.6757109761238098, 0.30218857526779175, 0.022100377827882767]
[0.28274840116500854, 0.5231419205665588, 0.19410967826843262]
[0.380125492811203, 0.48834308981895447, 0.13153137266635895]
[0.45473989844322205, 0.46494007110595703, 0.08031996339559555]
[0.003304509213194251, 0.08589433133602142, 0.9108011722564697]
[0.03358112648129463, 0.2505481541156769, 0.71587073802948]
[0.4194183051586151, 0.4501420557498932, 0.13043959438800812]
[0.10457798093557358, 0.7429054975509644, 0.15251652896404266]
[0.381271630525589, 0.4664400517940521, 0.1522882878780365]
[0.1478443741798401, 0.4231722950935364, 0.42898330092430115]
[0.010290222242474556, 0.23023554682731628, 0.7594741582870483]
[0.08276510238647461, 0.2896064817905426, 0.6276284456253052]
[0.9414001703262329, 0.05450825020670891, 0.004091531503945589]
[0.09996411949396133, 0.5419883728027344, 0.3580475151538849]
[0.13767290115356445, 0.539704442024231, 0.3226226568222046]
[0.6794450283050537, 0.2606167495250702, 0.059938184916973114]
[0.36348897218704224, 0.5901317000389099, 0.04637923091650009]
[0.03829325735569, 0.4948328137397766, 0.4668739438056946]
[0.03804286941885948, 0.4593633711338043, 0.5025937557220459]
[0.09232208877801895, 0.510533332824707, 0.3971445858478546]
[0.18094778060913086, 0.4598959684371948, 0.3591562807559967]
[0.08104964345693588, 0.6296699643135071, 0.2892804443836212]
[0.12755362689495087, 0.5144966244697571, 0.35794976353645325]
[0.36827540397644043, 0.519929051399231, 0.11179547011852264]
[0.24658644199371338, 0.3681460916996002, 0.3852674961090088]
[0.8040851354598999, 0.17748500406742096, 0.018429860472679138]
[0.6859495043754578, 0.2542782127857208, 0.059772346168756485]
[0.019605223089456558, 0.10539630055427551, 0.8749985098838806]
[0.36487290263175964, 0.4919249415397644, 0.14320217072963715]
[0.20058274269104004, 0.6431878209114075, 0.1562294363975525]
[0.09123870730400085, 0.5576221346855164, 0.3511391580104828]
[0.32458820939064026, 0.5663866996765137, 0.10902518033981323]
[0.30291134119033813, 0.5376988053321838, 0.15938983857631683]
[0.08511650562286377, 0.47893983125686646, 0.43594369292259216]
[0.35341784358024597, 0.592890739440918, 0.053691454231739044]
[0.09971129894256592, 0.43086814880371094, 0.46942055225372314]
[0.12563981115818024, 0.5273289680480957, 0.34703123569488525]
[0.8775537014007568, 0.1153484582901001, 0.007097820285707712]
[0.3597581386566162, 0.5746751427650452, 0.06556674093008041]
[0.059153541922569275, 0.7336567044258118, 0.20718970894813538]
[0.2765406668186188, 0.5892007350921631, 0.13425856828689575]
[0.13836827874183655, 0.5201992392539978, 0.34143248200416565]
[0.32198646664619446, 0.5798413753509521, 0.0981721356511116]
[0.4107760787010193, 0.4205705523490906, 0.16865329444408417]
[0.2517213523387909, 0.4809737801551819, 0.2673048675060272]
[0.025496331974864006, 0.16464632749557495, 0.8098573088645935]
[0.5812084078788757, 0.3423551917076111, 0.07643637806177139]
[0.011213395744562149, 0.03619593009352684, 0.9525907039642334]
[0.11782748997211456, 0.4152511954307556, 0.466921329498291]
[0.5563536286354065, 0.3735867440700531, 0.070059634745121]
[0.5894177556037903, 0.35590487718582153, 0.05467730388045311]
[0.5872097015380859, 0.33557000756263733, 0.07722032070159912]
[0.07425571233034134, 0.6362243294715881, 0.2895200252532959]
[0.07690012454986572, 0.3811708092689514, 0.5419290661811829]
[0.22467826306819916, 0.6433721780776978, 0.1319495588541031]
[0.4705641567707062, 0.46281009912490845, 0.06662578135728836]
[0.4056985378265381, 0.5342899560928345, 0.06001148000359535]
[0.12818673253059387, 0.3966516852378845, 0.4751615822315216]
[0.26203152537345886, 0.5969918966293335, 0.14097654819488525]
[0.2777460217475891, 0.6133625507354736, 0.10889143496751785]
[0.04906167834997177, 0.7328378558158875, 0.21810051798820496]
[0.030744628980755806, 0.3988244831562042, 0.5704308748245239]
[0.06594858318567276, 0.5997129678726196, 0.3343384861946106]
[0.8501272797584534, 0.13877220451831818, 0.011100508272647858]
[0.47427600622177124, 0.4380735158920288, 0.08765050023794174]
[0.7961722612380981, 0.18580597639083862, 0.01802176795899868]
[0.30632519721984863, 0.48817574977874756, 0.20549911260604858]
[0.19307592511177063, 0.47990521788597107, 0.3270188570022583]
[0.011185549199581146, 0.14244519174098969, 0.8463692665100098]
[0.1438618004322052, 0.5893549919128418, 0.2667831480503082]
[0.21264883875846863, 0.5880212187767029, 0.19933000206947327]
[0.012280385941267014, 0.11496482044458389, 0.8727548718452454]
[0.01214529573917389, 0.5525577068328857, 0.43529701232910156]
[0.40825217962265015, 0.5184937119483948, 0.0732540562748909]
[0.008832292631268501, 0.06929095834493637, 0.9218767285346985]
[0.429088294506073, 0.4301275312900543, 0.1407841295003891]
[0.03157239034771919, 0.1820942610502243, 0.786333441734314]
[0.5643163919448853, 0.37984365224838257, 0.05583994835615158]
[0.042984239757061005, 0.23693808913230896, 0.720077633857727]
[0.4175978899002075, 0.48144984245300293, 0.10095231235027313]
[0.2769007980823517, 0.5863263607025146, 0.13677279651165009]
[0.0214394424110651, 0.09312564879655838, 0.8854349255561829]
[0.0939975455403328, 0.2772081196308136, 0.6287943124771118]
[0.0014393023448064923, 0.054652582854032516, 0.943908154964447]
[0.05356036126613617, 0.14880388975143433, 0.7976357936859131]
[0.02923254668712616, 0.14804506301879883, 0.8227223753929138]
