[0.5906775593757629, 0.2430988997220993, 0.16622363030910492]
[0.47660374641418457, 0.4252454340457916, 0.0981508418917656]
[0.12113481760025024, 0.7137755751609802, 0.1650896817445755]
[0.002735068555921316, 0.21481232345104218, 0.7824525237083435]
[0.024698268622159958, 0.5475963950157166, 0.427705317735672]
[0.0024764949921518564, 0.021613391116261482, 0.9759101271629333]
[0.18676404654979706, 0.4997316300868988, 0.31350427865982056]
[0.6598780751228333, 0.29620835185050964, 0.04391350597143173]
[0.016354268416762352, 0.12246937304735184, 0.8611763715744019]
[0.011558114551007748, 0.6277276277542114, 0.360714316368103]
[0.004934976808726788, 0.06563903391361237, 0.9294260144233704]
[0.0070688119158148766, 0.04096890985965729, 0.9519622921943665]
[0.04384244605898857, 0.11582357436418533, 0.8403339982032776]
[0.05631191283464432, 0.3798574209213257, 0.5638306140899658]
[0.010568374767899513, 0.2618483304977417, 0.7275833487510681]
[0.014955404214560986, 0.3116554915904999, 0.6733890175819397]
[0.11198538541793823, 0.564352810382843, 0.32366183400154114]
[0.2037344127893448, 0.721848726272583, 0.07441682368516922]
[0.20887082815170288, 0.6582068204879761, 0.13292235136032104]
[0.12707795202732086, 0.5615478754043579, 0.31137415766716003]
[0.31243181228637695, 0.5524170398712158, 0.13515116274356842]
[0.25833114981651306, 0.6160497665405273, 0.1256190836429596]
[0.0319414883852005, 0.2450081706047058, 0.7230503559112549]
[0.6055721640586853, 0.3035010099411011, 0.09092678874731064]
[0.3203051686286926, 0.6154990196228027, 0.06419585645198822]
[0.1550513654947281, 0.6604142189025879, 0.18453435599803925]
[0.10100441426038742, 0.7206681966781616, 0.17832738161087036]
[0.007838324643671513, 0.1475825160741806, 0.8445792198181152]
[0.016978062689304352, 0.2618487477302551, 0.721173107624054]
[0.31244534254074097, 0.5265477895736694, 0.161006897687912]
[0.011690627783536911, 0.12000856548547745, 0.8683007955551147]
[0.04315963014960289, 0.34257471561431885, 0.6142656207084656]
[0.4835273027420044, 0.4574865698814392, 0.05898609384894371]
[0.21682211756706238, 0.4356217086315155, 0.34755614399909973]
[0.10481905192136765, 0.4529472291469574, 0.44223374128341675]
[0.4192388653755188, 0.46874040365219116, 0.11202077567577362]
[0.5345762372016907, 0.3897714912891388, 0.07565220445394516]
[0.41592949628829956, 0.5158430933952332, 0.06822735071182251]
[0.13929100334644318, 0.6063703298568726, 0.25433868169784546]
[0.2637450695037842, 0.5631262063980103, 0.17312872409820557]
[0.4137336313724518, 0.49222058057785034, 0.09404576569795609]
[0.16582772135734558, 0.5203292369842529, 0.3138430416584015]
[0.11899145692586899, 0.6841933727264404, 0.19681525230407715]
[0.018992571160197258, 0.5035354495048523, 0.4774720072746277]
[0.09952104836702347, 0.4727042615413666, 0.42777472734451294]
[0.3916988670825958, 0.5053034424781799, 0.10299768298864365]
[0.09927993267774582, 0.8421432971954346, 0.05857674404978752]
[0.39415621757507324, 0.5387981534004211, 0.06704556196928024]
[0.07732339948415756, 0.6936432719230652, 0.22903335094451904]
[0.026603953912854195, 0.17590512335300446, 0.7974909543991089]
[0.470881849527359, 0.4826856255531311, 0.04643247276544571]
[0.12459619343280792, 0.511320173740387, 0.3640836477279663]
[0.1622520536184311, 0.44007280468940735, 0.39767512679100037]
[0.4733486473560333, 0.48418116569519043, 0.04247015342116356]
[0.22293730080127716, 0.6352050304412842, 0.14185763895511627]
[0.19806042313575745, 0.5073645710945129, 0.29457488656044006]
[0.12834537029266357, 0.4949413239955902, 0.3767133355140686]
[0.07158441096544266, 0.3647410571575165, 0.5636745095252991]
[0.4036315083503723, 0.5115620493888855, 0.0848064199090004]
[0.1487356722354889, 0.639650285243988, 0.21161402761936188]
[0.10195565968751907, 0.5260457992553711, 0.37199851870536804]
[0.09088583290576935, 0.3221946656703949, 0.5869194865226746]
[0.0363336056470871, 0.3340195417404175, 0.6296468377113342]
[0.01227064523845911, 0.17467640340328217, 0.8130529522895813]
[0.06589022278785706, 0.3835577070713043, 0.5505520701408386]
[0.022539811208844185, 0.17455770075321198, 0.8029025197029114]
[0.17039212584495544, 0.5234635472297668, 0.3061443567276001]
[0.17565813660621643, 0.5214037895202637, 0.3029380738735199]
[0.02001413330435753, 0.31180137395858765, 0.6681845784187317]
[0.027431078255176544, 0.39719003438949585, 0.5753788948059082]
[0.16607974469661713, 0.45960733294487, 0.3743128478527069]
[0.5100955367088318, 0.4355636239051819, 0.05434085428714752]
[0.01155089121311903, 0.09112677723169327, 0.8973223567008972]
[0.42199504375457764, 0.49277734756469727, 0.0852276086807251]
[0.09380912780761719, 0.3798522651195526, 0.5263386368751526]
[0.7252050042152405, 0.23059795796871185, 0.04419707506895065]
[0.5342783331871033, 0.4408770203590393, 0.024844637140631676]
[0.2705843448638916, 0.5228222608566284, 0.20659345388412476]
[0.39025938510894775, 0.5092535614967346, 0.10048706829547882]
[0.19121137261390686, 0.5524585247039795, 0.25633010268211365]
[0.0452314056456089, 0.37542688846588135, 0.5793417096138]
[0.06808380782604218, 0.44742998480796814, 0.4844861328601837]
[0.04164248704910278, 0.26259228587150574, 0.6957651972770691]
[0.048184435814619064, 0.4261350631713867, 0.5256804823875427]
[0.0844874233007431, 0.4843038022518158, 0.4312087595462799]
[0.010753477923572063, 0.1662491112947464, 0.8229973316192627]
[0.011214073747396469, 0.13185566663742065, 0.8569301962852478]
[0.06055418774485588, 0.3967018723487854, 0.5427439212799072]
[0.5552507042884827, 0.3664766848087311, 0.07827262580394745]
[0.08981460332870483, 0.4153638482093811, 0.4948214888572693]
[0.002037548227235675, 0.026999520137906075, 0.9709629416465759]
[0.055267225950956345, 0.5128438472747803, 0.43188902735710144]
[0.49903786182403564, 0.4432608187198639, 0.05770135298371315]
[0.16159817576408386, 0.5208947658538818, 0.3175070881843567]
[0.47603991627693176, 0.44707202911376953, 0.07688803970813751]
[0.09318260103464127, 0.7686973214149475, 0.13812007009983063]
[0.1691848337650299, 0.591178834438324, 0.23963633179664612]
[0.17708177864551544, 0.47467002272605896, 0.348248153924942]
[0.7793170213699341, 0.1971869021654129, 0.023496124893426895]
[0.03534044325351715, 0.16139967739582062, 0.8032599091529846]
[0.00659392774105072, 0.09524878859519958, 0.8981572985649109]
[0.23087982833385468, 0.4405534267425537, 0.32856670022010803]
[0.3071683645248413, 0.5142054557800293, 0.17862620949745178]
[0.3516833484172821, 0.4512815475463867, 0.19703513383865356]
[0.19085252285003662, 0.49441972374916077, 0.3147277235984802]
[0.30205610394477844, 0.5975732803344727, 0.10037059336900711]
[0.5124703645706177, 0.42064470052719116, 0.06688497960567474]
[0.1005096286535263, 0.7421838641166687, 0.15730656683444977]
[0.03789634257555008, 0.5150371789932251, 0.44706645607948303]
[0.03356994688510895, 0.35417795181274414, 0.6122521162033081]
[0.43982115387916565, 0.4622330367565155, 0.09794577211141586]
[0.22174839675426483, 0.6324846744537354, 0.1457669585943222]
[0.31432172656059265, 0.5844706296920776, 0.1012076735496521]
[0.17913974821567535, 0.7749660611152649, 0.04589422792196274]
[0.4493054747581482, 0.47548672556877136, 0.07520781457424164]
[0.018429560586810112, 0.18760810792446136, 0.793962299823761]
[0.27453669905662537, 0.6207818388938904, 0.10468138754367828]
[0.0022646416909992695, 0.030804192647337914, 0.9669311046600342]
[0.029036609455943108, 0.36560285091400146, 0.6053605079650879]
[0.3863079249858856, 0.4451662600040436, 0.16852574050426483]
[0.0424717552959919, 0.21928220987319946, 0.738245964050293]
[0.004690664354711771, 0.04416295886039734, 0.9511463642120361]
[0.004000113811343908, 0.05547938868403435, 0.9405205249786377]
[0.40073883533477783, 0.5156709551811218, 0.08359025418758392]
[0.005073700565844774, 0.03062942624092102, 0.9642969369888306]
[0.003582117846235633, 0.2683494985103607, 0.7280683517456055]
[0.0021119387820363045, 0.016942011192440987, 0.9809460043907166]
[0.331767201423645, 0.6170239448547363, 0.051208820194005966]
[0.005098777357488871, 0.05996963754296303, 0.9349315762519836]
[0.8691675662994385, 0.1229376420378685, 0.007894735783338547]
[0.8123049139976501, 0.1715334951877594, 0.016161544248461723]
[0.016505885869264603, 0.28391033411026, 0.6995837688446045]
[0.44117170572280884, 0.4965306222438812, 0.062297601252794266]
[0.28583332896232605, 0.6689193248748779, 0.045247338712215424]
[0.038506995886564255, 0.3094100058078766, 0.6520830988883972]
[0.4744829535484314, 0.4542487561702728, 0.07126834988594055]
[0.018292047083377838, 0.13583329319953918, 0.8458746075630188]
[0.28587082028388977, 0.6241132616996765, 0.0900159627199173]
[0.2723895013332367, 0.5272796154022217, 0.200330913066864]
[0.07093599438667297, 0.4389432668685913, 0.4901208281517029]
[0.1129070371389389, 0.737007737159729, 0.1500852257013321]
[0.5276270508766174, 0.42844057083129883, 0.04393238201737404]
[0.44424712657928467, 0.4727363884449005, 0.08301651477813721]
[0.43452855944633484, 0.4708808660507202, 0.09459058195352554]
[0.30860939621925354, 0.520197868347168, 0.1711926907300949]
[0.4624660611152649, 0.47521519660949707, 0.062318649142980576]
[0.2777102291584015, 0.4970664083957672, 0.2252233326435089]
[0.32871755957603455, 0.48509570956230164, 0.18618668615818024]
[0.3474615514278412, 0.5756620764732361, 0.07687637954950333]
[0.1598326861858368, 0.7106528878211975, 0.12951436638832092]
[0.5033968687057495, 0.430014967918396, 0.0665881559252739]
[0.008971786126494408, 0.04585607349872589, 0.945172131061554]
[0.8363603949546814, 0.15095531940460205, 0.012684320099651814]
[0.4121113419532776, 0.528898298740387, 0.05899038910865784]
[0.10218831896781921, 0.6905421018600464, 0.2072696089744568]
[0.592486560344696, 0.3790780007839203, 0.02843537926673889]
[0.07317391037940979, 0.22883667051792145, 0.6979893445968628]
[0.25180432200431824, 0.6690638661384583, 0.07913172245025635]
[0.12457642704248428, 0.33388766646385193, 0.5415359139442444]
[0.19013988971710205, 0.47480058670043945, 0.3350595235824585]
[0.008198878727853298, 0.06804639101028442, 0.9237546920776367]
[0.008867315948009491, 0.14531078934669495, 0.8458219170570374]
[0.06531531363725662, 0.33511626720428467, 0.5995683670043945]
[0.0021593107376247644, 0.024084316566586494, 0.9737563133239746]
[0.0019930137787014246, 0.06855602562427521, 0.9294509291648865]
[0.00308398948982358, 0.060350097715854645, 0.9365658760070801]
[0.0017356915632262826, 0.04427362233400345, 0.9539906978607178]
[0.02123134210705757, 0.20745834708213806, 0.7713102698326111]
[0.005767909809947014, 0.3439221978187561, 0.6503098607063293]
[0.05855666100978851, 0.5744246244430542, 0.36701875925064087]
[0.3390920162200928, 0.5538067817687988, 0.10710117965936661]
[0.038698624819517136, 0.7479907274246216, 0.2133106142282486]
[0.010797104798257351, 0.7693248987197876, 0.2198779433965683]
[0.049664173275232315, 0.32935258746147156, 0.6209832429885864]
[0.5641143918037415, 0.36117956042289734, 0.0747060552239418]
[0.4117625057697296, 0.3983566164970398, 0.18988080322742462]
[0.6431725025177002, 0.27345091104507446, 0.0833766758441925]
[0.6494998931884766, 0.2754629850387573, 0.07503709942102432]
[0.3076578378677368, 0.6194570064544678, 0.0728851705789566]
[0.06323588639497757, 0.6609379053115845, 0.27582624554634094]
[0.019774381071329117, 0.7473458647727966, 0.23287978768348694]
[0.002369704656302929, 0.047456350177526474, 0.9501739740371704]
[0.08630765974521637, 0.7977526783943176, 0.11593961715698242]
[0.028613002970814705, 0.22329996526241302, 0.7480870485305786]
[0.5019516944885254, 0.40276801586151123, 0.0952802374958992]
[0.09680072963237762, 0.587536096572876, 0.3156631290912628]
[0.1076500415802002, 0.7666923999786377, 0.12565754354000092]
[0.12566500902175903, 0.816774308681488, 0.05756071209907532]
[0.5640343427658081, 0.4161511957645416, 0.019814493134617805]
[0.8852034211158752, 0.1008758395910263, 0.013920740224421024]
[0.03177613765001297, 0.6343734264373779, 0.3338504433631897]
[0.7726985812187195, 0.20887672901153564, 0.018424728885293007]
[0.4060867428779602, 0.47790586948394775, 0.11600737273693085]
[0.9422577619552612, 0.0540427565574646, 0.0036993983667343855]
[0.8821491599082947, 0.10846471041440964, 0.009386135265231133]
[0.24826377630233765, 0.6390976309776306, 0.11263854801654816]
[0.5076363682746887, 0.4383205771446228, 0.054043058305978775]
[0.8991044163703918, 0.0904148519039154, 0.010480759665369987]
[0.06800612062215805, 0.5937947034835815, 0.3381992280483246]
[0.5165445804595947, 0.40496689081192017, 0.07848849147558212]
[0.5811432600021362, 0.3456030786037445, 0.07325368374586105]
[0.25892147421836853, 0.6456214785575867, 0.09545698016881943]
[0.5470337271690369, 0.35417410731315613, 0.0987921729683876]
[0.5941786170005798, 0.3598453402519226, 0.04597605764865875]
[0.307829350233078, 0.5098994374275208, 0.18227112293243408]
[0.09512548893690109, 0.5861692428588867, 0.3187052309513092]
[0.15876682102680206, 0.7329376935958862, 0.1082955002784729]
[0.7015485167503357, 0.2504749000072479, 0.04797657951712608]
[0.8527348637580872, 0.13288824260234833, 0.014376876875758171]
[0.11402303725481033, 0.5385391712188721, 0.3474377393722534]
[0.12972554564476013, 0.764130711555481, 0.10614369809627533]
[0.21501077711582184, 0.5889673233032227, 0.1960218995809555]
[0.2593967914581299, 0.5559099316596985, 0.18469324707984924]
[0.8196632266044617, 0.16676902770996094, 0.013567758724093437]
[0.5698742866516113, 0.362040638923645, 0.06808500736951828]
[0.3389798700809479, 0.5182273983955383, 0.14279276132583618]
[0.002271291334182024, 0.0746326744556427, 0.9230960011482239]
[0.004237974528223276, 0.05593810975551605, 0.9398239254951477]
[0.19686093926429749, 0.34464403986930847, 0.45849505066871643]
[0.0044591184705495834, 0.07237298041582108, 0.923167884349823]
[0.15168415009975433, 0.74043869972229, 0.10787717998027802]
[0.007753884885460138, 0.13378752768039703, 0.8584585785865784]
[0.28005507588386536, 0.6276573538780212, 0.09228749573230743]
[0.20609557628631592, 0.6894968748092651, 0.10440754890441895]
[0.042940303683280945, 0.32433465123176575, 0.6327250599861145]
[0.43581250309944153, 0.5333738327026367, 0.030813563615083694]
[0.6253798007965088, 0.3392559885978699, 0.03536419942975044]
[0.1577027142047882, 0.721339762210846, 0.12095750123262405]
[0.09283743053674698, 0.717406153678894, 0.18975643813610077]
[0.021264145150780678, 0.47581014037132263, 0.5029257535934448]
[0.66476970911026, 0.27145838737487793, 0.06377192586660385]
[0.402265340089798, 0.44294872879981995, 0.15478593111038208]
[0.17211902141571045, 0.631075382232666, 0.1968056559562683]
[0.6337658762931824, 0.30910977721214294, 0.05712438002228737]
[0.3627692759037018, 0.5343040227890015, 0.10292670875787735]
[0.13632521033287048, 0.46932199597358704, 0.3943527936935425]
[0.19662818312644958, 0.6824983954429626, 0.12087340652942657]
[0.013631477020680904, 0.11441231518983841, 0.8719562292098999]
[0.004683930892497301, 0.19774439930915833, 0.7975716590881348]
[0.005596119910478592, 0.1092008724808693, 0.8852030634880066]
[0.006578706204891205, 0.0715576559305191, 0.9218636751174927]
[0.09119056165218353, 0.5790132880210876, 0.3297961950302124]
[0.022119635716080666, 0.5553734302520752, 0.4225068986415863]
[0.02348414808511734, 0.18468505144119263, 0.7918307781219482]
[0.665382981300354, 0.2932751774787903, 0.041341882199048996]
[0.015617456287145615, 0.193472757935524, 0.7909097671508789]
[0.041589029133319855, 0.2633794844150543, 0.6950314044952393]
[0.4082946479320526, 0.5079584121704102, 0.08374693989753723]
[0.614601194858551, 0.3678007125854492, 0.017598066478967667]
[0.3004429340362549, 0.6447692513465881, 0.05478782206773758]
[0.39571037888526917, 0.5736411213874817, 0.0306484866887331]
[0.33747175335884094, 0.5947339534759521, 0.06779426336288452]
[0.5008274912834167, 0.43454524874687195, 0.06462720781564713]
[0.035652510821819305, 0.16496261954307556, 0.7993849515914917]
[0.32852068543434143, 0.39529481530189514, 0.2761844992637634]
[0.13259324431419373, 0.4496003985404968, 0.41780635714530945]
[0.28864559531211853, 0.5627415776252747, 0.1486128717660904]
[0.5589526891708374, 0.3558104336261749, 0.08523692190647125]
[0.23084254562854767, 0.6623682975769043, 0.10678917169570923]
[0.04955403506755829, 0.5224514007568359, 0.42799457907676697]
[0.03781986981630325, 0.3502480387687683, 0.6119321584701538]
[0.00565344886854291, 0.1203492283821106, 0.8739973306655884]
[0.053254712373018265, 0.443632036447525, 0.5031132102012634]
[0.40462860465049744, 0.4823305904865265, 0.11304076015949249]
[0.5040251016616821, 0.42452529072761536, 0.0714496299624443]
[0.2569717466831207, 0.5372481942176819, 0.2057800441980362]
[0.1335255205631256, 0.5424848794937134, 0.3239895701408386]
[0.34370434284210205, 0.5116247534751892, 0.14467084407806396]
[0.6834136247634888, 0.2859004735946655, 0.030685899779200554]
[0.14443543553352356, 0.6257904171943665, 0.2297741174697876]
[0.5519033074378967, 0.3786630630493164, 0.06943360716104507]
[0.28355154395103455, 0.6275732517242432, 0.0888751745223999]
[0.09129778295755386, 0.4031964838504791, 0.5055057406425476]
[0.19857236742973328, 0.4801938831806183, 0.32123374938964844]
[0.036310333758592606, 0.3008536696434021, 0.6628360748291016]
[0.06196269765496254, 0.4335741400718689, 0.504463255405426]
[0.002945783082395792, 0.01258732657879591, 0.9844669103622437]
[0.007445840165019035, 0.08053852617740631, 0.9120155572891235]
[0.0028669426683336496, 0.03832036629319191, 0.9588126540184021]
[0.7035111784934998, 0.27624770998954773, 0.020241165533661842]
[0.4194876551628113, 0.4917055666446686, 0.08880677819252014]
[0.8803816437721252, 0.11152578890323639, 0.00809252355247736]
[0.6416730284690857, 0.324425607919693, 0.0339013896882534]
[0.6624945402145386, 0.3231084942817688, 0.014396912418305874]
[0.5255844593048096, 0.40505120158195496, 0.06936432421207428]
[0.7823635935783386, 0.20646491646766663, 0.011171429418027401]
[0.694140613079071, 0.28528785705566406, 0.020571600645780563]
[0.004279726650565863, 0.05510389432311058, 0.9406164288520813]
[0.09175387769937515, 0.5703968405723572, 0.33784928917884827]
[0.0738656148314476, 0.4930519163608551, 0.4330824613571167]
[0.2778400182723999, 0.4102984666824341, 0.311861515045166]
[0.20662112534046173, 0.5111922025680542, 0.2821866273880005]
[0.014743877574801445, 0.24051515758037567, 0.7447409629821777]
[0.24166814982891083, 0.5659766793251038, 0.1923551708459854]
[0.003998677246272564, 0.19406047463417053, 0.8019407987594604]
[0.7121471762657166, 0.25385531783103943, 0.033997587859630585]
[0.394165575504303, 0.519282877445221, 0.08655151724815369]
[0.025441205129027367, 0.32260239124298096, 0.6519563794136047]
[0.5738033056259155, 0.31829068064689636, 0.10790605843067169]
[0.07306833565235138, 0.35179081559181213, 0.5751407742500305]
[0.03678921237587929, 0.24603407084941864, 0.7171767354011536]
[0.029595930129289627, 0.10304581373929977, 0.8673582077026367]
[0.4448229670524597, 0.4566976726055145, 0.09847939014434814]
[0.013361246325075626, 0.255718469619751, 0.7309203147888184]
[0.133206307888031, 0.5297829508781433, 0.3370107412338257]
[0.4789152145385742, 0.46176642179489136, 0.05931837484240532]
[0.18036264181137085, 0.4789640009403229, 0.34067338705062866]
[0.41503414511680603, 0.4202156066894531, 0.16475020349025726]
[0.2995366156101227, 0.3788168132305145, 0.32164663076400757]
[0.011923110112547874, 0.09399022907018661, 0.8940866589546204]
[0.4202740788459778, 0.46139252185821533, 0.1183333620429039]
[0.05978075787425041, 0.45769819617271423, 0.48252108693122864]
[0.39407211542129517, 0.44690415263175964, 0.15902374684810638]
[0.6044712066650391, 0.3533499538898468, 0.0421789325773716]
[0.3639335036277771, 0.5825443863868713, 0.05352208763360977]
[0.12216230481863022, 0.40000489354133606, 0.47783273458480835]
[0.6148253083229065, 0.3492622971534729, 0.035912394523620605]
[0.005844016093760729, 0.0390181764960289, 0.9551378488540649]
[0.0014294355642050505, 0.010925717651844025, 0.9876448512077332]
[0.003010387299582362, 0.0394730269908905, 0.9575165510177612]
[0.04981429874897003, 0.1500345915555954, 0.8001511096954346]
[0.7392216920852661, 0.2284102439880371, 0.03236806392669678]
[0.1039920523762703, 0.5795689821243286, 0.3164389729499817]
[0.012876063585281372, 0.0895288735628128, 0.8975950479507446]
[0.0018353161867707968, 0.04043615609407425, 0.9577285051345825]
[0.025639886036515236, 0.2732886075973511, 0.7010715007781982]
[0.0048532369546592236, 0.0319119431078434, 0.9632348418235779]
[0.012798124924302101, 0.09768075495958328, 0.889521062374115]
[0.04269025847315788, 0.4359109401702881, 0.5213987827301025]
[0.4417192041873932, 0.5158122181892395, 0.04246852919459343]
[0.10441335290670395, 0.7347596883773804, 0.16082699596881866]
[0.4509689211845398, 0.39287614822387695, 0.15615490078926086]
[0.16938109695911407, 0.4563114047050476, 0.3743075132369995]
[0.9588513374328613, 0.03760889917612076, 0.003539792727679014]
[0.36383846402168274, 0.5490759015083313, 0.08708559721708298]
[0.7945886850357056, 0.19087640941143036, 0.01453483384102583]
[0.6476333141326904, 0.3055707812309265, 0.046795886009931564]
[0.13987526297569275, 0.5477789640426636, 0.3123457133769989]
[0.24275082349777222, 0.5264683961868286, 0.23078086972236633]
[0.2677006125450134, 0.6317816376686096, 0.10051775723695755]
[0.12153603136539459, 0.594239354133606, 0.28422462940216064]
[0.048273175954818726, 0.2777889668941498, 0.6739379167556763]
[0.4936009645462036, 0.4495578408241272, 0.056841153651475906]
[0.3483046293258667, 0.5258200168609619, 0.1258753389120102]
[0.1259864866733551, 0.45599862933158875, 0.41801491379737854]
[0.1365165263414383, 0.4270627498626709, 0.4364207983016968]
[0.09514801949262619, 0.656658947467804, 0.24819302558898926]
[0.00977746956050396, 0.15065322816371918, 0.8395693302154541]
[0.34645864367485046, 0.5242653489112854, 0.12927600741386414]
[0.13517172634601593, 0.46992653608322144, 0.39490172266960144]
[0.28896552324295044, 0.4178679585456848, 0.29316648840904236]
