[0.26095959544181824, 0.5953658819198608, 0.14367452263832092]
[0.43060651421546936, 0.4357961118221283, 0.13359740376472473]
[0.023194799199700356, 0.3267255127429962, 0.6500796675682068]
[0.34754127264022827, 0.5702219605445862, 0.08223677426576614]
[0.05867902189493179, 0.6674840450286865, 0.2738368809223175]
[0.1072014570236206, 0.6359331607818604, 0.25686535239219666]
[0.5822626948356628, 0.38589009642601013, 0.031847238540649414]
[0.4611439108848572, 0.43874216079711914, 0.10011395812034607]
[0.3997257947921753, 0.5203986763954163, 0.07987546175718307]
[0.4539940655231476, 0.5029792785644531, 0.04302671179175377]
[0.3178178369998932, 0.6031531691551208, 0.07902896404266357]
[0.4776539206504822, 0.440243124961853, 0.08210291713476181]
[0.6585175395011902, 0.31455498933792114, 0.026927446946501732]
[0.567051887512207, 0.3865720331668854, 0.04637603089213371]
[0.4583757519721985, 0.4745393693447113, 0.06708484888076782]
[0.4997556209564209, 0.4404028356075287, 0.059841614216566086]
[0.783653736114502, 0.19609606266021729, 0.020250240340828896]
[0.5717102289199829, 0.3858107626438141, 0.04247907176613808]
[0.00213889149017632, 0.0699939951300621, 0.9278671145439148]
[0.0014358916087076068, 0.020057586953043938, 0.9785065054893494]
[0.10953705757856369, 0.8328214287757874, 0.057641495019197464]
