[0.15152676403522491, 0.5227692723274231, 0.3257039487361908]
[0.001923834322951734, 0.010741988196969032, 0.987334132194519]
[0.017857784405350685, 0.0438586063683033, 0.9382835626602173]
[0.01132774818688631, 0.10114993900060654, 0.8875223398208618]
[0.014017775654792786, 0.4964219629764557, 0.48956021666526794]
[0.03221139311790466, 0.24918034672737122, 0.7186082601547241]
[0.5887930989265442, 0.35405755043029785, 0.05714935064315796]
[0.040288250893354416, 0.4050155580043793, 0.554696261882782]
[0.26312997937202454, 0.49833396077156067, 0.238536074757576]
[0.16906064748764038, 0.37027010321617126, 0.46066921949386597]
[0.8572500944137573, 0.1274847686290741, 0.01526519376784563]
[0.12087590992450714, 0.5685511231422424, 0.31057289242744446]
[0.022318944334983826, 0.1018114909529686, 0.8758695125579834]
[0.056105297058820724, 0.406374454498291, 0.5375202894210815]
[0.3344195783138275, 0.5593122839927673, 0.10626819729804993]
[0.8042529821395874, 0.1581317037343979, 0.03761525824666023]
[0.5926640033721924, 0.3489294648170471, 0.05840654298663139]
[0.04435010999441147, 0.1373239904642105, 0.8183258771896362]
[0.036185383796691895, 0.17322660982608795, 0.7905879616737366]
[0.013958058319985867, 0.1603541523218155, 0.8256877660751343]
[0.15259498357772827, 0.3934777081012726, 0.45392733812332153]
[0.3159322142601013, 0.35129866003990173, 0.33276909589767456]
[0.027823057025671005, 0.16272956132888794, 0.8094474077224731]
[0.038096390664577484, 0.2270205318927765, 0.7348830699920654]
[0.39802032709121704, 0.4894680380821228, 0.11251157522201538]
[0.018835406750440598, 0.23516365885734558, 0.7460009455680847]
[0.41856062412261963, 0.4794386029243469, 0.10200074315071106]
[0.0406065434217453, 0.14377637207508087, 0.8156170845031738]
[0.21068008244037628, 0.6281647682189941, 0.1611551195383072]
[0.0031238554511219263, 0.10526034235954285, 0.8916158080101013]
