[0.5219295024871826, 0.3679419457912445, 0.11012852191925049]
[0.07801135629415512, 0.5530179142951965, 0.3689708113670349]
[0.01457423809915781, 0.31112441420555115, 0.6743013262748718]
[0.3231673538684845, 0.48072725534439087, 0.19610531628131866]
[0.17208059132099152, 0.7009775042533875, 0.12694193422794342]
[0.249986931681633, 0.5089173913002014, 0.2410956621170044]
[0.22162362933158875, 0.6696653366088867, 0.10871100425720215]
[0.01704462617635727, 0.1811552196741104, 0.8018001317977905]
[0.027696684002876282, 0.29448696970939636, 0.6778163313865662]
[0.017461318522691727, 0.15816861391067505, 0.8243700265884399]
[0.07185366004705429, 0.8109531402587891, 0.11719318479299545]
[0.2584173381328583, 0.4291084110736847, 0.31247425079345703]
[0.037864647805690765, 0.3051101565361023, 0.6570252180099487]
[0.05672541260719299, 0.40216729044914246, 0.5411073565483093]
[0.6939770579338074, 0.25860267877578735, 0.04742022231221199]
[0.21373948454856873, 0.7089769244194031, 0.077283576130867]
[0.08331283926963806, 0.5304112434387207, 0.38627588748931885]
[0.08605732023715973, 0.6148093342781067, 0.2991333603858948]
[0.22953306138515472, 0.550395667552948, 0.2200712263584137]
[0.10020239651203156, 0.3556840717792511, 0.5441135168075562]
[0.026346860453486443, 0.2161736786365509, 0.7574794888496399]
[0.012485587038099766, 0.17801494896411896, 0.8094994425773621]
[0.005733259487897158, 0.05072639882564545, 0.9435403943061829]
[0.5890461802482605, 0.3735061585903168, 0.037447720766067505]
[0.5306629538536072, 0.41902750730514526, 0.050309568643569946]
[0.010856780223548412, 0.2256753146648407, 0.7634679079055786]
[0.6565552949905396, 0.3022509515285492, 0.04119376838207245]
[0.02528548426926136, 0.10953239351511002, 0.8651821613311768]
[0.03368115425109863, 0.12901368737220764, 0.8373051881790161]
[0.08143924921751022, 0.34517014026641846, 0.5733906030654907]
[0.05483674630522728, 0.3001449704170227, 0.6450182795524597]
[0.005864783655852079, 0.04978319630026817, 0.9443520307540894]
[0.3377143144607544, 0.5348862409591675, 0.12739942967891693]
[0.00414090184494853, 0.14551372826099396, 0.8503453731536865]
[0.2609189450740814, 0.6450332999229431, 0.09404779970645905]
[0.09987540543079376, 0.43012237548828125, 0.47000226378440857]
[0.03813951089978218, 0.4136910140514374, 0.5481694936752319]
