[0.003805210581049323, 0.05714087933301926, 0.9390538930892944]
[0.0039939871057868, 0.10894864797592163, 0.887057363986969]
[0.3610069453716278, 0.4846453368663788, 0.154347762465477]
[0.046507641673088074, 0.16582386195659637, 0.7876684665679932]
[0.006176481023430824, 0.04419809207320213, 0.9496253728866577]
[0.3850827217102051, 0.3275761306285858, 0.2873411178588867]
[0.6590614318847656, 0.32016295194625854, 0.020775580778717995]
[0.46500131487846375, 0.48236528038978577, 0.05263344570994377]
[0.024772578850388527, 0.13284103572368622, 0.8423863649368286]
[0.021662922576069832, 0.15807847678661346, 0.8202585577964783]
[0.034718647599220276, 0.8228961229324341, 0.14238521456718445]
[0.05108331888914108, 0.23313571512699127, 0.7157809734344482]
[0.04867871105670929, 0.3796505928039551, 0.571670651435852]
[0.08058062195777893, 0.6431095600128174, 0.2763097584247589]
[0.09271226823329926, 0.7523676156997681, 0.1549200862646103]
[0.2896263897418976, 0.4669150412082672, 0.24345850944519043]
[0.04372614622116089, 0.22687794268131256, 0.7293959259986877]
[0.30180224776268005, 0.5080640316009521, 0.19013364613056183]
[0.007138916756957769, 0.08632486313581467, 0.9065362811088562]
[0.42396247386932373, 0.49762430787086487, 0.07841315865516663]
[0.024205824360251427, 0.10348643362522125, 0.8723077178001404]
[0.010432781651616096, 0.10281593352556229, 0.8867512941360474]
[0.36585864424705505, 0.4880289137363434, 0.1461123675107956]
[0.013271275907754898, 0.10875499248504639, 0.877973735332489]
[0.07506155222654343, 0.681121289730072, 0.24381716549396515]
[0.02097669243812561, 0.15169717371463776, 0.8273261189460754]
[0.017518850043416023, 0.14994896948337555, 0.8325321674346924]
[0.005942130461335182, 0.030795758590102196, 0.963262140750885]
[0.0217241570353508, 0.13008993864059448, 0.8481858968734741]
[0.17395466566085815, 0.7030546069145203, 0.1229906678199768]
[0.6521168351173401, 0.3189297318458557, 0.028953462839126587]
[0.343024879693985, 0.5021465420722961, 0.1548284888267517]
[0.07821954786777496, 0.41760292649269104, 0.5041775107383728]
[0.021841121837496758, 0.22556272149085999, 0.7525961995124817]
[0.22711947560310364, 0.5526952743530273, 0.22018525004386902]
[0.07132870703935623, 0.5014021992683411, 0.4272691011428833]
[0.09806089848279953, 0.6704175472259521, 0.2315216213464737]
[0.01081516407430172, 0.07084085792303085, 0.9183439016342163]
[0.006298434920608997, 0.05354440584778786, 0.9401571750640869]
[0.0021332502365112305, 0.020061630755662918, 0.9778051376342773]
[0.027664657682180405, 0.15165430307388306, 0.820681095123291]
[0.09000051021575928, 0.403700053691864, 0.5062993764877319]
[0.43475598096847534, 0.39360111951828003, 0.17164285480976105]
[0.2479153424501419, 0.5889676809310913, 0.1631169468164444]
[0.096901535987854, 0.35613325238227844, 0.5469652414321899]
[0.7580550909042358, 0.21737591922283173, 0.02456894889473915]
[0.6563742160797119, 0.3111667335033417, 0.03245902806520462]
[0.35939040780067444, 0.5777782201766968, 0.0628313347697258]
[0.24139553308486938, 0.47433409094810486, 0.28427040576934814]
[0.27131855487823486, 0.6173620223999023, 0.1113194078207016]
[0.00981072150170803, 0.08461841940879822, 0.9055708646774292]
[0.00642636651173234, 0.04841557517647743, 0.9451581239700317]
[0.012086449190974236, 0.49582815170288086, 0.49208542704582214]
[0.03148845583200455, 0.17947010695934296, 0.7890414595603943]
[0.5979557633399963, 0.37355464696884155, 0.02848953753709793]
[0.16708484292030334, 0.7728105187416077, 0.0601046197116375]
[0.004156986717134714, 0.28892064094543457, 0.7069223523139954]
[0.27157849073410034, 0.6733329892158508, 0.05508851632475853]
[0.05698100104928017, 0.8037747740745544, 0.13924428820610046]
[0.01926487125456333, 0.3402564823627472, 0.6404786705970764]
[0.2401294708251953, 0.5647420883178711, 0.19512847065925598]
[0.008788198232650757, 0.1726980060338974, 0.8185137510299683]
[0.2910415232181549, 0.6041330099105835, 0.10482542961835861]
[0.15973949432373047, 0.7664319276809692, 0.07382860034704208]
[0.11775803565979004, 0.7687126398086548, 0.11352934688329697]
[0.4388812482357025, 0.45857590436935425, 0.10254281014204025]
[0.5560034513473511, 0.4165661931037903, 0.02743031643331051]
[0.5378955006599426, 0.43228679895401, 0.029817692935466766]
[0.8635895848274231, 0.12951907515525818, 0.006891300901770592]
[0.24474136531352997, 0.3723061978816986, 0.38295242190361023]
[0.12756139039993286, 0.4316660463809967, 0.44077250361442566]
[0.003325456054881215, 0.08639802783727646, 0.9102765321731567]
[0.002918361220508814, 0.03667478263378143, 0.9604068398475647]
[0.008337998762726784, 0.28270867466926575, 0.708953320980072]
[0.11511336266994476, 0.30566373467445374, 0.5792228579521179]
[0.532021164894104, 0.4205021858215332, 0.04747664928436279]
[0.397714763879776, 0.505868673324585, 0.09641657769680023]
[0.02289123274385929, 0.29807329177856445, 0.6790354251861572]
[0.6541919112205505, 0.31208735704421997, 0.0337207093834877]
[0.15333838760852814, 0.5105670690536499, 0.3360944986343384]
[0.023204278200864792, 0.22947736084461212, 0.7473183274269104]
[0.1625239998102188, 0.4335828423500061, 0.4038931429386139]
[0.685084342956543, 0.28367987275123596, 0.03123568743467331]
[0.005796452518552542, 0.03539104014635086, 0.9588124752044678]
[0.1736215353012085, 0.5341529250144958, 0.29222553968429565]
[0.04059700667858124, 0.17261256277561188, 0.7867903709411621]
[0.18894445896148682, 0.6337261199951172, 0.17732946574687958]
[0.47146305441856384, 0.4011262357234955, 0.12741076946258545]
[0.2318800687789917, 0.5526310205459595, 0.2154889553785324]
[0.009755108505487442, 0.060265809297561646, 0.929979145526886]
[0.37811538577079773, 0.5648255944252014, 0.05705905705690384]
[0.3456780016422272, 0.6229854226112366, 0.03133657947182655]
[0.03508593142032623, 0.28867754340171814, 0.6762365102767944]
[0.024602729827165604, 0.888580322265625, 0.08681692183017731]
[0.04063696041703224, 0.6237174868583679, 0.33564549684524536]
[0.3960600793361664, 0.41041073203086853, 0.19352926313877106]
[0.011604665778577328, 0.15486454963684082, 0.8335307836532593]
[0.016831709071993828, 0.5147976279258728, 0.4683707058429718]
[0.020126916468143463, 0.26916268467903137, 0.7107104659080505]
[0.5092663168907166, 0.45100462436676025, 0.039729103446006775]
[0.0637897253036499, 0.6113333702087402, 0.3248768448829651]
[0.6921191811561584, 0.2803216278553009, 0.027559198439121246]
[0.6220360994338989, 0.352986603975296, 0.02497733198106289]
[0.4595978558063507, 0.49156978726387024, 0.04883234575390816]
[0.6346895098686218, 0.3436967134475708, 0.021613825112581253]
[0.7965404391288757, 0.19266651570796967, 0.010793071240186691]
[0.8293660283088684, 0.16112469136714935, 0.009509244933724403]
[0.15539172291755676, 0.5425963997840881, 0.30201178789138794]
[0.6476733088493347, 0.33274367451667786, 0.01958308182656765]
[0.07133001834154129, 0.5929552316665649, 0.335714727640152]
[0.5551047325134277, 0.39812907576560974, 0.04676616191864014]
[0.5478631854057312, 0.4005228877067566, 0.051613949239254]
[0.16036860644817352, 0.4469588100910187, 0.3926725685596466]
[0.815526008605957, 0.17156274616718292, 0.012911224737763405]
[0.3872191309928894, 0.5479450225830078, 0.06483586877584457]
[0.4460379481315613, 0.395631343126297, 0.1583307385444641]
[0.33190879225730896, 0.585382342338562, 0.08270883560180664]
[0.026605067774653435, 0.16426610946655273, 0.8091288805007935]
[0.15603838860988617, 0.5350881218910217, 0.3088735044002533]
[0.0012561205076053739, 0.05269691348075867, 0.9460469484329224]
[0.7104717493057251, 0.24306942522525787, 0.046458810567855835]
[0.06703607738018036, 0.37428542971611023, 0.5586785078048706]
[0.03794138506054878, 0.23235639929771423, 0.7297021746635437]
[0.004150641616433859, 0.07021262496709824, 0.9256367683410645]
[0.04589153826236725, 0.35484403371810913, 0.5992644429206848]
[0.5335051417350769, 0.34316909313201904, 0.12332575768232346]
[0.61727374792099, 0.36448246240615845, 0.01824386604130268]
[0.5648188591003418, 0.399056077003479, 0.03612501919269562]
[0.8468018770217896, 0.13953164219856262, 0.01366647332906723]
[0.3198851943016052, 0.5915912389755249, 0.0885235071182251]
[0.3571712374687195, 0.5885978937149048, 0.054230887442827225]
[0.5324838757514954, 0.430500864982605, 0.03701527789235115]
[0.48463743925094604, 0.47724995017051697, 0.038112539798021317]
[0.2910754978656769, 0.5113568902015686, 0.19756771624088287]
[0.8054866790771484, 0.17727792263031006, 0.017235348001122475]
[0.6634349226951599, 0.32350024580955505, 0.013064797967672348]
[0.20287996530532837, 0.6775345802307129, 0.11958544701337814]
[0.4882482588291168, 0.46249014139175415, 0.04926157370209694]
[0.4012836515903473, 0.5274819731712341, 0.07123434543609619]
[0.8456591367721558, 0.14396359026432037, 0.010377355851233006]
[0.07932911813259125, 0.7628586292266846, 0.15781229734420776]
[0.6575137972831726, 0.2725304067134857, 0.06995577365159988]
[0.6957699656486511, 0.2842974066734314, 0.019932687282562256]
[0.5643630027770996, 0.4039125442504883, 0.03172444552183151]
[0.3100626766681671, 0.625406801700592, 0.06453048437833786]
[0.5804447531700134, 0.3723621666431427, 0.047193050384521484]
[0.653079092502594, 0.31647342443466187, 0.030447427183389664]
[0.3569755256175995, 0.5754701495170593, 0.06755422800779343]
[0.3194292485713959, 0.553605318069458, 0.12696535885334015]
[0.22528335452079773, 0.6850053668022156, 0.08971131592988968]
[0.14599847793579102, 0.7252088189125061, 0.1287926733493805]
[0.001991892699152231, 0.040578294545412064, 0.9574297666549683]
[0.018898578360676765, 0.2624090909957886, 0.7186923623085022]
[0.03965813294053078, 0.24511176347732544, 0.7152300477027893]
[0.1960512101650238, 0.5492796301841736, 0.25466910004615784]
[0.4597148895263672, 0.4567352533340454, 0.08354976028203964]
[0.24837467074394226, 0.47203609347343445, 0.27958932518959045]
[0.006476948503404856, 0.05759378522634506, 0.9359292984008789]
[0.5508387684822083, 0.31803998351097107, 0.13112124800682068]
[0.9705156087875366, 0.02623898722231388, 0.003245310625061393]
[0.4149821698665619, 0.4363187849521637, 0.14869904518127441]
[0.614840567111969, 0.3402540683746338, 0.04490534961223602]
[0.3617694079875946, 0.47855693101882935, 0.15967361629009247]
[0.15839090943336487, 0.35289236903190613, 0.4887167513370514]
[0.6384479999542236, 0.30791130661964417, 0.05364065244793892]
[0.38287320733070374, 0.526299774646759, 0.0908270850777626]
[0.3295305371284485, 0.5663900971412659, 0.10407938063144684]
[0.07538798451423645, 0.32291704416275024, 0.6016949415206909]
[0.03995204344391823, 0.5170443654060364, 0.4430036246776581]
[0.06946035474538803, 0.29958197474479675, 0.6309576630592346]
[0.001713100471533835, 0.1062660738825798, 0.8920208811759949]
[0.08378978818655014, 0.3533712327480316, 0.5628389716148376]
[0.5905607342720032, 0.3344974219799042, 0.07494182139635086]
[0.9473236799240112, 0.04546482488512993, 0.00721148494631052]
[0.5005131959915161, 0.3768628239631653, 0.12262395769357681]
[0.1542428582906723, 0.29627010226249695, 0.5494870543479919]
[0.03241255134344101, 0.2801934480667114, 0.6873939633369446]
[0.8269696235656738, 0.1568266749382019, 0.01620371639728546]
[0.106363445520401, 0.4667629599571228, 0.4268735647201538]
[0.0018998549785465002, 0.014827126637101173, 0.9832730293273926]
[0.004727596417069435, 0.037142589688301086, 0.9581298828125]
[0.2621072828769684, 0.669185996055603, 0.06870671361684799]
[0.07392100244760513, 0.396975040435791, 0.5291039943695068]
[0.23087036609649658, 0.69134920835495, 0.07778044044971466]
[0.32761311531066895, 0.6055730581283569, 0.0668138936161995]
[0.16500847041606903, 0.7291290760040283, 0.10586242377758026]
[0.5593314170837402, 0.38179850578308105, 0.058870092034339905]
[0.1613558679819107, 0.7122787833213806, 0.1263653188943863]
[0.3885495960712433, 0.48575201630592346, 0.12569840252399445]
[0.03697332367300987, 0.7118475437164307, 0.2511790692806244]
[0.2519475817680359, 0.6826406121253967, 0.06541179865598679]
[0.5767521262168884, 0.37963640689849854, 0.043611474335193634]
[0.8827892541885376, 0.11108104884624481, 0.006129632703959942]
[0.38726621866226196, 0.5467621684074402, 0.06597156077623367]
[0.48744961619377136, 0.4726555049419403, 0.03989481180906296]
[0.843386173248291, 0.14563025534152985, 0.010983654297888279]
[0.16877563297748566, 0.30443307757377625, 0.5267912745475769]
[0.0019453755812719464, 0.020315686240792274, 0.9777389168739319]
[0.0036640430334955454, 0.05785287544131279, 0.9384831190109253]
[0.0042167603969573975, 0.019090373069047928, 0.9766928553581238]
[0.0066633508540689945, 0.06355062127113342, 0.9297860860824585]
[0.00499718589708209, 0.21261891722679138, 0.782383918762207]
[0.0016425402136519551, 0.027956509962677956, 0.9704009890556335]
[0.09518156945705414, 0.6785255074501038, 0.22629296779632568]
[0.27288609743118286, 0.5632393956184387, 0.1638745665550232]
[0.5082857608795166, 0.4417193830013275, 0.049994852393865585]
[0.15796120464801788, 0.47777777910232544, 0.3642609715461731]
[0.8195204734802246, 0.16384141147136688, 0.016638118773698807]
[0.9000699520111084, 0.0893697664141655, 0.010560231283307076]
[0.02509174309670925, 0.31965380907058716, 0.6552544236183167]
[0.3489971160888672, 0.5399903655052185, 0.11101248860359192]
[0.022227365523576736, 0.3275448977947235, 0.6502277851104736]
[0.3207252025604248, 0.6015884280204773, 0.0776863768696785]
[0.02681136503815651, 0.38184288144111633, 0.5913457274436951]
[0.508458137512207, 0.44283992052078247, 0.04870200902223587]
[0.10057788342237473, 0.6007080078125, 0.29871416091918945]
[0.28897619247436523, 0.5531059503555298, 0.15791790187358856]
[0.542605996131897, 0.4154081642627716, 0.041985876858234406]
[0.11727210879325867, 0.7206237316131592, 0.16210421919822693]
[0.009071148000657558, 0.12425033003091812, 0.8666785955429077]
[0.16513699293136597, 0.7352035641670227, 0.09965945780277252]
[0.11854251474142075, 0.6048185229301453, 0.2766388952732086]
[0.41105473041534424, 0.4593561589717865, 0.1295890212059021]
[0.034177832305431366, 0.3850134611129761, 0.5808087587356567]
[0.0961410403251648, 0.5181007385253906, 0.3857581913471222]
[0.06490526348352432, 0.3716849088668823, 0.5634097456932068]
[0.5982508063316345, 0.3313761055469513, 0.07037311792373657]
[0.08527223020792007, 0.2861853539943695, 0.628542423248291]
[0.5145010948181152, 0.4289741814136505, 0.05652470141649246]
[0.24722881615161896, 0.6173089146614075, 0.13546231389045715]
[0.3633016347885132, 0.5271454453468323, 0.10955291986465454]
[0.9192069172859192, 0.07354133576154709, 0.007251729257404804]
[0.657077431678772, 0.3124150037765503, 0.030507583171129227]
[0.21257026493549347, 0.6380687952041626, 0.14936095476150513]
[0.15475167334079742, 0.628189742565155, 0.21705862879753113]
[0.052836284041404724, 0.36923694610595703, 0.5779268145561218]
[0.006714270915836096, 0.06266650557518005, 0.9306191802024841]
[0.2926133871078491, 0.5338183641433716, 0.1735682338476181]
[0.427988201379776, 0.4526557922363281, 0.11935599893331528]
[0.8818385004997253, 0.10631883144378662, 0.011842697858810425]
[0.2766174077987671, 0.40876325964927673, 0.3146193027496338]
[0.3845253884792328, 0.4667215645313263, 0.1487530618906021]
[0.6936852931976318, 0.25865161418914795, 0.04766305908560753]
[0.8626947402954102, 0.12138532847166061, 0.015919918194413185]
[0.3101486563682556, 0.37475067377090454, 0.31510061025619507]
[0.5775107145309448, 0.3552163541316986, 0.06727289408445358]
[0.03370518982410431, 0.26052024960517883, 0.7057746052742004]
[0.10345534980297089, 0.2082754224538803, 0.6882692575454712]
[0.09588756412267685, 0.7907339930534363, 0.11337848007678986]
[0.0062310779467225075, 0.09499920904636383, 0.898769736289978]
[0.5106954574584961, 0.40256398916244507, 0.08674059063196182]
[0.12181112915277481, 0.6969157457351685, 0.1812732070684433]
[0.014049960300326347, 0.2786923348903656, 0.7072576880455017]
[0.5836865901947021, 0.30672401189804077, 0.10958944261074066]
[0.46442049741744995, 0.4785495400428772, 0.05703001469373703]
[0.4485607147216797, 0.49354761838912964, 0.057891637086868286]
[0.050208304077386856, 0.25366753339767456, 0.6961241364479065]
[0.35169878602027893, 0.509783923625946, 0.1385173201560974]
[0.46213021874427795, 0.43047329783439636, 0.10739655047655106]
[0.0803908035159111, 0.6882330775260925, 0.23137611150741577]
[0.1279822736978531, 0.7426561713218689, 0.12936152517795563]
[0.11527147144079208, 0.47207188606262207, 0.41265660524368286]
[0.21349330246448517, 0.6865422129631042, 0.09996457397937775]
[0.7725049257278442, 0.20826788246631622, 0.019227160140872]
[0.1330496221780777, 0.7115881443023682, 0.1553622931241989]
[0.2865902781486511, 0.5263192653656006, 0.1870904564857483]
[0.2205359786748886, 0.40767398476600647, 0.3717900514602661]
