[0.12399425357580185, 0.46622487902641296, 0.409780889749527]
[0.3675614893436432, 0.4941278100013733, 0.13831070065498352]
[0.410616934299469, 0.42551782727241516, 0.16386522352695465]
[0.16698352992534637, 0.4716990292072296, 0.3613174557685852]
[0.6798011660575867, 0.29210200905799866, 0.02809675596654415]
[0.427481472492218, 0.4554440975189209, 0.11707442998886108]
[0.28532010316848755, 0.5258479118347168, 0.18883192539215088]
[0.8719922304153442, 0.1147417351603508, 0.013266078196465969]
[0.6932011842727661, 0.2715321481227875, 0.03526661917567253]
[0.09144417196512222, 0.6547595858573914, 0.2537962794303894]
[0.844538152217865, 0.1420321762561798, 0.013429642654955387]
[0.255000501871109, 0.6050501465797424, 0.13994942605495453]
[0.028921213001012802, 0.38715359568595886, 0.583925187587738]
[0.10198596864938736, 0.6531522274017334, 0.24486178159713745]
[0.48819756507873535, 0.46639806032180786, 0.045404378324747086]
[0.39811259508132935, 0.5278974175453186, 0.07399004697799683]
[0.5362164974212646, 0.40611594915390015, 0.05766754969954491]
[0.3615691065788269, 0.5535933375358582, 0.08483750373125076]
[0.047941070050001144, 0.16524039208889008, 0.7868185639381409]
[0.8001854419708252, 0.17188960313796997, 0.027924872934818268]
[0.8456096053123474, 0.1336209923028946, 0.020769335329532623]
[0.30564218759536743, 0.5291454792022705, 0.16521230340003967]
[0.9456546306610107, 0.04924002289772034, 0.005105319898575544]
[0.15327239036560059, 0.48569977283477783, 0.36102786660194397]
[0.8335099816322327, 0.15380045771598816, 0.012689555063843727]
[0.056248798966407776, 0.4645330309867859, 0.47921812534332275]
[0.07564954459667206, 0.3307674527168274, 0.5935830473899841]
[0.03578593209385872, 0.13348717987537384, 0.8307269215583801]
[0.757943868637085, 0.20733164250850677, 0.03472455218434334]
[0.6166791915893555, 0.2789463400840759, 0.1043744683265686]
[0.6333762407302856, 0.3047920763492584, 0.06183162331581116]
[0.9198177456855774, 0.0718747079372406, 0.00830763392150402]
[0.39031457901000977, 0.4627590477466583, 0.1469264030456543]
[0.39698684215545654, 0.44173872470855713, 0.16127444803714752]
[0.18699310719966888, 0.4310327172279358, 0.3819742202758789]
[0.05417092517018318, 0.5475302934646606, 0.3982987701892853]
[0.6977262496948242, 0.2525354325771332, 0.049738217145204544]
[0.035142410546541214, 0.17033697664737701, 0.7945206165313721]
[0.3419508934020996, 0.5445443987846375, 0.11350472271442413]
[0.6357479095458984, 0.3354702293872833, 0.028781887143850327]
[0.7740474939346313, 0.21509326994419098, 0.010859230533242226]
[0.3456725776195526, 0.5736455917358398, 0.08068183809518814]
[0.5669965744018555, 0.3646150827407837, 0.06838829070329666]
[0.5167331695556641, 0.43628495931625366, 0.04698185622692108]
[0.8293119072914124, 0.15072187781333923, 0.019966155290603638]
[0.9533673524856567, 0.04343147203326225, 0.0032012350857257843]
[0.07550080865621567, 0.46652352809906006, 0.4579756259918213]
[0.4634944498538971, 0.46533071994781494, 0.07117487490177155]
[0.9471387267112732, 0.047126442193984985, 0.005734762642532587]
[0.5727920532226562, 0.3587680459022522, 0.06843989342451096]
[0.4705052375793457, 0.429681658744812, 0.0998130589723587]
[0.6761434674263, 0.28716084361076355, 0.036695607006549835]
[0.6369515061378479, 0.26722005009651184, 0.09582845866680145]
[0.044799789786338806, 0.3139359652996063, 0.6412642598152161]
[0.05317984148859978, 0.3597312271595001, 0.587088942527771]
[0.4096168577671051, 0.4990825951099396, 0.09130054712295532]
[0.30293846130371094, 0.4057862460613251, 0.291275292634964]
[0.5209873914718628, 0.41416293382644653, 0.06484973430633545]
[0.19439320266246796, 0.4586367905139923, 0.3469700515270233]
[0.4982282817363739, 0.36044013500213623, 0.14133155345916748]
[0.08398303389549255, 0.20673298835754395, 0.7092840075492859]
[0.07212305814027786, 0.4428108334541321, 0.48506614565849304]
[0.3011270761489868, 0.5887552499771118, 0.11011775583028793]
[0.0450587160885334, 0.732967734336853, 0.22197362780570984]
[0.3617748022079468, 0.48984915018081665, 0.14837609231472015]
[0.4705222547054291, 0.44862741231918335, 0.08085042983293533]
[0.30106252431869507, 0.4712567627429962, 0.2276807427406311]
[0.012131971307098866, 0.20233683288097382, 0.785531222820282]
[0.23939529061317444, 0.4517172873020172, 0.3088873624801636]
[0.6901208758354187, 0.274783730506897, 0.03509538993239403]
[0.8061615824699402, 0.1687316745519638, 0.025106731802225113]
[0.14299477636814117, 0.5737767219543457, 0.28322842717170715]
[0.842530369758606, 0.14506231248378754, 0.012407375499606133]
[0.3689035177230835, 0.44360899925231934, 0.18748745322227478]
[0.005377363413572311, 0.0525529608130455, 0.9420697093009949]
[0.16568568348884583, 0.5994564890861511, 0.23485778272151947]
[0.006889942102134228, 0.06300196796655655, 0.9301081299781799]
[0.011587136425077915, 0.698645830154419, 0.28976714611053467]
[0.00390874408185482, 0.04912302643060684, 0.9469681978225708]
[0.024842191487550735, 0.24435484409332275, 0.7308029532432556]
[0.05650591850280762, 0.6510785222053528, 0.2924155294895172]
[0.003968574106693268, 0.05354132130742073, 0.9424901604652405]
[0.003387144533917308, 0.025771809741854668, 0.9708409905433655]
[0.012287287041544914, 0.141916424036026, 0.8457962274551392]
[0.04409262537956238, 0.8169476389884949, 0.13895979523658752]
[0.23262335360050201, 0.6885532736778259, 0.07882340252399445]
[0.49907687306404114, 0.39839085936546326, 0.1025322824716568]
[0.1476154923439026, 0.49043092131614685, 0.3619535565376282]
[0.08737637102603912, 0.4443197548389435, 0.468303918838501]
[0.011432292871177197, 0.16401152312755585, 0.8245562314987183]
[0.09518291801214218, 0.2820029556751251, 0.6228141188621521]
[0.4151451885700226, 0.5076487064361572, 0.0772060751914978]
[0.05290566384792328, 0.5366807579994202, 0.41041356325149536]
[0.6043960452079773, 0.3379165828227997, 0.05768730118870735]
[0.14427179098129272, 0.5488485097885132, 0.3068796992301941]
[0.07106491923332214, 0.335669606924057, 0.5932654738426208]
[0.04339410737156868, 0.21564538776874542, 0.7409604787826538]
[0.24588000774383545, 0.539817214012146, 0.21430280804634094]
[0.0014221505261957645, 0.0617508739233017, 0.9368269443511963]
[0.001577060087583959, 0.032591789960861206, 0.9658311605453491]
[0.0033732487354427576, 0.02532704547047615, 0.9712997674942017]
[0.009398285299539566, 0.1485251635313034, 0.8420765399932861]
[0.7572953104972839, 0.2113216519355774, 0.03138306736946106]
[0.6116909980773926, 0.32259324193000793, 0.06571576744318008]
[0.5682190656661987, 0.37936386466026306, 0.052417051047086716]
[0.6036320924758911, 0.3738466203212738, 0.02252131514251232]
[0.4678534269332886, 0.4748634397983551, 0.05728309601545334]
[0.41444137692451477, 0.5426020622253418, 0.042956553399562836]
[0.18823421001434326, 0.40889275074005127, 0.40287303924560547]
[0.3458908498287201, 0.48989468812942505, 0.16421447694301605]
[0.33456340432167053, 0.5113383531570435, 0.15409822762012482]
[0.08314862847328186, 0.7584152221679688, 0.1584361344575882]
[0.7230493426322937, 0.256590336561203, 0.020360402762889862]
[0.3089115619659424, 0.5845229625701904, 0.10656551271677017]
[0.5813676714897156, 0.37437427043914795, 0.04425809904932976]
[0.541053056716919, 0.41364243626594543, 0.04530451446771622]
[0.07623836398124695, 0.5400070548057556, 0.3837546110153198]
[0.1348791867494583, 0.6597065329551697, 0.20541423559188843]
[0.13396099209785461, 0.24810835719108582, 0.6179306507110596]
[0.002887589391320944, 0.032287660986185074, 0.9648247361183167]
[0.014347561635077, 0.10487020015716553, 0.8807822465896606]
[0.0015248442068696022, 0.016109798103570938, 0.9823653101921082]
[0.006151664536446333, 0.0929325744509697, 0.900915801525116]
[0.001378147047944367, 0.009994381107389927, 0.9886274933815002]
[0.004711864050477743, 0.06228116154670715, 0.933007001876831]
[0.19875504076480865, 0.40921273827552795, 0.3920322060585022]
[0.06905458122491837, 0.3082869052886963, 0.6226584911346436]
[0.17368514835834503, 0.7580106258392334, 0.06830421835184097]
[0.05404689535498619, 0.2888306677341461, 0.6571224331855774]
[0.8584306240081787, 0.11224188655614853, 0.029327508062124252]
[0.7647721767425537, 0.1977131962776184, 0.0375145748257637]
[0.392354816198349, 0.4867388904094696, 0.1209062859416008]
[0.03427770733833313, 0.2987971603870392, 0.6669251322746277]
[0.02039078250527382, 0.19743487238883972, 0.782174289226532]
[0.06833496689796448, 0.38235872983932495, 0.5493063926696777]
[0.6722047924995422, 0.29030895233154297, 0.037486348301172256]
[0.1234181821346283, 0.7885979413986206, 0.08798391371965408]
[0.3718538284301758, 0.5459088683128357, 0.08223728835582733]
[0.020257648080587387, 0.24154777824878693, 0.7381945252418518]
[0.45436957478523254, 0.4712076485157013, 0.07442281395196915]
[0.004470477811992168, 0.2119942456483841, 0.7835352420806885]
[0.02669297344982624, 0.2666090726852417, 0.706697940826416]
[0.18472163379192352, 0.6991389989852905, 0.11613935232162476]
[0.03730577230453491, 0.21928909420967102, 0.7434051036834717]
[0.0028089096304029226, 0.06392816454172134, 0.9332629442214966]
[0.3410102128982544, 0.44040411710739136, 0.21858569979667664]
[0.20579031109809875, 0.5223368406295776, 0.2718729078769684]
[0.04633260518312454, 0.2596225142478943, 0.6940448880195618]
[0.01889629475772381, 0.18765446543693542, 0.7934492230415344]
[0.12082342058420181, 0.4233442544937134, 0.4558323621749878]
[0.20117075741291046, 0.5677993297576904, 0.23102989792823792]
[0.2365504652261734, 0.3940286636352539, 0.3694208264350891]
[0.02412056177854538, 0.3021576702594757, 0.6737217307090759]
[0.06650346517562866, 0.8930842280387878, 0.04041237756609917]
[0.16452978551387787, 0.7649533152580261, 0.0705169141292572]
[0.13989651203155518, 0.7132894992828369, 0.1468140333890915]
[0.06119066849350929, 0.7465737462043762, 0.1922355741262436]
[0.12095232307910919, 0.7232751846313477, 0.155772402882576]
[0.08649025857448578, 0.7215632200241089, 0.19194646179676056]
[0.07061752676963806, 0.6696383953094482, 0.2597440183162689]
[0.6656367182731628, 0.30296674370765686, 0.03139660879969597]
[0.0613456554710865, 0.6014597415924072, 0.337194561958313]
[0.7907396554946899, 0.18482913076877594, 0.024431223049759865]
[0.40931251645088196, 0.4756152629852295, 0.11507222056388855]
[0.0316205732524395, 0.3014460802078247, 0.6669332981109619]
[0.014432805590331554, 0.07813230156898499, 0.9074349403381348]
[0.44711238145828247, 0.4432324469089508, 0.10965511202812195]
[0.34672021865844727, 0.5308198928833008, 0.12245982885360718]
[0.01394395437091589, 0.2861679494380951, 0.6998881101608276]
[0.2903061807155609, 0.6722859740257263, 0.03740786761045456]
[0.4567074477672577, 0.4846181273460388, 0.05867437273263931]
[0.3186895549297333, 0.5936527848243713, 0.08765768259763718]
[0.03359382227063179, 0.5161145329475403, 0.4502916932106018]
[0.4499465227127075, 0.4871375560760498, 0.0629158616065979]
[0.10546094924211502, 0.7847968339920044, 0.109742172062397]
[0.038543712347745895, 0.3648074269294739, 0.5966488718986511]
[0.0056583452969789505, 0.06832113862037659, 0.9260205626487732]
[0.4268167018890381, 0.5373847484588623, 0.0357985645532608]
[0.6134896874427795, 0.3188563287258148, 0.06765395402908325]
[0.3283846378326416, 0.48016855120658875, 0.19144687056541443]
[0.48370763659477234, 0.3780965209007263, 0.13819587230682373]
[0.08569181710481644, 0.248860165476799, 0.665448009967804]
[0.12501464784145355, 0.5743800401687622, 0.30060532689094543]
[0.2857823967933655, 0.581821858882904, 0.13239575922489166]
[0.07666479796171188, 0.32604655623435974, 0.5972887277603149]
[0.10267078876495361, 0.5715052485466003, 0.32582396268844604]
[0.16904038190841675, 0.6838775277137756, 0.1470821350812912]
[0.49335113167762756, 0.4355913996696472, 0.07105749845504761]
[0.15176935493946075, 0.6214175224304199, 0.2268132120370865]
[0.1216287761926651, 0.8237287998199463, 0.05464239418506622]
[0.45293572545051575, 0.47800225019454956, 0.06906194239854813]
[0.0024621281772851944, 0.028246408328413963, 0.9692914485931396]
[0.1139664351940155, 0.5596436858177185, 0.326389878988266]
[0.08923906087875366, 0.504442036151886, 0.40631890296936035]
[0.4831952154636383, 0.3512250781059265, 0.1655796766281128]
[0.07661957293748856, 0.2997789680957794, 0.623601496219635]
[0.47527840733528137, 0.45203661918640137, 0.07268492132425308]
[0.0035796859301626682, 0.12516804039478302, 0.8712522983551025]
[0.39380109310150146, 0.5441641211509705, 0.06203477457165718]
[0.0018425197340548038, 0.03409809246659279, 0.9640594124794006]
[0.06860050559043884, 0.7124679088592529, 0.21893161535263062]
[0.04792536050081253, 0.7213672399520874, 0.23070736229419708]
[0.41715723276138306, 0.4539928138256073, 0.12884992361068726]
[0.2887149453163147, 0.6093170642852783, 0.10196802765130997]
[0.007941354997456074, 0.07184887677431107, 0.9202097058296204]
[0.21580281853675842, 0.6290660500526428, 0.15513105690479279]
[0.857943594455719, 0.13467355072498322, 0.007382778450846672]
[0.009557750076055527, 0.07093439251184464, 0.9195079207420349]
[0.19428443908691406, 0.4168225824832916, 0.3888929784297943]
[0.4048786163330078, 0.438379168510437, 0.15674221515655518]
[0.009331700392067432, 0.07849579304456711, 0.9121724367141724]
[0.4273045063018799, 0.5200306177139282, 0.05266489088535309]
[0.3984925150871277, 0.5482550263404846, 0.05325247719883919]
[0.8994053602218628, 0.0941113606095314, 0.006483358796685934]
[0.7035489678382874, 0.2714594304561615, 0.024991560727357864]
[0.7982112765312195, 0.17723803222179413, 0.02455075830221176]
[0.636090099811554, 0.3002367913722992, 0.06367307156324387]
[0.20353740453720093, 0.5312067270278931, 0.265255868434906]
[0.3856108784675598, 0.5178242325782776, 0.09656493365764618]
[0.5573472380638123, 0.4054105877876282, 0.037242162972688675]
[0.011666479520499706, 0.10599067062139511, 0.8823428153991699]
[0.897831380367279, 0.09387707710266113, 0.00829160213470459]
[0.20823223888874054, 0.5752023458480835, 0.21656547486782074]
[0.6520012021064758, 0.2996685802936554, 0.048330157995224]
[0.07363937795162201, 0.6222612261772156, 0.3040994107723236]
[0.3938281834125519, 0.5640350580215454, 0.042136698961257935]
[0.6257189512252808, 0.314083069562912, 0.06019797548651695]
[0.013059290125966072, 0.13510192930698395, 0.8518387079238892]
[0.10893531143665314, 0.5797796249389648, 0.3112850487232208]
[0.4210987389087677, 0.4638148248195648, 0.11508645117282867]
[0.2526762783527374, 0.6076688766479492, 0.13965484499931335]
[0.8674472570419312, 0.12680961191654205, 0.005743145477026701]
[0.055340204387903214, 0.24731950461864471, 0.6973403096199036]
[0.8752956986427307, 0.11635413765907288, 0.008350205607712269]
[0.08997651934623718, 0.3352826237678528, 0.5747408866882324]
[0.4344760477542877, 0.4651010036468506, 0.10042304545640945]
[0.586654543876648, 0.36894160509109497, 0.04440385848283768]
[0.4548429250717163, 0.49131861329078674, 0.05383848026394844]
[0.81910240650177, 0.1708059012889862, 0.010091666132211685]
[0.41405102610588074, 0.46192678809165955, 0.12402224540710449]
[0.4267250597476959, 0.5276368856430054, 0.045638106763362885]
[0.25931811332702637, 0.5360138416290283, 0.2046680748462677]
[0.011484821327030659, 0.15661020576953888, 0.8319050073623657]
[0.020700881257653236, 0.18036487698554993, 0.7989342212677002]
[0.6500959992408752, 0.30885758996009827, 0.041046399623155594]
[0.03343797102570534, 0.2030973583459854, 0.7634646892547607]
[0.24665258824825287, 0.6684907078742981, 0.08485666662454605]
[0.3740417957305908, 0.52582186460495, 0.10013631731271744]
[0.07134414464235306, 0.6815405488014221, 0.2471153289079666]
[0.2833560109138489, 0.5155093669891357, 0.201134592294693]
[0.3834851384162903, 0.5728931427001953, 0.043621718883514404]
[0.528717577457428, 0.4426354169845581, 0.028647026047110558]
[0.032585158944129944, 0.47649142146110535, 0.4909234941005707]
[0.5398846864700317, 0.41086092591285706, 0.04925437271595001]
[0.7154141068458557, 0.2505006492137909, 0.03408529981970787]
[0.44881922006607056, 0.4525476098060608, 0.09863322228193283]
[0.6899991035461426, 0.2662574052810669, 0.04374346882104874]
[0.23191332817077637, 0.4340415894985199, 0.33404508233070374]
[0.07047843933105469, 0.8067159056663513, 0.1228056401014328]
[0.04710395261645317, 0.3003179132938385, 0.6525780558586121]
[0.4907515048980713, 0.45200976729393005, 0.05723871663212776]
[0.5924854278564453, 0.3420407772064209, 0.06547380983829498]
[0.0011647245846688747, 0.039340633898973465, 0.9594945907592773]
[0.04093504324555397, 0.23041467368602753, 0.7286502718925476]
[0.32564154267311096, 0.4448685050010681, 0.22948987782001495]
[0.03029021993279457, 0.17827950417995453, 0.7914302945137024]
[0.005902521777898073, 0.13465753197669983, 0.8594399094581604]
[0.008893921971321106, 0.34708553552627563, 0.6440205574035645]
[0.01376519724726677, 0.44172152876853943, 0.5445132851600647]
[0.0027562694158405066, 0.015673330053687096, 0.9815704226493835]
[0.0156314168125391, 0.16865473985671997, 0.8157138824462891]
[0.2792215347290039, 0.5756236910820007, 0.14515477418899536]
[0.019772455096244812, 0.41266024112701416, 0.5675672888755798]
[0.016769029200077057, 0.38733819127082825, 0.5958927869796753]
[0.007218333892524242, 0.3509635031223297, 0.6418181657791138]
[0.016078658401966095, 0.0950578823685646, 0.8888634443283081]
[0.009296266362071037, 0.16052137315273285, 0.8301823139190674]
[0.4701855778694153, 0.4668300449848175, 0.06298436224460602]
[0.19271795451641083, 0.5712971091270447, 0.2359849214553833]
[0.009764168411493301, 0.21715185046195984, 0.7730840444564819]
[0.04747678339481354, 0.38700905442237854, 0.5655141472816467]
[0.013042070902884007, 0.13911479711532593, 0.8478431105613708]
[0.9287312626838684, 0.06642354279756546, 0.004845267627388239]
[0.034466322511434555, 0.09041387587785721, 0.8751198053359985]
[0.8506211638450623, 0.12780489027500153, 0.021573945879936218]
[0.4655808210372925, 0.3894897997379303, 0.1449294090270996]
[0.2729477882385254, 0.5431836247444153, 0.18386858701705933]
[0.0022931534331291914, 0.035579487681388855, 0.9621273875236511]
[0.265375554561615, 0.5699548125267029, 0.16466958820819855]
[0.5987042784690857, 0.35814109444618225, 0.04315464571118355]
[0.0016034359578043222, 0.015234225429594517, 0.9831622838973999]
[0.06355731934309006, 0.2351379096508026, 0.7013047933578491]
[0.5845029950141907, 0.32625165581703186, 0.08924534916877747]
[0.8816637396812439, 0.10799462348222733, 0.010341677814722061]
[0.323090523481369, 0.4889450967311859, 0.18796445429325104]
[0.2718777060508728, 0.47143658995628357, 0.256685733795166]
[0.832294225692749, 0.15700684487819672, 0.010698921978473663]
[0.46328842639923096, 0.47975465655326843, 0.056956928223371506]
[0.6145338416099548, 0.3325832188129425, 0.05288296937942505]
[0.3005688786506653, 0.43952688574790955, 0.25990426540374756]
[0.07387405633926392, 0.5011438131332397, 0.4249821901321411]
[0.2030935138463974, 0.5400273203849792, 0.25687921047210693]
[0.2435518354177475, 0.6500908136367798, 0.10635733604431152]
[0.6098199486732483, 0.3456933796405792, 0.04448656737804413]
[0.19364888966083527, 0.601397693157196, 0.2049533724784851]
[0.5183368921279907, 0.4539477527141571, 0.02771538496017456]
[0.6019737124443054, 0.35012298822402954, 0.04790329560637474]
[0.18091197311878204, 0.5019657611846924, 0.3171222507953644]
[0.43671858310699463, 0.4534335136413574, 0.10984797030687332]
[0.2683974802494049, 0.4069867432117462, 0.32461580634117126]
[0.3416918218135834, 0.44204819202423096, 0.21626001596450806]
[0.10231432318687439, 0.5352786183357239, 0.36240705847740173]
[0.28628236055374146, 0.5819702744483948, 0.13174736499786377]
[0.4230002760887146, 0.5374941229820251, 0.03950556740164757]
[0.8212107419967651, 0.16744184494018555, 0.011347431689500809]
[0.5661059021949768, 0.39855632185935974, 0.03533768653869629]
[0.11686654388904572, 0.44169825315475464, 0.4414352476596832]
[0.64762943983078, 0.32188209891319275, 0.030488526448607445]
[0.26951608061790466, 0.6686556935310364, 0.06182827427983284]
[0.30605119466781616, 0.6168340444564819, 0.0771147683262825]
[0.3666943907737732, 0.573743999004364, 0.059561628848314285]
[0.26613649725914, 0.4174949824810028, 0.3163685202598572]
[0.25110718607902527, 0.5385766625404358, 0.21031618118286133]
[0.013967032544314861, 0.47440803050994873, 0.5116249322891235]
[0.0017232359386980534, 0.02479504607617855, 0.9734817147254944]
[0.09016887843608856, 0.142530620098114, 0.7673004865646362]
