[0.1598186194896698, 0.3261435031890869, 0.5140379071235657]
[0.03217807784676552, 0.15274852514266968, 0.8150733709335327]
[0.002100482350215316, 0.026963863521814346, 0.9709356427192688]
[0.5733330845832825, 0.342541366815567, 0.08412548899650574]
[0.5634692907333374, 0.36887815594673157, 0.06765259057283401]
[0.09714215993881226, 0.3478713929653168, 0.5549864768981934]
[0.1347358673810959, 0.6869536638259888, 0.17831046879291534]
[0.33869779109954834, 0.5575883388519287, 0.10371384769678116]
[0.3421938419342041, 0.5325520634651184, 0.12525403499603271]
[0.3071192502975464, 0.5547541975975037, 0.13812658190727234]
[0.1994132399559021, 0.5538525581359863, 0.24673421680927277]
[0.6258145570755005, 0.32037559151649475, 0.05380981042981148]
[0.47201743721961975, 0.46904832124710083, 0.05893426015973091]
[0.5326704382896423, 0.4087827503681183, 0.05854680389165878]
[0.8503859043121338, 0.14025957882404327, 0.009354449808597565]
[0.692163348197937, 0.2889532148838043, 0.01888343319296837]
[0.21586568653583527, 0.548624575138092, 0.2355097085237503]
[0.7885748744010925, 0.19256265461444855, 0.01886250451207161]
[0.6333919763565063, 0.33240509033203125, 0.03420291841030121]
[0.4824913442134857, 0.49469777941703796, 0.022810906171798706]
[0.20788252353668213, 0.5852757692337036, 0.20684169232845306]
[0.4885241389274597, 0.45670250058174133, 0.05477338656783104]
[0.2017623782157898, 0.699865996837616, 0.09837161004543304]
[0.23776261508464813, 0.6396962404251099, 0.1225411519408226]
[0.7337501645088196, 0.2427522987127304, 0.0234975665807724]
[0.515483021736145, 0.4441234767436981, 0.040393467992544174]
[0.6824322938919067, 0.28871017694473267, 0.028857480734586716]
[0.11271285265684128, 0.7782458662986755, 0.10904119908809662]
[0.26384907960891724, 0.6874717473983765, 0.04867919534444809]
[0.9412037134170532, 0.05440063402056694, 0.004395634867250919]
[0.48329493403434753, 0.41672053933143616, 0.0999845638871193]
[0.06933298707008362, 0.8460543155670166, 0.08461273461580276]
[0.15374401211738586, 0.7736362814903259, 0.07261969149112701]
[0.9197772741317749, 0.07439767569303513, 0.005825077183544636]
[0.1840863972902298, 0.4000430703163147, 0.4158705472946167]
[0.48499801754951477, 0.37408992648124695, 0.14091205596923828]
[0.07630334794521332, 0.5294864177703857, 0.3942103087902069]
[0.6053012013435364, 0.3049962520599365, 0.08970248699188232]
[0.686587393283844, 0.2894112765789032, 0.024001292884349823]
[0.7454041838645935, 0.22739183902740479, 0.027203908190131187]
[0.12754790484905243, 0.8006535172462463, 0.07179859280586243]
[0.34201279282569885, 0.5777203440666199, 0.08026683330535889]
[0.22509582340717316, 0.5249108672142029, 0.24999335408210754]
[0.6653615236282349, 0.2624383568763733, 0.07220017164945602]
[0.6600731015205383, 0.31462958455085754, 0.025297382846474648]
[0.6615422964096069, 0.3101564943790436, 0.028301190584897995]
[0.15724851191043854, 0.5006474256515503, 0.34210410714149475]
[0.06971070915460587, 0.25763770937919617, 0.6726515889167786]
[0.5823968052864075, 0.3572487533092499, 0.060354530811309814]
[0.490582138299942, 0.43609192967414856, 0.07332591712474823]
[0.8261274695396423, 0.1603897660970688, 0.013482816517353058]
[0.7306979894638062, 0.2403893768787384, 0.02891269139945507]
[0.8519827127456665, 0.13759873807430267, 0.010418569669127464]
[0.0881461426615715, 0.4496957063674927, 0.46215811371803284]
[0.9646489024162292, 0.03195521980524063, 0.003395884530618787]
[0.15980277955532074, 0.39241349697113037, 0.44778379797935486]
[0.7856415510177612, 0.19498169422149658, 0.01937679387629032]
[0.8108734488487244, 0.16898663341999054, 0.02013995312154293]
[0.6191041469573975, 0.322262704372406, 0.05863311514258385]
[0.3300568461418152, 0.5968112945556641, 0.07313183695077896]
[0.20040270686149597, 0.5934469699859619, 0.20615030825138092]
[0.24792097508907318, 0.4458867907524109, 0.3061922788619995]
[0.8278592228889465, 0.15321427583694458, 0.018926460295915604]
[0.10153386741876602, 0.485594779253006, 0.412871390581131]
[0.2582005262374878, 0.6247275471687317, 0.11707191914319992]
[0.023653127253055573, 0.27155134081840515, 0.7047955989837646]
[0.04094135761260986, 0.35396069288253784, 0.6050980091094971]
[0.061688270419836044, 0.3777466416358948, 0.5605650544166565]
[0.05841241031885147, 0.33427223563194275, 0.6073153614997864]
[0.0539054349064827, 0.7214889526367188, 0.22460557520389557]
[0.18769389390945435, 0.49081823229789734, 0.3214879035949707]
[0.31367287039756775, 0.6507865190505981, 0.03554058074951172]
[0.04267110675573349, 0.7051108479499817, 0.2522180676460266]
[0.12746639549732208, 0.7719760537147522, 0.10055758059024811]
[0.07195332646369934, 0.8620992302894592, 0.0659475103020668]
[0.24884574115276337, 0.5449379086494446, 0.20621632039546967]
[0.3904801905155182, 0.5400974154472351, 0.0694224014878273]
[0.07182178646326065, 0.5051703453063965, 0.42300787568092346]
[0.6659599542617798, 0.2575204372406006, 0.07651957869529724]
[0.019664179533720016, 0.33063265681266785, 0.6497031450271606]
[0.013822066597640514, 0.5263888239860535, 0.4597891569137573]
[0.0034432238899171352, 0.06485817581415176, 0.9316986203193665]
[0.034986719489097595, 0.6922358274459839, 0.27277740836143494]
[0.015605292282998562, 0.09408896416425705, 0.890305757522583]
[0.07500159740447998, 0.42905229330062866, 0.4959460496902466]
[0.3237476348876953, 0.5496002435684204, 0.12665213644504547]
[0.024875827133655548, 0.3248147964477539, 0.6503094434738159]
[0.014598778448998928, 0.22124750912189484, 0.7641537189483643]
[0.013673601672053337, 0.07780572026968002, 0.9085206985473633]
[0.1805408000946045, 0.6188539266586304, 0.20060531795024872]
[0.07579687237739563, 0.7113785743713379, 0.21282456815242767]
[0.2876238524913788, 0.5845687985420227, 0.12780731916427612]
[0.6805196404457092, 0.2925790250301361, 0.026901260018348694]
[0.011157160624861717, 0.3146132230758667, 0.6742295622825623]
[0.010310595855116844, 0.10249369591474533, 0.8871957659721375]
[0.02609545923769474, 0.2616109848022461, 0.7122935652732849]
[0.03438039869070053, 0.20479904115200043, 0.7608205676078796]
[0.07475168257951736, 0.2694031596183777, 0.6558451056480408]
[0.5022746920585632, 0.4292502701282501, 0.06847498565912247]
[0.39748504757881165, 0.5172088742256165, 0.08530603349208832]
[0.5201418995857239, 0.3946119546890259, 0.08524613082408905]
[0.03385651856660843, 0.1895741969347, 0.7765693068504333]
[0.0028931749984622, 0.05776630714535713, 0.9393405318260193]
[0.02198096178472042, 0.31717148423194885, 0.6608476042747498]
[0.0026032752357423306, 0.13819698989391327, 0.8591997623443604]
[0.7993090748786926, 0.1685987263917923, 0.03209215775132179]
[0.1940331906080246, 0.3885514736175537, 0.4174152910709381]
[0.008680304512381554, 0.06366916745901108, 0.927650511264801]
[0.2616364359855652, 0.5700543522834778, 0.1683092713356018]
[0.14628885686397552, 0.6678260564804077, 0.18588505685329437]
[0.26318809390068054, 0.4647867679595947, 0.27202513813972473]
[0.17839588224887848, 0.514639675617218, 0.3069645166397095]
[0.4237724840641022, 0.43754059076309204, 0.138686865568161]
[0.002735894639045, 0.03260403499007225, 0.964660108089447]
[0.001296801376156509, 0.03856191784143448, 0.9601412415504456]
[0.08323784172534943, 0.383466899394989, 0.533295214176178]
[0.010874652303755283, 0.23623141646385193, 0.7528939247131348]
[0.020192092284560204, 0.17718708515167236, 0.8026208877563477]
[0.005697501823306084, 0.15312454104423523, 0.8411778807640076]
[0.011937086470425129, 0.17478078603744507, 0.8132820725440979]
[0.025446318089962006, 0.19145087897777557, 0.783102810382843]
[0.004028405528515577, 0.08742191642522812, 0.9085496664047241]
[0.05919056385755539, 0.28256887197494507, 0.6582404971122742]
[0.07254710793495178, 0.33842024207115173, 0.5890326499938965]
[0.38243693113327026, 0.4628940224647522, 0.1546691209077835]
[0.06942753493785858, 0.36042681336402893, 0.5701456069946289]
[0.007819782011210918, 0.1170836091041565, 0.8750966191291809]
[0.0023178106639534235, 0.06793298572301865, 0.9297491908073425]
[0.033663053065538406, 0.405399352312088, 0.5609375834465027]
[0.23149608075618744, 0.7160505652427673, 0.05245335400104523]
[0.17066842317581177, 0.4950677454471588, 0.3342638313770294]
[0.04962390661239624, 0.37783950567245483, 0.5725365281105042]
[0.16560561954975128, 0.5878830552101135, 0.246511310338974]
[0.4394899904727936, 0.4264409840106964, 0.13406902551651]
[0.38917338848114014, 0.4461590647697449, 0.1646675169467926]
[0.08995088189840317, 0.6437091827392578, 0.2663400173187256]
[0.04550612345337868, 0.5490856170654297, 0.4054083228111267]
[0.22389204800128937, 0.35533127188682556, 0.4207766354084015]
[0.0088037783280015, 0.0831272304058075, 0.9080690145492554]
[0.07184302806854248, 0.5974342823028564, 0.3307226896286011]
[0.5796348452568054, 0.38444817066192627, 0.03591690957546234]
[0.47865238785743713, 0.4563696086406708, 0.06497800350189209]
[0.4873209297657013, 0.3810812532901764, 0.13159778714179993]
[0.08143021911382675, 0.570254921913147, 0.34831494092941284]
[0.10231248289346695, 0.549959123134613, 0.3477284014225006]
[0.31657856702804565, 0.5748273730278015, 0.10859400033950806]
[0.1062866821885109, 0.7651092410087585, 0.12860412895679474]
[0.40789610147476196, 0.45304399728775024, 0.13905994594097137]
[0.23245932161808014, 0.5193380117416382, 0.2482026070356369]
[0.32683220505714417, 0.6084298491477966, 0.06473788619041443]
[0.4242778420448303, 0.4989394545555115, 0.07678265869617462]
[0.6120014786720276, 0.33924150466918945, 0.04875704273581505]
[0.6096027493476868, 0.3615148961544037, 0.02888241596519947]
[0.4008009433746338, 0.5457455515861511, 0.053453490138053894]
[0.3725349009037018, 0.46709850430488586, 0.16036656498908997]
[0.025540731847286224, 0.18722356855869293, 0.787235677242279]
[0.2923465371131897, 0.5674930810928345, 0.14016039669513702]
[0.050087492913007736, 0.6354436874389648, 0.3144688308238983]
[0.20316773653030396, 0.720372200012207, 0.07646006345748901]
[0.004420914687216282, 0.039712972939014435, 0.9558660984039307]
[0.07914029806852341, 0.21599122881889343, 0.704868495464325]
[0.2799524664878845, 0.5321468114852905, 0.18790072202682495]
[0.024718791246414185, 0.231765478849411, 0.7435157299041748]
[0.1209256500005722, 0.23446181416511536, 0.6446125507354736]
[0.49936696887016296, 0.41242143511772156, 0.08821164071559906]
[0.01785554178059101, 0.1185537800192833, 0.863590657711029]
[0.355008065700531, 0.5437206625938416, 0.10127127915620804]
[0.1185731440782547, 0.7974278926849365, 0.08399896323680878]
[0.06586911529302597, 0.8375229239463806, 0.09660801291465759]
[0.00782812386751175, 0.14170491695404053, 0.8504669666290283]
[0.42135122418403625, 0.442545622587204, 0.13610315322875977]
[0.43079376220703125, 0.5003100037574768, 0.06889618188142776]
[0.03525688871741295, 0.3363361954689026, 0.6284069418907166]
[0.3342803418636322, 0.5919349789619446, 0.0737847238779068]
[0.5064451098442078, 0.4304952919483185, 0.06305962800979614]
[0.035079583525657654, 0.6181197166442871, 0.34680071473121643]
[0.18610963225364685, 0.6469414830207825, 0.16694892942905426]
[0.7065726518630981, 0.26346784830093384, 0.02995954640209675]
[0.40471819043159485, 0.5039844512939453, 0.09129738062620163]
[0.4122464954853058, 0.4367099106311798, 0.15104356408119202]
[0.827329158782959, 0.15960687398910522, 0.013064014725387096]
[0.5926558375358582, 0.34175992012023926, 0.06558428704738617]
[0.3593004047870636, 0.564402163028717, 0.07629743963479996]
[0.11024407297372818, 0.34201526641845703, 0.547740638256073]
[0.5152083039283752, 0.4433704614639282, 0.04142129793763161]
[0.42074671387672424, 0.49684959650039673, 0.08240366727113724]
[0.08339156955480576, 0.2934807538986206, 0.6231276988983154]
[0.6687629222869873, 0.30586087703704834, 0.02537614107131958]
[0.458159863948822, 0.4998624622821808, 0.041977718472480774]
[0.09331751614809036, 0.6297693252563477, 0.2769131660461426]
[0.026378799229860306, 0.6526975631713867, 0.32092365622520447]
[0.04401867836713791, 0.34576383233070374, 0.6102175116539001]
[0.2192629724740982, 0.7221029996871948, 0.0586339607834816]
[0.004531143698841333, 0.09003268927335739, 0.9054361581802368]
[0.06752029061317444, 0.4910927712917328, 0.44138696789741516]
[0.08807545900344849, 0.4626462757587433, 0.449278324842453]
[0.1017146185040474, 0.45101407170295715, 0.44727131724357605]
[0.013006878085434437, 0.1409817337989807, 0.8460114002227783]
[0.29469314217567444, 0.5944685339927673, 0.11083830893039703]
[0.473532110452652, 0.4689965546131134, 0.05747134983539581]
[0.26885271072387695, 0.6435186266899109, 0.08762864768505096]
[0.1483035832643509, 0.627348005771637, 0.22434839606285095]
[0.2437184602022171, 0.6207565069198608, 0.13552504777908325]
[0.19313134253025055, 0.5556902885437012, 0.2511783540248871]
[0.012889960780739784, 0.11208144575357437, 0.8750286102294922]
[0.0966891348361969, 0.37367892265319824, 0.5296319127082825]
[0.09353765845298767, 0.6030481457710266, 0.3034142851829529]
[0.34584930539131165, 0.5453785061836243, 0.1087721660733223]
[0.004579893313348293, 0.062140677124261856, 0.9332794547080994]
[0.25994017720222473, 0.5114015340805054, 0.22865831851959229]
[0.4287227690219879, 0.49640917778015137, 0.07486813515424728]
[0.029707640409469604, 0.39151811599731445, 0.5787742137908936]
[0.18935838341712952, 0.6295561194419861, 0.1810855269432068]
[0.3247697353363037, 0.4842056930065155, 0.19102458655834198]
[0.029775070026516914, 0.3894384205341339, 0.5807864665985107]
[0.42166125774383545, 0.45618972182273865, 0.12214910238981247]
[0.28091511130332947, 0.5366856455802917, 0.18239916861057281]
[0.2161967158317566, 0.6870457530021667, 0.09675761312246323]
[0.35875141620635986, 0.49641498923301697, 0.14483365416526794]
[0.027275770902633667, 0.1118755117058754, 0.8608487844467163]
[0.09270212054252625, 0.7402592301368713, 0.167038694024086]
[0.1047881618142128, 0.8325487375259399, 0.06266315281391144]
[0.006353181786835194, 0.02786685712635517, 0.9657799005508423]
[0.020967261865735054, 0.12480563670396805, 0.8542271256446838]
[0.37776124477386475, 0.4789499342441559, 0.14328882098197937]
[0.011334502138197422, 0.27766209840774536, 0.7110034227371216]
[0.35301119089126587, 0.4952501356601715, 0.15173864364624023]
[0.02588859759271145, 0.30234426259994507, 0.6717671751976013]
[0.016343114897608757, 0.2343408465385437, 0.7493160367012024]
[0.25207141041755676, 0.5217653512954712, 0.22616320848464966]
[0.4812237620353699, 0.45695531368255615, 0.06182097643613815]
[0.39632073044776917, 0.49492040276527405, 0.10875889658927917]
[0.4128701686859131, 0.4102645814418793, 0.17686519026756287]
[0.28635507822036743, 0.473217636346817, 0.24042734503746033]
[0.5919491648674011, 0.3418665826320648, 0.06618425995111465]
[0.4632011950016022, 0.4403291940689087, 0.09646964073181152]
[0.04435914382338524, 0.30432233214378357, 0.6513184905052185]
[0.37270253896713257, 0.4817356765270233, 0.1455618143081665]
[0.12266212701797485, 0.5032805800437927, 0.37405726313591003]
[0.7619627118110657, 0.20405758917331696, 0.03397972509264946]
[0.3274131417274475, 0.5433335304260254, 0.12925340235233307]
[0.371622234582901, 0.5101535320281982, 0.11822417378425598]
[0.2802439332008362, 0.5699527859687805, 0.1498032957315445]
[0.8008591532707214, 0.17734096944332123, 0.021799882873892784]
[0.2654262185096741, 0.6595292091369629, 0.07504455745220184]
[0.5691385865211487, 0.3867689371109009, 0.04409244284033775]
[0.19574660062789917, 0.7030737400054932, 0.10117968916893005]
[0.647093653678894, 0.3196992874145508, 0.033207155764102936]
[0.30192866921424866, 0.620844841003418, 0.0772264152765274]
[0.08814756572246552, 0.7493062615394592, 0.16254617273807526]
[0.429647296667099, 0.4731791019439697, 0.09717357158660889]
[0.056532640010118484, 0.8167057633399963, 0.1267615705728531]
[0.20174016058444977, 0.6797057390213013, 0.11855409294366837]
[0.2612711787223816, 0.4857333302497864, 0.25299546122550964]
[0.43429601192474365, 0.4787939488887787, 0.08691003918647766]
[0.2245934009552002, 0.6998883485794067, 0.07551819086074829]
[0.5640594959259033, 0.3858434855937958, 0.05009704828262329]
[0.5844762921333313, 0.3800305724143982, 0.03549305349588394]
[0.3306567668914795, 0.5123628377914429, 0.15698041021823883]
[0.38235846161842346, 0.447265088558197, 0.17037643492221832]
[0.6994011998176575, 0.25295451283454895, 0.04764427989721298]
[0.7555996179580688, 0.21263986825942993, 0.031760577112436295]
[0.2206265926361084, 0.6206299662590027, 0.1587434858083725]
[0.30362722277641296, 0.6154924631118774, 0.08088032901287079]
[0.1557047814130783, 0.6720076203346252, 0.17228764295578003]
[0.3200502097606659, 0.6004195809364319, 0.07953013479709625]
[0.16445645689964294, 0.7172577977180481, 0.11828581988811493]
[0.7916805744171143, 0.18829666078090668, 0.020022699609398842]
[0.46727609634399414, 0.4349825382232666, 0.09774124622344971]
[0.3242548704147339, 0.41065549850463867, 0.26508966088294983]
[0.3437748849391937, 0.5426387786865234, 0.11358629912137985]
[0.14482048153877258, 0.5091355443000793, 0.34604403376579285]
[0.5139580368995667, 0.4025266170501709, 0.08351538330316544]
[0.4664912819862366, 0.468635231256485, 0.06487346440553665]
[0.31642094254493713, 0.5545448064804077, 0.12903429567813873]
[0.7418516278266907, 0.2345629334449768, 0.02358548529446125]
[0.35246962308883667, 0.39495235681533813, 0.25257807970046997]
[0.4185662865638733, 0.459579735994339, 0.12185392528772354]
[0.2544764280319214, 0.4753609895706177, 0.27016255259513855]
[0.1906198412179947, 0.503322422504425, 0.3060576915740967]
[0.44395291805267334, 0.49574315547943115, 0.06030389294028282]
[0.472457617521286, 0.46743643283843994, 0.06010589748620987]
[0.5327083468437195, 0.3395198881626129, 0.1277717500925064]
[0.2461629956960678, 0.5987815260887146, 0.155055433511734]
[0.10969628393650055, 0.6015755534172058, 0.28872814774513245]
[0.04041612520813942, 0.4390545189380646, 0.5205293297767639]
[0.5766243934631348, 0.3837627172470093, 0.03961280733346939]
[0.2845035493373871, 0.5991483926773071, 0.11634810268878937]
[0.062156807631254196, 0.3622181713581085, 0.575624942779541]
[0.8510155081748962, 0.13413096964359283, 0.01485358364880085]
[0.32140791416168213, 0.5904637575149536, 0.08812832832336426]
[0.11258570104837418, 0.38862699270248413, 0.4987873136997223]
[0.8688470721244812, 0.12237408757209778, 0.008778894320130348]
[0.6770910024642944, 0.27504634857177734, 0.04786257818341255]
[0.5897098183631897, 0.3555687963962555, 0.05472135916352272]
[0.4441912770271301, 0.4277357757091522, 0.12807294726371765]
[0.04068955406546593, 0.5817866921424866, 0.377523809671402]
[0.07638946920633316, 0.532011091709137, 0.3915994167327881]
[0.6225485801696777, 0.30817630887031555, 0.06927508115768433]
[0.45488542318344116, 0.4703653156757355, 0.07474924623966217]
[0.0031474761199206114, 0.009472991339862347, 0.9873795509338379]
[0.06677747517824173, 0.17590758204460144, 0.757314920425415]
[0.014706531539559364, 0.0498722642660141, 0.9354212284088135]
[0.12989449501037598, 0.26442721486091614, 0.6056783199310303]
[0.049769770354032516, 0.4572434723377228, 0.492986798286438]
[0.04183477535843849, 0.12756477296352386, 0.8306005001068115]
[0.005682964809238911, 0.052541933953762054, 0.9417750835418701]
[0.061951033771038055, 0.5360057950019836, 0.4020431637763977]
[0.39232712984085083, 0.4207330346107483, 0.18693986535072327]
[0.06310661137104034, 0.6714428067207336, 0.2654505670070648]
[0.7911081910133362, 0.19563701748847961, 0.013254785910248756]
[0.019788702949881554, 0.5839784145355225, 0.39623287320137024]
[0.3547965884208679, 0.5922320485115051, 0.05297139659523964]
[0.42153921723365784, 0.46255871653556824, 0.11590209603309631]
[0.3137895464897156, 0.550326406955719, 0.135884091258049]
[0.004808640107512474, 0.10185465216636658, 0.8933367133140564]
[0.0056561254896223545, 0.05004510655999184, 0.9442987442016602]
[0.026955371722579002, 0.2905564308166504, 0.682488203048706]
[0.06940707564353943, 0.7807890772819519, 0.14980383217334747]
[0.007551745045930147, 0.16659832000732422, 0.8258499503135681]
[0.023588236421346664, 0.19446124136447906, 0.7819505333900452]
[0.032179106026887894, 0.47581779956817627, 0.49200305342674255]
[0.043579552322626114, 0.6001439690589905, 0.3562765419483185]
[0.020604826509952545, 0.8967722058296204, 0.08262301236391068]
[0.14780591428279877, 0.5496762990951538, 0.30251774191856384]
[0.3155076205730438, 0.6261100172996521, 0.05838235467672348]
[0.39190638065338135, 0.4983506500720978, 0.10974292457103729]
[0.6927891373634338, 0.290439248085022, 0.01677156239748001]
[0.41726285219192505, 0.45203331112861633, 0.1307038515806198]
[0.6873311400413513, 0.2898547053337097, 0.02281411550939083]
[0.3565198481082916, 0.5662946701049805, 0.0771854966878891]
[0.3632666766643524, 0.5137121081352234, 0.12302128970623016]
[0.2414644956588745, 0.5345203280448914, 0.22401520609855652]
[0.18440181016921997, 0.7073586583137512, 0.10823950171470642]
[0.0392485074698925, 0.32705867290496826, 0.6336928606033325]
[0.03783490136265755, 0.2977606952190399, 0.6644043922424316]
[0.14939531683921814, 0.6840620636940002, 0.16654260456562042]
[0.17852462828159332, 0.4904145896434784, 0.33106085658073425]
[0.32223814725875854, 0.5663875341415405, 0.11137425154447556]
[0.4480758607387543, 0.4638687074184418, 0.08805546909570694]
[0.14465437829494476, 0.5322148203849792, 0.32313084602355957]
[0.43805769085884094, 0.4385480284690857, 0.12339434027671814]
[0.4214105010032654, 0.5144572854042053, 0.06413218379020691]
[0.026689670979976654, 0.5239073038101196, 0.4494030177593231]
[0.03141946718096733, 0.34202679991722107, 0.6265537738800049]
[0.017974546179175377, 0.12181834131479263, 0.8602070808410645]
[0.030145250260829926, 0.2543345093727112, 0.7155202031135559]
[0.33843186497688293, 0.5442186594009399, 0.11734944581985474]
[0.5353211760520935, 0.4193512797355652, 0.0453275702893734]
[0.3260330855846405, 0.5011960864067078, 0.17277078330516815]
[0.022254562005400658, 0.36443042755126953, 0.6133149862289429]
[0.291107177734375, 0.4483025074005127, 0.26059025526046753]
[0.25932925939559937, 0.6135318279266357, 0.1271389126777649]
[0.02834709919989109, 0.14332959055900574, 0.8283233046531677]
[0.025731749832630157, 0.20659016072750092, 0.7676780819892883]
[0.9071863293647766, 0.07731860131025314, 0.015495066531002522]
[0.014514833688735962, 0.13330569863319397, 0.8521795272827148]
[0.4938984811306, 0.42570751905441284, 0.0803939700126648]
[0.14711610972881317, 0.5581762194633484, 0.29470765590667725]
[0.16252988576889038, 0.606926679611206, 0.23054346442222595]
[0.31669649481773376, 0.6122944355010986, 0.0710090696811676]
[0.14465904235839844, 0.7865585684776306, 0.06878232955932617]
[0.5293630957603455, 0.3895402252674103, 0.08109673857688904]
[0.453689843416214, 0.477327823638916, 0.0689823254942894]
[0.3081134259700775, 0.6267246007919312, 0.06516202539205551]
[0.39861395955085754, 0.48561811447143555, 0.1157679632306099]
[0.08120692521333694, 0.5980830192565918, 0.32071003317832947]
[0.45357608795166016, 0.4603235125541687, 0.08610032498836517]
[0.23615717887878418, 0.5288314819335938, 0.2350112944841385]
