[0.12718066573143005, 0.396933913230896, 0.47588539123535156]
[0.008423443883657455, 0.10705184936523438, 0.8845247626304626]
[0.017153769731521606, 0.20193347334861755, 0.7809126973152161]
[0.29990383982658386, 0.45189040899276733, 0.2482057362794876]
[0.010250698775053024, 0.2032974362373352, 0.7864518761634827]
[0.2360483556985855, 0.41108137369155884, 0.35287022590637207]
[0.2044019103050232, 0.5145998597145081, 0.2809981405735016]
[0.2460399866104126, 0.5120469927787781, 0.2419130802154541]
[0.18373332917690277, 0.6344752311706543, 0.18179145455360413]
[0.5378116369247437, 0.39166101813316345, 0.07052730768918991]
[0.013855639845132828, 0.42794549465179443, 0.558198869228363]
[0.00604073004797101, 0.0835452601313591, 0.9104140400886536]
[0.3415234088897705, 0.5697603821754456, 0.08871623873710632]
[0.31965887546539307, 0.5594754219055176, 0.12086568027734756]
[0.002370493020862341, 0.04318494722247124, 0.9544445872306824]
[0.40321916341781616, 0.5325552821159363, 0.06422562152147293]
[0.0055809905752539635, 0.2194318175315857, 0.7749872207641602]
[0.251250296831131, 0.6259092092514038, 0.12284044176340103]
[0.050944842398166656, 0.34388983249664307, 0.6051653027534485]
[0.015633653849363327, 0.3815779983997345, 0.6027882695198059]
[0.00469777500256896, 0.0882965624332428, 0.9070056676864624]
[0.08094511181116104, 0.5224723219871521, 0.39658263325691223]
[0.05278531089425087, 0.35959285497665405, 0.587621808052063]
[0.030064251273870468, 0.8814529776573181, 0.08848284184932709]
[0.14706121385097504, 0.7362606525421143, 0.1166781485080719]
[0.11926760524511337, 0.6209051609039307, 0.25982722640037537]
[0.011120867915451527, 0.25080570578575134, 0.7380734086036682]
[0.5597896575927734, 0.411183625459671, 0.02902677282691002]
[0.01256637740880251, 0.1550498902797699, 0.8323836922645569]
[0.00488285580649972, 0.04655950516462326, 0.9485576152801514]
[0.007520764134824276, 0.11722942441701889, 0.8752498626708984]
[0.007434497587382793, 0.05390793830156326, 0.9386575818061829]
[0.08137913048267365, 0.39690878987312317, 0.521712064743042]
[0.002234790241345763, 0.046698641031980515, 0.9510666131973267]
[0.024287858977913857, 0.437146931886673, 0.5385652184486389]
