[0.060941874980926514, 0.3042941093444824, 0.6347640156745911]
[0.5911322832107544, 0.36063653230667114, 0.04823114722967148]
[0.31782886385917664, 0.5441721081733704, 0.1379990130662918]
[0.005834830924868584, 0.17750120162963867, 0.8166639804840088]
[0.6824905872344971, 0.2777891159057617, 0.03972029685974121]
[0.887145459651947, 0.10653232783079147, 0.006322209723293781]
[0.10315766930580139, 0.5365973711013794, 0.3602449595928192]
[0.37469175457954407, 0.5421209931373596, 0.08318732678890228]
[0.6265472769737244, 0.3177669644355774, 0.055685680359601974]
[0.4570227563381195, 0.47234898805618286, 0.07062830030918121]
[0.2828048765659332, 0.3528088331222534, 0.36438632011413574]
[0.0026143300347030163, 0.015714092180132866, 0.9816715121269226]
[0.050041116774082184, 0.21825920045375824, 0.7316996455192566]
[0.7030051350593567, 0.27962005138397217, 0.017374787479639053]
[0.08344762027263641, 0.6805399656295776, 0.23601236939430237]
[0.8012475371360779, 0.169735848903656, 0.029016632586717606]
[0.05957038328051567, 0.2532036304473877, 0.6872259974479675]
[0.74842768907547, 0.21848762035369873, 0.03308470919728279]
[0.3639538586139679, 0.510958731174469, 0.1250874251127243]
[0.029411088675260544, 0.11200319230556488, 0.8585857152938843]
[0.0680624395608902, 0.4085083305835724, 0.523429274559021]
[0.013009664602577686, 0.1739560067653656, 0.8130343556404114]
[0.6257532835006714, 0.3162201941013336, 0.05802657827734947]
[0.19904878735542297, 0.7193365693092346, 0.0816146582365036]
[0.8567195534706116, 0.12996406853199005, 0.013316359370946884]
[0.25546979904174805, 0.6187305450439453, 0.12579968571662903]
[0.18802252411842346, 0.5677894949913025, 0.24418799579143524]
[0.025670424103736877, 0.088230200111866, 0.8860993981361389]
[0.07151253521442413, 0.19488824903964996, 0.7335993051528931]
[0.07044826447963715, 0.3920859396457672, 0.5374658703804016]
[0.6444752216339111, 0.2900109589099884, 0.06551383435726166]
[0.15882425010204315, 0.3806992471218109, 0.46047642827033997]
[0.008747927844524384, 0.03288494795560837, 0.9583670496940613]
[0.008041037246584892, 0.11089485883712769, 0.8810641169548035]
[0.22721660137176514, 0.6091725826263428, 0.1636108011007309]
[0.0027936839032918215, 0.04917453974485397, 0.9480317831039429]
[0.5084295272827148, 0.43420863151550293, 0.0573619119822979]
[0.0025833563413470984, 0.02704021707177162, 0.9703763723373413]
[0.03173946216702461, 0.19921843707561493, 0.7690420746803284]
[0.010467004962265491, 0.12767642736434937, 0.8618565797805786]
[0.011047649197280407, 0.2133776992559433, 0.7755746841430664]
[0.008592701517045498, 0.16813316941261292, 0.8232740759849548]
[0.1800583451986313, 0.620003342628479, 0.19993840157985687]
[0.006104437168687582, 0.10157036781311035, 0.8923251628875732]
[0.0295413825660944, 0.11904141306877136, 0.8514172434806824]
[0.024117249995470047, 0.5088552832603455, 0.4670274257659912]
[0.41926899552345276, 0.4713987708091736, 0.10933227092027664]
[0.00535899493843317, 0.02109239064157009, 0.9735486507415771]
[0.00458320789039135, 0.04148375615477562, 0.95393306016922]
[0.05262085795402527, 0.5274332165718079, 0.41994595527648926]
[0.8799161911010742, 0.10688772052526474, 0.013196111656725407]
[0.8191428780555725, 0.154708132147789, 0.026148976758122444]
[0.020426802337169647, 0.190055713057518, 0.7895175218582153]
[0.22632521390914917, 0.4538959860801697, 0.3197788596153259]
[0.3942262530326843, 0.41849544644355774, 0.18727830052375793]
[0.162980318069458, 0.6499394178390503, 0.18708030879497528]
[0.6319879293441772, 0.32025784254074097, 0.04775424301624298]
[0.3555314242839813, 0.5595916509628296, 0.08487694710493088]
[0.9018340706825256, 0.09120047837495804, 0.006965497508645058]
[0.5856897234916687, 0.3832239508628845, 0.031086260452866554]
[0.19992518424987793, 0.6257430911064148, 0.1743316948413849]
[0.7290730476379395, 0.2525547444820404, 0.01837220974266529]
[0.14877310395240784, 0.6257858276367188, 0.2254410982131958]
[0.18390122056007385, 0.6980171203613281, 0.11808161437511444]
[0.2644844353199005, 0.6207153797149658, 0.11480018496513367]
[0.7042272090911865, 0.25052234530448914, 0.045250486582517624]
[0.10789355635643005, 0.43006110191345215, 0.4620453417301178]
[0.099156953394413, 0.5769762992858887, 0.32386675477027893]
[0.4921305775642395, 0.47532299160957336, 0.032546401023864746]
[0.16163742542266846, 0.7749386429786682, 0.06342385709285736]
[0.27505069971084595, 0.620393693447113, 0.10455557703971863]
[0.0896264836192131, 0.5464544296264648, 0.36391910910606384]
[0.4397398829460144, 0.37116539478302, 0.18909475207328796]
[0.18483813107013702, 0.739595353603363, 0.07556656748056412]
[0.04465967044234276, 0.5266097187995911, 0.42873069643974304]
[0.0764860138297081, 0.7951586246490479, 0.12835533916950226]
[0.0034422464668750763, 0.08120059967041016, 0.9153571128845215]
[0.02540666237473488, 0.5268609523773193, 0.44773241877555847]
[0.3385145664215088, 0.5747030973434448, 0.08678235858678818]
[0.17136624455451965, 0.5720805525779724, 0.2565532624721527]
[0.0021021936554461718, 0.11682455241680145, 0.8810732960700989]
[0.005901350174099207, 0.835544764995575, 0.158553808927536]
[0.03963637724518776, 0.20436356961727142, 0.7560000419616699]
[0.006339401472359896, 0.03829538822174072, 0.9553651809692383]
[0.02068215049803257, 0.2670380473136902, 0.7122798562049866]
[0.006200055126100779, 0.23440970480442047, 0.7593902349472046]
[0.20067426562309265, 0.5997874140739441, 0.19953836500644684]
[0.04955008253455162, 0.5728707313537598, 0.3775792121887207]
[0.03211372718214989, 0.20484569668769836, 0.7630406022071838]
[0.10468477010726929, 0.3414790630340576, 0.5538361668586731]
[0.4558812379837036, 0.4693111777305603, 0.07480750977993011]
[0.3773752748966217, 0.5144686698913574, 0.1081559956073761]
[0.3329920172691345, 0.4362242519855499, 0.23078379034996033]
[0.03452254831790924, 0.37885570526123047, 0.5866217017173767]
[0.45586806535720825, 0.31011536717414856, 0.2340165674686432]
[0.6554661989212036, 0.29622241854667664, 0.04831136763095856]
[0.593457818031311, 0.3516142666339874, 0.054927922785282135]
[0.023395007476210594, 0.22796326875686646, 0.7486416697502136]
[0.0811876431107521, 0.540969729423523, 0.37784266471862793]
[0.49420803785324097, 0.3530650734901428, 0.1527269184589386]
[0.7139890193939209, 0.253913015127182, 0.03209802135825157]
[0.14262183010578156, 0.6370922923088074, 0.22028587758541107]
[0.5761597752571106, 0.3522656261920929, 0.07157458364963531]
[0.8072420954704285, 0.170307457447052, 0.022450415417551994]
[0.050513625144958496, 0.37840035557746887, 0.571086049079895]
[0.4962959885597229, 0.39200323820114136, 0.11170075833797455]
[0.04286402463912964, 0.46577927470207214, 0.4913567304611206]
[0.014203406870365143, 0.13120469450950623, 0.854591965675354]
[0.029501384124159813, 0.42745307087898254, 0.5430455207824707]
[0.24206480383872986, 0.6143487691879272, 0.14358647167682648]
[0.7656787037849426, 0.20249725878238678, 0.031824059784412384]
[0.021753063425421715, 0.5660262703895569, 0.41222071647644043]
[0.2902351915836334, 0.5979073643684387, 0.11185746639966965]
[0.4979274570941925, 0.4302215278148651, 0.0718509629368782]
[0.0017797749023884535, 0.08641644567251205, 0.9118037223815918]
[0.2586177587509155, 0.42666441202163696, 0.31471776962280273]
[0.010929855518043041, 0.10399989783763885, 0.8850702047348022]
[0.09957987815141678, 0.6578614711761475, 0.24255864322185516]
[0.49832627177238464, 0.43722036480903625, 0.06445339322090149]
[0.26765531301498413, 0.6295144557952881, 0.10283026099205017]
[0.0012004122836515307, 0.03728902339935303, 0.9615105986595154]
[0.0034066096413880587, 0.043460771441459656, 0.9531326293945312]
[0.009697327390313148, 0.0814325138926506, 0.9088701605796814]
[0.09123405814170837, 0.8411914110183716, 0.06757454574108124]
[0.006847910583019257, 0.08510559797286987, 0.9080464839935303]
[0.38111060857772827, 0.5092937350273132, 0.10959568619728088]
[0.62398362159729, 0.3104862570762634, 0.06553013622760773]
[0.31795787811279297, 0.5512544512748718, 0.1307877004146576]
[0.0173553004860878, 0.631891667842865, 0.3507530093193054]
[0.06455288082361221, 0.37033984065055847, 0.5651072859764099]
[0.013210389763116837, 0.11874385923147202, 0.8680456876754761]
[0.026830283924937248, 0.32325294613838196, 0.6499167680740356]
[0.14180225133895874, 0.49413636326789856, 0.3640614151954651]
[0.0011723220814019442, 0.06578119099140167, 0.9330465197563171]
[0.013067728839814663, 0.12600290775299072, 0.8609293699264526]
[0.20656831562519073, 0.5805729627609253, 0.21285879611968994]
[0.08254779130220413, 0.5640662312507629, 0.35338595509529114]
[0.033027488738298416, 0.3167048990726471, 0.6502676606178284]
[0.8275192379951477, 0.16107960045337677, 0.011401118710637093]
[0.5738033652305603, 0.3244033455848694, 0.1017933040857315]
[0.6570852994918823, 0.32043156027793884, 0.02248314954340458]
[0.6159768104553223, 0.3566712439060211, 0.02735191397368908]
[0.263904333114624, 0.6216625571250916, 0.11443307995796204]
[0.7181942462921143, 0.2486952543258667, 0.03311043977737427]
[0.020956624299287796, 0.2979279160499573, 0.681115448474884]
[0.015857664868235588, 0.10113084316253662, 0.8830114603042603]
[0.003196893259882927, 0.05481255054473877, 0.9419906139373779]
[0.008555184118449688, 0.04460760951042175, 0.9468371868133545]
[0.44400539994239807, 0.44007816910743713, 0.11591648310422897]
[0.007507866248488426, 0.045498326420784, 0.946993887424469]
[0.34767669439315796, 0.45354247093200684, 0.1987808793783188]
[0.003644492942839861, 0.052461571991443634, 0.9438939094543457]
[0.3530411422252655, 0.38833314180374146, 0.25862571597099304]
[0.014477996155619621, 0.0785948857665062, 0.9069271087646484]
[0.043717384338378906, 0.18519681692123413, 0.7710857391357422]
[0.2626948654651642, 0.5234891772270203, 0.21381592750549316]
[0.20998893678188324, 0.540858805179596, 0.2491522580385208]
[0.6249057054519653, 0.31712180376052856, 0.05797247961163521]
[0.2948952913284302, 0.5598640441894531, 0.14524070918560028]
[0.5516008138656616, 0.35554078221321106, 0.09285834431648254]
[0.03296586126089096, 0.18698354065418243, 0.7800505757331848]
[0.005905596073716879, 0.052767395973205566, 0.9413269758224487]
[0.012138359248638153, 0.18095462024211884, 0.806907057762146]
[0.002429006388410926, 0.13093623518943787, 0.866634726524353]
[0.047853048890829086, 0.2564769685268402, 0.6956700086593628]
[0.0034685684368014336, 0.07744825631380081, 0.9190831780433655]
[0.002350077498704195, 0.023342173546552658, 0.9743077754974365]
[0.00825541466474533, 0.08559709787368774, 0.9061474800109863]
[0.004682668950408697, 0.01863899454474449, 0.9766783118247986]
[0.013995382934808731, 0.2602382004261017, 0.7257663607597351]
[0.0020098709501326084, 0.015179791487753391, 0.982810378074646]
[0.005048008635640144, 0.057835303246974945, 0.9371167421340942]
[0.22519709169864655, 0.5757923722267151, 0.19901052117347717]
[0.06977248936891556, 0.8964434862136841, 0.03378405049443245]
[0.021958712488412857, 0.9033194184303284, 0.07472185045480728]
[0.06298695504665375, 0.38542747497558594, 0.5515856146812439]
[0.002568750409409404, 0.026973651722073555, 0.9704575538635254]
[0.20877701044082642, 0.6172011494636536, 0.1740218549966812]
[0.002936503617092967, 0.08923210203647614, 0.9078313708305359]
[0.03451232984662056, 0.7361559867858887, 0.22933173179626465]
[0.09206495434045792, 0.35440582036972046, 0.5535292029380798]
[0.00468560541048646, 0.049038808792829514, 0.9462755918502808]
[0.4738299548625946, 0.43709397315979004, 0.08907600492238998]
[0.4450494647026062, 0.4551326036453247, 0.09981798380613327]
[0.1452620029449463, 0.46984806656837463, 0.3848899304866791]
[0.8607099056243896, 0.12708881497383118, 0.012201229110360146]
[0.8080763220787048, 0.17850957810878754, 0.013414043933153152]
[0.02264779806137085, 0.32163500785827637, 0.655717134475708]
[0.3365463614463806, 0.5145585536956787, 0.14889517426490784]
[0.04953752085566521, 0.21942347288131714, 0.7310389876365662]
[0.14077092707157135, 0.5593758225440979, 0.29985323548316956]
[0.38926267623901367, 0.572180449962616, 0.03855683654546738]
[0.12231750041246414, 0.4576989710330963, 0.41998347640037537]
[0.8904457688331604, 0.10372662544250488, 0.005827560089528561]
[0.24868987500667572, 0.5354576706886292, 0.21585243940353394]
[0.6940211653709412, 0.281191885471344, 0.02478698268532753]
[0.06278940290212631, 0.4017854630947113, 0.5354251265525818]
[0.03577506169676781, 0.3115949332714081, 0.652630090713501]
[0.11809295415878296, 0.5055287480354309, 0.37637820839881897]
[0.054334890097379684, 0.2975592017173767, 0.6481059193611145]
[0.1451696753501892, 0.6338465213775635, 0.2209838479757309]
[0.09096284210681915, 0.5139865875244141, 0.3950505256652832]
[0.5511781573295593, 0.3954307436943054, 0.05339108780026436]
[0.47026410698890686, 0.4634780287742615, 0.06625784933567047]
[0.7550856471061707, 0.2161199003458023, 0.028794443234801292]
[0.31851261854171753, 0.624350905418396, 0.05713656544685364]
[0.48734602332115173, 0.42481324076652527, 0.08784067630767822]
[0.4495254158973694, 0.4512110948562622, 0.09926345199346542]
[0.36349979043006897, 0.5479835867881775, 0.08851666748523712]
[0.5352754592895508, 0.3607727587223053, 0.10395181179046631]
[0.35929933190345764, 0.49330639839172363, 0.14739428460597992]
[0.8275883197784424, 0.15311935544013977, 0.01929236762225628]
[0.08361347019672394, 0.25133854150772095, 0.6650480031967163]
[0.0011598150013014674, 0.024580350145697594, 0.9742598533630371]
[0.1440196931362152, 0.22521355748176575, 0.6307666897773743]
[0.029499247670173645, 0.10448966920375824, 0.8660111427307129]
[0.13584773242473602, 0.6235794425010681, 0.24057281017303467]
[0.47322410345077515, 0.4799518883228302, 0.04682391881942749]
[0.018204836174845695, 0.1550443023443222, 0.8267508745193481]
[0.012810145504772663, 0.06681394577026367, 0.9203759431838989]
[0.42015552520751953, 0.49497249722480774, 0.08487192541360855]
[0.32358884811401367, 0.5632558465003967, 0.11315524578094482]
[0.34862402081489563, 0.37877222895622253, 0.27260372042655945]
[0.8048879504203796, 0.17785793542861938, 0.017254099249839783]
[0.04092035070061684, 0.3637285828590393, 0.5953510999679565]
[0.5300252437591553, 0.42710521817207336, 0.042869631201028824]
[0.343546062707901, 0.5908321142196655, 0.06562186032533646]
[0.05194965377449989, 0.31596383452415466, 0.632086455821991]
[0.010441407561302185, 0.09037705510854721, 0.899181604385376]
[0.009957224130630493, 0.10004128515720367, 0.8900014162063599]
[0.08076423406600952, 0.6337547898292542, 0.28548094630241394]
[0.023754680529236794, 0.23500940203666687, 0.7412359118461609]
[0.055406179279088974, 0.5022015571594238, 0.4423923194408417]
[0.02264133282005787, 0.21458610892295837, 0.7627725601196289]
[0.04931158199906349, 0.19058437645435333, 0.7601040005683899]
[0.5798029899597168, 0.3659866154193878, 0.05421039089560509]
[0.2813055217266083, 0.441112756729126, 0.27758166193962097]
[0.708437442779541, 0.2738407552242279, 0.017721829935908318]
[0.02526668831706047, 0.11795388907194138, 0.8567793965339661]
[0.028755387291312218, 0.10904146730899811, 0.8622031211853027]
[0.012266951613128185, 0.13844987750053406, 0.8492832183837891]
[0.047590598464012146, 0.43479108810424805, 0.5176182985305786]
[0.18044182658195496, 0.4345705211162567, 0.38498765230178833]
[0.454243928194046, 0.47441431879997253, 0.07134184241294861]
[0.11660793423652649, 0.44020137190818787, 0.44319069385528564]
[0.09004524350166321, 0.6465402841567993, 0.26341450214385986]
[0.053055472671985626, 0.8120479583740234, 0.13489662110805511]
[0.13676169514656067, 0.6824837327003479, 0.1807546317577362]
[0.051969509571790695, 0.5840262174606323, 0.36400431394577026]
[0.21271184086799622, 0.6021244525909424, 0.1851637214422226]
[0.01565154455602169, 0.10712714493274689, 0.8772213459014893]
[0.11457020044326782, 0.44863903522491455, 0.43679073452949524]
