[0.0825137197971344, 0.4310828745365143, 0.48640337586402893]
[0.08386044204235077, 0.7292876839637756, 0.18685190379619598]
[0.013324631378054619, 0.46838217973709106, 0.5182932019233704]
[0.8214154243469238, 0.15877434611320496, 0.019810283556580544]
[0.43746933341026306, 0.460819810628891, 0.10171088576316833]
[0.11734826862812042, 0.3794894814491272, 0.5031622052192688]
[0.096128910779953, 0.2811060845851898, 0.622765064239502]
[0.44414401054382324, 0.45320427417755127, 0.10265180468559265]
[0.9091870784759521, 0.08240819722414017, 0.008404736407101154]
[0.9035747051239014, 0.08694442361593246, 0.009480856359004974]
[0.056915029883384705, 0.42742908000946045, 0.5156559348106384]
[0.08097175508737564, 0.3027687966823578, 0.6162595152854919]
[0.28501489758491516, 0.42075517773628235, 0.2942299544811249]
[0.01171462144702673, 0.09917061030864716, 0.8891147971153259]
[0.17692334949970245, 0.4190010130405426, 0.40407562255859375]
[0.7232974171638489, 0.250944048166275, 0.025758549571037292]
[0.056330371648073196, 0.23854506015777588, 0.70512455701828]
[0.15183724462985992, 0.47259581089019775, 0.37556684017181396]
[0.030354978516697884, 0.3719629645347595, 0.5976821184158325]
[0.02842055633664131, 0.4561091959476471, 0.5154702663421631]
