[0.36916932463645935, 0.4795377254486084, 0.15129292011260986]
[0.014960391446948051, 0.18829010426998138, 0.796749472618103]
[0.02675299346446991, 0.10810787230730057, 0.8651391267776489]
[0.20493343472480774, 0.6303989887237549, 0.16466756165027618]
[0.0122262267395854, 0.29990872740745544, 0.6878650784492493]
[0.5117470622062683, 0.3971279263496399, 0.09112497419118881]
[0.3660144805908203, 0.3621976971626282, 0.2717878222465515]
[0.3047207295894623, 0.48687297105789185, 0.20840637385845184]
[0.378557026386261, 0.3671116828918457, 0.2543312609195709]
[0.17169761657714844, 0.6775765419006348, 0.15072578191757202]
[0.03134464845061302, 0.3642846941947937, 0.604370653629303]
[0.37958091497421265, 0.5402383208274841, 0.08018074929714203]
[0.377277672290802, 0.5001832246780396, 0.12253914773464203]
[0.4100532829761505, 0.5249616503715515, 0.06498505920171738]
[0.12556494772434235, 0.677977442741394, 0.1964576095342636]
[0.5153747200965881, 0.39270704984664917, 0.09191831201314926]
[0.16071324050426483, 0.5217915773391724, 0.317495197057724]
[0.6530212759971619, 0.32190269231796265, 0.025076085701584816]
[0.49508047103881836, 0.43864181637763977, 0.0662776380777359]
[0.5268269181251526, 0.3692539930343628, 0.10391905903816223]
[0.35540008544921875, 0.5566987991333008, 0.08790116012096405]
[0.010438495315611362, 0.06665977090597153, 0.9229016900062561]
[0.266105979681015, 0.6391884088516235, 0.09470555186271667]
[0.27759939432144165, 0.49899375438690186, 0.2234068661928177]
[0.01642334833741188, 0.2198018878698349, 0.7637746930122375]
[0.018559100106358528, 0.10262612998485565, 0.8788148164749146]
[0.312365859746933, 0.5680216550827026, 0.11961252242326736]
[0.3689398169517517, 0.4208056330680847, 0.21025450527668]
[0.004613907542079687, 0.11108245700597763, 0.8843036890029907]
[0.15258648991584778, 0.44153690338134766, 0.40587660670280457]
[0.09514977782964706, 0.36493366956710815, 0.5399165749549866]
[0.19848191738128662, 0.5463019013404846, 0.255216121673584]
[0.26601266860961914, 0.4849010705947876, 0.24908632040023804]
[0.04592081904411316, 0.19774755835533142, 0.7563316226005554]
[0.007275086361914873, 0.10823559015989304, 0.8844892978668213]
[0.0019171426538378, 0.027468258515000343, 0.9706146717071533]
