[0.0865064263343811, 0.4119468927383423, 0.5015467405319214]
[0.38819217681884766, 0.5319454073905945, 0.07986244559288025]
[0.1797848343849182, 0.5478541254997253, 0.27236106991767883]
[0.8075991868972778, 0.17358264327049255, 0.018818186596035957]
[0.3136690855026245, 0.5648452639579773, 0.121485635638237]
[0.06717246025800705, 0.5769625902175903, 0.35586491227149963]
[0.4762592315673828, 0.4056754410266876, 0.11806530505418777]
[0.051244113594293594, 0.3464697003364563, 0.6022862195968628]
[0.9391187429428101, 0.05457593873143196, 0.006305181887000799]
[0.09064596891403198, 0.3803154230117798, 0.5290386080741882]
[0.17406970262527466, 0.5251784920692444, 0.30075177550315857]
[0.18736010789871216, 0.5419510006904602, 0.27068892121315]
[0.381937175989151, 0.4257756173610687, 0.19228722155094147]
[0.8132520914077759, 0.16763246059417725, 0.019115498289465904]
[0.6904202699661255, 0.2525310218334198, 0.057048749178647995]
[0.92050701379776, 0.07130704820156097, 0.008185924962162971]
[0.09039440751075745, 0.4598180055618286, 0.44978761672973633]
[0.003883601166307926, 0.06200932338833809, 0.9341070055961609]
[0.3178596496582031, 0.48144879937171936, 0.20069147646427155]
[0.030808409675955772, 0.11833187937736511, 0.8508597016334534]
[0.055630046874284744, 0.22241967916488647, 0.721950352191925]
[0.23637868463993073, 0.35915321111679077, 0.4044680595397949]
[0.7750911712646484, 0.20202530920505524, 0.022883513942360878]
[0.643625020980835, 0.29136133193969727, 0.06501371413469315]
[0.28541460633277893, 0.39695340394973755, 0.3176320493221283]
[0.06544821709394455, 0.43678873777389526, 0.4977630078792572]
[0.01022353582084179, 0.12819896638393402, 0.8615775108337402]
[0.015887459740042686, 0.5213195085525513, 0.4627930223941803]
