[0.015682557597756386, 0.16730715334415436, 0.8170102834701538]
[0.006614061072468758, 0.08213415741920471, 0.9112518429756165]
[0.003094341140240431, 0.1873447746038437, 0.8095608353614807]
[0.220672607421875, 0.659736156463623, 0.11959125101566315]
[0.011464882642030716, 0.09667626023292542, 0.8918588757514954]
[0.005985446739941835, 0.21729756891727448, 0.7767170071601868]
[0.005561161320656538, 0.0674220398068428, 0.9270167350769043]
[0.3230663239955902, 0.6100376844406128, 0.06689600646495819]
[0.8439477682113647, 0.142953559756279, 0.013098628260195255]
[0.7900656461715698, 0.1977974772453308, 0.012136917561292648]
[0.012302769348025322, 0.1507992446422577, 0.8368979692459106]
[0.028230570256710052, 0.6185400485992432, 0.3532293736934662]
[0.31536081433296204, 0.6230078339576721, 0.061631325632333755]
[0.12002202123403549, 0.4148482084274292, 0.4651297628879547]
[0.05104753375053406, 0.5732429623603821, 0.37570953369140625]
[0.08003786206245422, 0.7571462988853455, 0.16281583905220032]
[0.11618751287460327, 0.7103430032730103, 0.1734694391489029]
[0.298440158367157, 0.4628516733646393, 0.23870815336704254]
[0.4391099810600281, 0.48691749572753906, 0.07397250086069107]
[0.7057238221168518, 0.27554550766944885, 0.018730727955698967]
[0.570789635181427, 0.38195905089378357, 0.04725131765007973]
[0.12114489823579788, 0.7407821416854858, 0.13807304203510284]
[0.05503235012292862, 0.48244473338127136, 0.462522953748703]
[0.07190121710300446, 0.2954663634300232, 0.6326323747634888]
[0.017941914498806, 0.14017698168754578, 0.8418811559677124]
[0.4714505672454834, 0.49667155742645264, 0.03187792748212814]
[0.05324673280119896, 0.4883602559566498, 0.4583929777145386]
[0.12608997523784637, 0.6360403895378113, 0.23786969482898712]
[0.26079288125038147, 0.5660071969032288, 0.17319992184638977]
[0.3041017949581146, 0.49964311718940735, 0.19625510275363922]
[0.018255965784192085, 0.272200345993042, 0.709543764591217]
[0.04029853269457817, 0.7514460682868958, 0.20825539529323578]
[0.004568480886518955, 0.2772059440612793, 0.7182255387306213]
[0.0032050260342657566, 0.07900487631559372, 0.9177901148796082]
[0.5462507605552673, 0.4333879053592682, 0.020361367613077164]
