[0.009519904851913452, 0.07790698111057281, 0.9125731587409973]
[0.031028825789690018, 0.5836807489395142, 0.3852904736995697]
[0.0965997725725174, 0.4295071065425873, 0.4738931357860565]
[0.0025940558407455683, 0.033593472093343735, 0.9638124108314514]
[0.046685632318258286, 0.6990439295768738, 0.2542704939842224]
[0.0736120194196701, 0.4151165783405304, 0.5112714171409607]
[0.04356340318918228, 0.4410645663738251, 0.5153720378875732]
[0.1494978368282318, 0.6157124042510986, 0.23478975892066956]
[0.22872649133205414, 0.6359629034996033, 0.1353105902671814]
[0.0013799343723803759, 0.030364444479346275, 0.9682555794715881]
[0.0024121920578181744, 0.08427157998085022, 0.9133162498474121]
[0.18700304627418518, 0.7171697020530701, 0.09582725167274475]
[0.08294497430324554, 0.5445922613143921, 0.37246283888816833]
[0.3660440146923065, 0.5252584218978882, 0.10869754105806351]
[0.07165540754795074, 0.27959463000297546, 0.6487500071525574]
[0.007212341297417879, 0.11965636909008026, 0.873131275177002]
[0.08776722848415375, 0.2860395312309265, 0.6261932253837585]
[0.21376246213912964, 0.41982969641685486, 0.3664078414440155]
[0.042677395045757294, 0.24517351388931274, 0.7121490836143494]
[0.009578532539308071, 0.08809921890497208, 0.9023222327232361]
[0.19976140558719635, 0.4726864695549011, 0.32755210995674133]
[0.02231663465499878, 0.2275846153497696, 0.7500987648963928]
[0.015867140144109726, 0.20239271223545074, 0.781740128993988]
[0.002496931003406644, 0.07114653289318085, 0.9263565540313721]
[0.26839199662208557, 0.5219789147377014, 0.2096291333436966]
[0.0035755736753344536, 0.052479662001132965, 0.9439448118209839]
[0.0598410926759243, 0.5130589008331299, 0.4271000921726227]
