[0.04250677675008774, 0.4008220136165619, 0.556671142578125]
[0.0348643995821476, 0.24211466312408447, 0.7230209708213806]
[0.032598186284303665, 0.2690306007862091, 0.6983712315559387]
[0.02701759897172451, 0.22949574887752533, 0.7434866428375244]
[0.012420028448104858, 0.14358332753181458, 0.8439967036247253]
[0.1331065446138382, 0.3782458007335663, 0.4886476397514343]
[0.916763424873352, 0.0734708234667778, 0.009765761904418468]
[0.6577895283699036, 0.2837681770324707, 0.05844232812523842]
[0.21502357721328735, 0.49934253096580505, 0.28563392162323]
[0.6158915162086487, 0.3084721863269806, 0.07563629001379013]
[0.3312819302082062, 0.5007328987121582, 0.16798509657382965]
[0.02796289511024952, 0.6498614549636841, 0.3221755921840668]
[0.378562867641449, 0.4982651174068451, 0.12317200005054474]
[0.7497848868370056, 0.21970707178115845, 0.03050803579390049]
[0.8158656358718872, 0.1605837345123291, 0.023550624027848244]
[0.24069741368293762, 0.590335488319397, 0.16896706819534302]
[0.23157842457294464, 0.6344293355941772, 0.1339922398328781]
[0.04997962713241577, 0.3888475000858307, 0.5611729025840759]
[0.4337831437587738, 0.46460196375846863, 0.10161489993333817]
[0.39739930629730225, 0.49541175365448, 0.10718897730112076]
[0.36951035261154175, 0.4589090645313263, 0.17158062756061554]
[0.1401047259569168, 0.3991667926311493, 0.4607284963130951]
[0.028632450848817825, 0.16816255450248718, 0.8032050132751465]
[0.005178984720259905, 0.08675679564476013, 0.9080641865730286]
[0.006285892333835363, 0.07184865325689316, 0.9218654632568359]
