[0.5079209208488464, 0.3501783311367035, 0.14190073311328888]
[0.35507628321647644, 0.45371103286743164, 0.1912127137184143]
[0.040512725710868835, 0.3123340308666229, 0.6471532583236694]
[0.520146369934082, 0.3839063048362732, 0.0959472730755806]
[0.30353087186813354, 0.62965989112854, 0.06680919975042343]
[0.30221304297447205, 0.5903145670890808, 0.10747238993644714]
[0.27222996950149536, 0.5852590203285217, 0.14251108467578888]
[0.30412542819976807, 0.5437948107719421, 0.152079775929451]
[0.5946239829063416, 0.35581108927726746, 0.0495649129152298]
[0.5094068646430969, 0.390778124332428, 0.09981497377157211]
[0.4572242498397827, 0.45711594820022583, 0.08565983176231384]
[0.12333931773900986, 0.4019046127796173, 0.4747560918331146]
[0.12808026373386383, 0.5259353518486023, 0.3459843099117279]
[0.10772377252578735, 0.6690793037414551, 0.22319689393043518]
[0.9334452152252197, 0.059848852455616, 0.006705951411277056]
[0.03535763919353485, 0.8849692940711975, 0.07967314124107361]
[0.3847944736480713, 0.5568151473999023, 0.05839043855667114]
[0.021380674093961716, 0.1550329625606537, 0.8235864043235779]
[0.02921377681195736, 0.7397862672805786, 0.2309999316930771]
[0.2891981601715088, 0.5168648958206177, 0.19393694400787354]
[0.19104397296905518, 0.5071074962615967, 0.30184847116470337]
[0.056177880614995956, 0.6342848539352417, 0.3095373213291168]
[0.12706027925014496, 0.788602352142334, 0.08433729410171509]
[0.5145784616470337, 0.4220048785209656, 0.06341668963432312]
[0.5364426970481873, 0.3688921630382538, 0.09466512501239777]
[0.234462171792984, 0.6530248522758484, 0.11251296103000641]
[0.5518554449081421, 0.41307738423347473, 0.03506716340780258]
[0.7088714838027954, 0.25899186730384827, 0.03213665261864662]
[0.41624361276626587, 0.49023669958114624, 0.0935196802020073]
[0.03760719671845436, 0.3363003432750702, 0.6260924339294434]
[0.8725720047950745, 0.11223293095827103, 0.015195069834589958]
[0.6717357635498047, 0.3062041103839874, 0.02206014096736908]
[0.3038804829120636, 0.6567058563232422, 0.03941372036933899]
[0.5173248052597046, 0.4186340868473053, 0.06404117494821548]
[0.6302998661994934, 0.34323179721832275, 0.026468345895409584]
[0.6797789335250854, 0.2866719663143158, 0.033549051731824875]
[0.6282503008842468, 0.349136620759964, 0.022613056004047394]
[0.3121168911457062, 0.5858588814735413, 0.10202423483133316]
[0.7342608571052551, 0.2454453557729721, 0.020293742418289185]
[0.13110898435115814, 0.739699125289917, 0.12919193506240845]
[0.6625569462776184, 0.30908358097076416, 0.028359418734908104]
[0.11028091609477997, 0.44300711154937744, 0.4467118978500366]
[0.37112781405448914, 0.4604359567165375, 0.16843625903129578]
[0.2829703986644745, 0.6120677590370178, 0.10496179014444351]
[0.48362666368484497, 0.422905296087265, 0.0934680625796318]
[0.629992663860321, 0.32476872205734253, 0.045238595455884933]
[0.45774173736572266, 0.48167210817337036, 0.060586117208004]
[0.3617037534713745, 0.5202725529670715, 0.11802370846271515]
[0.2904227375984192, 0.38898980617523193, 0.32058748602867126]
[0.02601408027112484, 0.21107719838619232, 0.7629087567329407]
[0.3843327462673187, 0.4059159457683563, 0.20975129306316376]
[0.09006566554307938, 0.3173333406448364, 0.5926010012626648]
[0.08485262095928192, 0.5932711958885193, 0.3218761086463928]
[0.5139217972755432, 0.39405226707458496, 0.09202586114406586]
[0.0020297891460359097, 0.06735098361968994, 0.9306191802024841]
[0.015068362466990948, 0.19203488528728485, 0.7928967475891113]
[0.24991795420646667, 0.36634838581085205, 0.38373368978500366]
[0.11785851418972015, 0.5273016095161438, 0.35483989119529724]
[0.4770837724208832, 0.4349343776702881, 0.08798183500766754]
[0.4516267776489258, 0.46495625376701355, 0.0834168940782547]
[0.17043697834014893, 0.7014866471290588, 0.128076434135437]
[0.4616573750972748, 0.4418540894985199, 0.09648847579956055]
[0.5897484421730042, 0.3718576729297638, 0.038393884897232056]
[0.33804959058761597, 0.4022730886936188, 0.25967735052108765]
[0.11580207943916321, 0.5539364218711853, 0.3302614688873291]
[0.24922439455986023, 0.6388625502586365, 0.11191310733556747]
[0.3360678255558014, 0.5228920578956604, 0.14104007184505463]
[0.8261698484420776, 0.15927787125110626, 0.014552262611687183]
[0.7050269246101379, 0.2671831250190735, 0.02778986468911171]
[0.9757826328277588, 0.02173413708806038, 0.002483209129422903]
[0.3646523058414459, 0.47871050238609314, 0.15663720667362213]
[0.3949493169784546, 0.5010799765586853, 0.1039707362651825]
[0.5283971428871155, 0.36366036534309387, 0.10794252902269363]
[0.42603185772895813, 0.4128435552120209, 0.1611245721578598]
[0.39719104766845703, 0.49756619334220886, 0.10524271428585052]
[0.03711023926734924, 0.3392162322998047, 0.6236735582351685]
[0.2981863021850586, 0.6162938475608826, 0.08551987260580063]
[0.002745431149378419, 0.052950140088796616, 0.944304347038269]
[0.05568942055106163, 0.4184916317462921, 0.525818943977356]
[0.06337456405162811, 0.40792497992515564, 0.5287004113197327]
[0.2161201685667038, 0.30459707975387573, 0.4792827367782593]
[0.004257187247276306, 0.1996673345565796, 0.7960754632949829]
[0.31844666600227356, 0.567308247089386, 0.11424511671066284]
[0.02160620130598545, 0.2100515216588974, 0.7683422565460205]
[0.1866893470287323, 0.5102018713951111, 0.30310872197151184]
[0.7934914827346802, 0.17993730306625366, 0.026571203023195267]
[0.08102606981992722, 0.7751832008361816, 0.14379072189331055]
[0.41307729482650757, 0.5054687261581421, 0.08145394176244736]
[0.6779938340187073, 0.26928839087486267, 0.05271781608462334]
[0.2851041853427887, 0.5882463455200195, 0.12664952874183655]
[0.005891741253435612, 0.1155012995004654, 0.8786069750785828]
[0.49100980162620544, 0.41409847140312195, 0.094891756772995]
[0.29034653306007385, 0.6347336173057556, 0.07491984218358994]
[0.18895600736141205, 0.6450842618942261, 0.16595973074436188]
[0.26341843605041504, 0.5574221014976501, 0.1791595071554184]
[0.346743106842041, 0.49156615138053894, 0.16169072687625885]
[0.029169732704758644, 0.41345393657684326, 0.5573763251304626]
[0.004340100102126598, 0.06722623854875565, 0.9284336566925049]
[0.7028048634529114, 0.26155370473861694, 0.03564147651195526]
[0.0017218501307070255, 0.03732401877641678, 0.9609541296958923]
[0.4886554777622223, 0.45364633202552795, 0.057698171585798264]
[0.018710175529122353, 0.4879246652126312, 0.4933651089668274]
[0.3725522458553314, 0.589664876461029, 0.037782929837703705]
[0.15815819799900055, 0.5810686349868774, 0.2607731223106384]
[0.036002472043037415, 0.5735333561897278, 0.3904642164707184]
[0.0030877450481057167, 0.04997343569993973, 0.9469388127326965]
[0.005779910366982222, 0.06182866171002388, 0.9323914051055908]
[0.007180271670222282, 0.037501752376556396, 0.9553179740905762]
[0.802264928817749, 0.19012917578220367, 0.007605991791933775]
[0.41210484504699707, 0.5411477088928223, 0.04674750193953514]
[0.027973007410764694, 0.12301833927631378, 0.8490086793899536]
[0.19514352083206177, 0.6745770573616028, 0.13027939200401306]
[0.6887171268463135, 0.25017282366752625, 0.06111010164022446]
[0.021916929632425308, 0.13731521368026733, 0.8407678008079529]
[0.01905497908592224, 0.2712072730064392, 0.7097377181053162]
[0.5012003779411316, 0.3721790611743927, 0.1266205608844757]
[0.43424105644226074, 0.4596325159072876, 0.10612642765045166]
[0.7654731273651123, 0.20584328472614288, 0.028683554381132126]
[0.25344860553741455, 0.5863056778907776, 0.16024573147296906]
[0.002194642089307308, 0.04376410320401192, 0.9540412425994873]
[0.03104722686111927, 0.26234370470046997, 0.7066090106964111]
[0.011769532226026058, 0.2529635727405548, 0.7352668642997742]
[0.003306768136098981, 0.059808652848005295, 0.9368845820426941]
[0.0021026115864515305, 0.09421967715024948, 0.9036777019500732]
[0.0647272989153862, 0.6003091931343079, 0.33496350049972534]
[0.22869773209095, 0.4782797694206238, 0.2930225729942322]
[0.33316680788993835, 0.5731629729270935, 0.09367021173238754]
[0.04218665882945061, 0.39967405796051025, 0.5581392645835876]
[0.0039915661327540874, 0.051618535071611404, 0.944389820098877]
[0.07338648289442062, 0.7572454214096069, 0.16936814785003662]
[0.0075693922117352486, 0.11154704540967941, 0.880883514881134]
[0.3427780866622925, 0.5518770813941956, 0.10534486174583435]
[0.034804899245500565, 0.5949855446815491, 0.37020954489707947]
[0.027608782052993774, 0.5092414021492004, 0.4631498456001282]
[0.13485963642597198, 0.6873568892478943, 0.17778341472148895]
[0.281825989484787, 0.6144371628761292, 0.10373682528734207]
[0.02395160123705864, 0.5394822359085083, 0.43656623363494873]
[0.03186174854636192, 0.2114574909210205, 0.7566807270050049]
[0.2936779856681824, 0.5009496808052063, 0.2053724080324173]
[0.3582536280155182, 0.44594186544418335, 0.1958044469356537]
[0.38974106311798096, 0.5122765898704529, 0.0979822650551796]
[0.4369296431541443, 0.5108147859573364, 0.052255526185035706]
[0.46550655364990234, 0.47632354497909546, 0.058169953525066376]
[0.08822401612997055, 0.5696207880973816, 0.34215521812438965]
[0.012860719114542007, 0.11120553314685822, 0.8759337067604065]
[0.8878575563430786, 0.10313613712787628, 0.00900636799633503]
[0.44671630859375, 0.48501259088516235, 0.06827112287282944]
[0.09787533432245255, 0.6199327111244202, 0.2821919620037079]
[0.569124698638916, 0.33830133080482483, 0.09257403016090393]
[0.3267413079738617, 0.41879183053970337, 0.2544669210910797]
[0.00887745339423418, 0.09570211172103882, 0.8954203724861145]
[0.0023488576989620924, 0.04501316696405411, 0.9526379704475403]
[0.002791255945339799, 0.027618512511253357, 0.9695902466773987]
[0.023560822010040283, 0.25221163034439087, 0.7242276072502136]
[0.06614268571138382, 0.4430846571922302, 0.49077263474464417]
[0.5738593935966492, 0.38664326071739197, 0.03949733078479767]
[0.05094971880316734, 0.7979782819747925, 0.1510719656944275]
[0.1735069304704666, 0.716550886631012, 0.109942227602005]
[0.028581973165273666, 0.21377070248126984, 0.7576472759246826]
[0.055494267493486404, 0.4077434837818146, 0.5367622971534729]
[0.2298222929239273, 0.5514785051345825, 0.2186991423368454]
[0.034239184111356735, 0.13206467032432556, 0.8336961269378662]
[0.48714184761047363, 0.47190940380096436, 0.040948715060949326]
[0.2195350080728531, 0.5503525137901306, 0.23011252284049988]
[0.09093845635652542, 0.3363959789276123, 0.5726655721664429]
[0.15909184515476227, 0.5871771574020386, 0.25373101234436035]
[0.024387551471590996, 0.3222063183784485, 0.6534060835838318]
[0.12628933787345886, 0.643223762512207, 0.23048682510852814]
[0.061330847442150116, 0.2612749934196472, 0.6773941516876221]
[0.27815601229667664, 0.4934751093387604, 0.22836890816688538]
[0.764479398727417, 0.21676330268383026, 0.018757281824946404]
[0.0757264718413353, 0.613537609577179, 0.31073591113090515]
[0.06124641001224518, 0.16239067912101746, 0.7763628959655762]
[0.5409603714942932, 0.387142151594162, 0.07189744710922241]
[0.06979770958423615, 0.38736701011657715, 0.5428353548049927]
[0.04070189967751503, 0.21601176261901855, 0.7432863712310791]
[0.15528497099876404, 0.4214228689670563, 0.4232921898365021]
[0.1743401736021042, 0.4269717037677765, 0.3986881375312805]
[0.7801940441131592, 0.20173399150371552, 0.018071962520480156]
[0.6072098016738892, 0.35565224289894104, 0.03713804855942726]
[0.26069802045822144, 0.6639941930770874, 0.07530773431062698]
[0.712418794631958, 0.2551247775554657, 0.03245646879076958]
[0.38024863600730896, 0.5144255757331848, 0.1053258627653122]
[0.1360786408185959, 0.7757148146629333, 0.08820655196905136]
[0.4643357992172241, 0.47062376141548157, 0.06504041701555252]
[0.3302149772644043, 0.5854207277297974, 0.08436436951160431]
[0.025310756638646126, 0.185620978474617, 0.7890682220458984]
[0.026947079226374626, 0.5487813353538513, 0.4242715537548065]
[0.5849631428718567, 0.3678383231163025, 0.04719856008887291]
[0.12071774154901505, 0.6600725054740906, 0.21920980513095856]
[0.03958338126540184, 0.8744902610778809, 0.08592641353607178]
[0.7771000862121582, 0.1902521550655365, 0.032647792249917984]
[0.6505686044692993, 0.3383026123046875, 0.011128722690045834]
[0.8628931641578674, 0.13166093826293945, 0.005445858929306269]
[0.8725541234016418, 0.11895278841257095, 0.008493042550981045]
[0.678788959980011, 0.27967575192451477, 0.041535306721925735]
[0.7026576399803162, 0.2768233120441437, 0.020518964156508446]
[0.012767333537340164, 0.21261461079120636, 0.7746180295944214]
[0.09128787368535995, 0.5303910970687866, 0.3783210515975952]
[0.008150367997586727, 0.07310584932565689, 0.9187437295913696]
[0.034011755138635635, 0.3100394904613495, 0.6559486985206604]
[0.3957329988479614, 0.5322585105895996, 0.07200849056243896]
[0.4173046946525574, 0.5017669200897217, 0.08092842251062393]
[0.01006543543189764, 0.054271671921014786, 0.9356628656387329]
[0.0033477868419140577, 0.11301250755786896, 0.8836396932601929]
[0.025324486196041107, 0.2660956382751465, 0.7085798978805542]
[0.16871024668216705, 0.5401396751403809, 0.2911500632762909]
[0.051415350288152695, 0.1978982537984848, 0.7506864070892334]
[0.6574312448501587, 0.30702558159828186, 0.03554325923323631]
[0.02184576541185379, 0.2891232371330261, 0.6890310049057007]
[0.026219116523861885, 0.23960483074188232, 0.7341760993003845]
[0.022745007649064064, 0.7470325827598572, 0.2302224487066269]
[0.07759152352809906, 0.4923647344112396, 0.4300437271595001]
[0.22951538860797882, 0.5147002935409546, 0.2557842433452606]
[0.22802405059337616, 0.4869457185268402, 0.28503021597862244]
[0.21391823887825012, 0.5184342861175537, 0.2676474153995514]
[0.5964153409004211, 0.3722158968448639, 0.03136879578232765]
[0.5809869766235352, 0.3429136574268341, 0.07609935104846954]
[0.5670199394226074, 0.36085864901542664, 0.07212143391370773]
[0.44909167289733887, 0.45424991846084595, 0.09665843844413757]
[0.03971448540687561, 0.5796011686325073, 0.38068440556526184]
[0.23205649852752686, 0.687811017036438, 0.08013245463371277]
[0.1516469269990921, 0.7261666655540466, 0.12218640744686127]
[0.23144230246543884, 0.6125414967536926, 0.1560162603855133]
[0.4413372278213501, 0.4981384575366974, 0.06052425876259804]
[0.039640430361032486, 0.3779023587703705, 0.5824571847915649]
[0.1571795791387558, 0.6634635329246521, 0.1793568879365921]
[0.5851802229881287, 0.3416658937931061, 0.07315380871295929]
[0.05262111499905586, 0.26173967123031616, 0.6856392025947571]
[0.1381646692752838, 0.7256611585617065, 0.13617418706417084]
