[0.2007877230644226, 0.5733731389045715, 0.22583912312984467]
[0.10499253123998642, 0.5178406834602356, 0.3771668076515198]
[0.2489410787820816, 0.5547699928283691, 0.19628889858722687]
[0.5260574817657471, 0.33483588695526123, 0.1391066461801529]
[0.14336873590946198, 0.5706613063812256, 0.285970002412796]
[0.11436715722084045, 0.4333202838897705, 0.45231252908706665]
[0.01650255359709263, 0.13147388398647308, 0.8520235419273376]
[0.14178429543972015, 0.5096994042396545, 0.3485163450241089]
[0.09139704704284668, 0.3745998442173004, 0.5340031385421753]
[0.3721998929977417, 0.518521785736084, 0.1092783659696579]
[0.36233463883399963, 0.5260910391807556, 0.11157426983118057]
[0.6727371215820312, 0.2889000475406647, 0.038362838327884674]
[0.006472787354141474, 0.05219298601150513, 0.9413342475891113]
[0.19492989778518677, 0.49158596992492676, 0.3134840726852417]
[0.06463267654180527, 0.38292190432548523, 0.5524454712867737]
[0.09037979692220688, 0.5065965056419373, 0.40302374958992004]
[0.03085104189813137, 0.1719619631767273, 0.7971870303153992]
[0.12288656085729599, 0.5293061137199402, 0.3478074371814728]
[0.012540660798549652, 0.10315239429473877, 0.8843069076538086]
[0.27956464886665344, 0.4840482175350189, 0.23638705909252167]
[0.08833826333284378, 0.2754209339618683, 0.6362408399581909]
[0.3967580497264862, 0.4626885950565338, 0.14055339992046356]
[0.006290246732532978, 0.06523707509040833, 0.9284726977348328]
[0.3478636145591736, 0.5111970901489258, 0.14093929529190063]
[0.4292229413986206, 0.42659780383110046, 0.14417928457260132]
[0.21715137362480164, 0.592698872089386, 0.19014972448349]
[0.47232019901275635, 0.44703665375709534, 0.08064313977956772]
[0.31811264157295227, 0.42034992575645447, 0.26153746247291565]
[0.013334778137505054, 0.19798147678375244, 0.7886837720870972]
[0.11807138472795486, 0.29919344186782837, 0.5827351808547974]
[0.0862451046705246, 0.30927813053131104, 0.604476809501648]
[0.008275718428194523, 0.08553463220596313, 0.9061896204948425]
[0.06348086148500443, 0.4207070767879486, 0.51581209897995]
[0.001961120869964361, 0.019221358001232147, 0.9788175225257874]
[0.0023978459648787975, 0.07556089758872986, 0.9220412969589233]
[0.03252203390002251, 0.4385276436805725, 0.5289503931999207]
[0.013255532830953598, 0.752096951007843, 0.23464755713939667]
