[0.45826101303100586, 0.3851958215236664, 0.15654316544532776]
[0.5702190399169922, 0.35520926117897034, 0.07457169890403748]
[0.014284356497228146, 0.24217373132705688, 0.7435418367385864]
[0.05775982514023781, 0.3273896872997284, 0.6148504614830017]
[0.022913789376616478, 0.1461801677942276, 0.8309060335159302]
[0.032562367618083954, 0.2197791486978531, 0.7476584911346436]
[0.33474111557006836, 0.45142456889152527, 0.21383433043956757]
[0.0681353285908699, 0.2067210078239441, 0.7251436114311218]
[0.00975539069622755, 0.12747842073440552, 0.8627661466598511]
[0.12484027445316315, 0.374808132648468, 0.5003515481948853]
[0.12982496619224548, 0.5164440274238586, 0.3537309765815735]
[0.5083217620849609, 0.4124550223350525, 0.07922320067882538]
[0.0927935466170311, 0.3660183250904083, 0.5411881804466248]
[0.34926941990852356, 0.46480220556259155, 0.1859283447265625]
[0.11485154181718826, 0.4268629848957062, 0.458285391330719]
[0.05117899924516678, 0.30241313576698303, 0.6464078426361084]
[0.3838116228580475, 0.40932589769363403, 0.20686247944831848]
[0.009481028653681278, 0.12150993198156357, 0.8690089583396912]
[0.10988933593034744, 0.4840419590473175, 0.40606868267059326]
[0.6708462834358215, 0.28801873326301575, 0.04113501310348511]
[0.00883213896304369, 0.23945030570030212, 0.7517175674438477]
[0.0024687142577022314, 0.04711080342531204, 0.9504204988479614]
[0.6720699667930603, 0.28230878710746765, 0.04562123864889145]
[0.025149252265691757, 0.4895124137401581, 0.48533836007118225]
[0.06749164313077927, 0.3009415864944458, 0.6315667629241943]
[0.007757940795272589, 0.0668126568198204, 0.9254293441772461]
[0.8667882680892944, 0.11551079899072647, 0.017700886353850365]
[0.32464078068733215, 0.46254879236221313, 0.21281041204929352]
[0.36447420716285706, 0.4486355483531952, 0.18689025938510895]
[0.02221735008060932, 0.10336726158857346, 0.874415397644043]
[0.38529205322265625, 0.41788703203201294, 0.1968209445476532]
[0.09283985197544098, 0.6036330461502075, 0.3035271167755127]
[0.002956150798127055, 0.026826167479157448, 0.9702177047729492]
[0.4610188603401184, 0.46141713857650757, 0.07756400108337402]
[0.008036872372031212, 0.2202647626399994, 0.7716983556747437]
[0.0021010010968893766, 0.03144952654838562, 0.9664494395256042]
