[0.20926399528980255, 0.6622034311294556, 0.12853261828422546]
[0.6942893266677856, 0.28098422288894653, 0.024726390838623047]
[0.09042300283908844, 0.5056477189064026, 0.40392929315567017]
[0.13177324831485748, 0.6087952256202698, 0.2594314515590668]
[0.29297488927841187, 0.4970303475856781, 0.20999468863010406]
[0.04458688944578171, 0.3547836244106293, 0.600629448890686]
[0.3887217044830322, 0.512204647064209, 0.09907356649637222]
[0.3100334703922272, 0.40143564343452454, 0.28853094577789307]
[0.01500814687460661, 0.1010129526257515, 0.8839789032936096]
[0.04369133710861206, 0.386120468378067, 0.5701882243156433]
[0.2362091839313507, 0.6578570008277893, 0.1059337854385376]
[0.37731876969337463, 0.5060155391693115, 0.11666566133499146]
[0.43680858612060547, 0.5111019015312195, 0.05208948999643326]
[0.3673352599143982, 0.5185770988464355, 0.11408764123916626]
[0.5464866161346436, 0.32657259702682495, 0.1269408017396927]
[0.22819331288337708, 0.4189502000808716, 0.3528563976287842]
[0.05341054126620293, 0.3266719579696655, 0.6199174523353577]
[0.18345129489898682, 0.5268784165382385, 0.2896702289581299]
[0.6605444550514221, 0.2961787283420563, 0.043276868760585785]
[0.003706877352669835, 0.03660467639565468, 0.9596884846687317]
[0.6249718070030212, 0.3400143086910248, 0.03501393646001816]
[0.05201566591858864, 0.4314679205417633, 0.5165164470672607]
[0.09394901245832443, 0.448574423789978, 0.45747658610343933]
[0.9396430850028992, 0.055494219064712524, 0.004862735979259014]
[0.25526657700538635, 0.3286873400211334, 0.4160460829734802]
[0.6896084547042847, 0.27374038100242615, 0.036651190370321274]
[0.041402220726013184, 0.26441502571105957, 0.6941827535629272]
[0.1315551996231079, 0.4428335726261139, 0.4256111979484558]
[0.7272351384162903, 0.2217380851507187, 0.05102676898241043]
[0.3072333335876465, 0.5340726971626282, 0.15869401395320892]
[0.6096394658088684, 0.3311377465724945, 0.05922282859683037]
[0.07496077567338943, 0.42688143253326416, 0.4981577694416046]
[0.7807844877243042, 0.17292575538158417, 0.046289801597595215]
[0.44157731533050537, 0.5209034085273743, 0.037519291043281555]
[0.6611770391464233, 0.2982485890388489, 0.04057440161705017]
[0.8917500376701355, 0.09617602825164795, 0.012073865160346031]
[0.9011054039001465, 0.08894078433513641, 0.009953849017620087]
[0.901694655418396, 0.08576635271310806, 0.012538952752947807]
[0.35103854537010193, 0.5286299586296082, 0.1203315332531929]
[0.5174949765205383, 0.43536001443862915, 0.04714498296380043]
[0.2722246050834656, 0.6534393429756165, 0.07433605194091797]
[0.013782584108412266, 0.14319200813770294, 0.8430253267288208]
[0.001682543894276023, 0.06359981745481491, 0.9347177147865295]
[0.01635393500328064, 0.10870526731014252, 0.874940812587738]
