[0.7757564187049866, 0.19172635674476624, 0.03251725807785988]
[0.015641765668988228, 0.12012296915054321, 0.8642352819442749]
[0.08482463657855988, 0.21925275027751923, 0.6959226131439209]
[0.05653935670852661, 0.27969998121261597, 0.6637606024742126]
[0.21550147235393524, 0.5084344744682312, 0.27606409788131714]
[0.028697354719042778, 0.19526930153369904, 0.7760332822799683]
[0.008688447065651417, 0.07380309700965881, 0.9175084233283997]
[0.31468287110328674, 0.44515275955200195, 0.24016432464122772]
[0.5459229946136475, 0.34635552763938904, 0.10772154480218887]
[0.19029563665390015, 0.504996657371521, 0.3047076463699341]
[0.09234855324029922, 0.32391196489334106, 0.5837394595146179]
[0.09435072541236877, 0.4134399890899658, 0.4922093152999878]
[0.10505060106515884, 0.4028710126876831, 0.49207839369773865]
[0.010080205276608467, 0.18526335060596466, 0.804656445980072]
[0.246119424700737, 0.6099496483802795, 0.14393101632595062]
[0.24569715559482574, 0.4737086594104767, 0.28059419989585876]
[0.0033304160460829735, 0.04234962910413742, 0.954319953918457]
[0.3700408935546875, 0.4835405647754669, 0.14641845226287842]
[0.0137555543333292, 0.06677208840847015, 0.919472336769104]
[0.04814736172556877, 0.3499786853790283, 0.6018739342689514]
[0.02571258507668972, 0.29556095600128174, 0.6787264943122864]
[0.5673165321350098, 0.3529815375804901, 0.0797019675374031]
[0.024728335440158844, 0.21215735375881195, 0.7631143927574158]
[0.055711619555950165, 0.5395554900169373, 0.4047328531742096]
[0.1559285968542099, 0.38583192229270935, 0.45823943614959717]
[0.11063212901353836, 0.36218830943107605, 0.5271795988082886]
[0.068147212266922, 0.45438826084136963, 0.477464497089386]
[0.010238144546747208, 0.1124076172709465, 0.8773542046546936]
[0.1280558556318283, 0.22544676065444946, 0.646497368812561]
[0.11646229028701782, 0.2625516951084137, 0.6209860444068909]
[0.21854417026042938, 0.32292911410331726, 0.4585266709327698]
[0.5425166487693787, 0.3922152519226074, 0.06526808440685272]
[0.043558377772569656, 0.20451444387435913, 0.7519271969795227]
[0.07856128364801407, 0.24272450804710388, 0.6787141561508179]
[0.10492847859859467, 0.2874263525009155, 0.6076452136039734]
[0.44955259561538696, 0.4856146275997162, 0.06483272463083267]
[0.202238529920578, 0.48093876242637634, 0.3168226480484009]
[0.2002449929714203, 0.45236194133758545, 0.34739306569099426]
[0.007579512894153595, 0.1890985369682312, 0.8033220171928406]
[0.08391725271940231, 0.3635416626930237, 0.5525410771369934]
[0.031038224697113037, 0.4579504430294037, 0.5110113024711609]
[0.012887218967080116, 0.36734384298324585, 0.6197689771652222]
[0.030753428116440773, 0.07574742287397385, 0.8934991955757141]
[0.024786753579974174, 0.7820714712142944, 0.19314178824424744]
[0.03563818708062172, 0.21420533955097198, 0.7501564621925354]
[0.08348213136196136, 0.4752541780471802, 0.4412636458873749]
[0.39637088775634766, 0.5123433470726013, 0.0912858173251152]
[0.01676013134419918, 0.13045991957187653, 0.8527799844741821]
[0.11645878106355667, 0.4357890486717224, 0.4477522075176239]
[0.003909355029463768, 0.015040246769785881, 0.981050431728363]
[0.018175780773162842, 0.11754005402326584, 0.8642841577529907]
[0.15099458396434784, 0.6776699423789978, 0.17133542895317078]
[0.1262681931257248, 0.5557616949081421, 0.3179700970649719]
[0.04240531101822853, 0.8912187218666077, 0.06637594103813171]
[0.037488505244255066, 0.40131622552871704, 0.5611953139305115]
[0.015422707423567772, 0.08872468769550323, 0.8958526253700256]
[0.0032521209213882685, 0.09379381686449051, 0.9029539823532104]
[0.003022614633664489, 0.07725529372692108, 0.9197221398353577]
[0.04983419179916382, 0.09929518401622772, 0.850870668888092]
