[0.9636031985282898, 0.03311843052506447, 0.00327840237878263]
[0.7213935852050781, 0.2536536455154419, 0.024952750653028488]
[0.127290740609169, 0.44901540875434875, 0.42369386553764343]
[0.6057673096656799, 0.3643593490123749, 0.02987329475581646]
[0.3517952263355255, 0.49312612414360046, 0.15507866442203522]
[0.01263656560331583, 0.30463141202926636, 0.6827319860458374]
[0.005585197359323502, 0.03652840480208397, 0.9578863978385925]
[0.012754026800394058, 0.13128964602947235, 0.8559563159942627]
[0.07940426468849182, 0.2059146612882614, 0.7146810293197632]
[0.005301358178257942, 0.057388972491025925, 0.937309741973877]
[0.0031129131093621254, 0.027909908443689346, 0.9689772129058838]
[0.05431792512536049, 0.36952507495880127, 0.5761570334434509]
[0.08198507130146027, 0.6060633063316345, 0.31195157766342163]
[0.2994868755340576, 0.46995654702186584, 0.23055659234523773]
[0.3306270241737366, 0.5482285022735596, 0.12114448100328445]
[0.04001682251691818, 0.30394262075424194, 0.6560405492782593]
[0.060409579426050186, 0.3301992416381836, 0.6093911528587341]
[0.0970579981803894, 0.578873872756958, 0.3240681290626526]
[0.3361203372478485, 0.49294114112854004, 0.17093856632709503]
[0.6396074891090393, 0.32292696833610535, 0.037465550005435944]
[0.21571092307567596, 0.6373333930969238, 0.1469556838274002]
[0.9063141345977783, 0.08683013170957565, 0.006855729967355728]
[0.44892922043800354, 0.514235258102417, 0.03683553263545036]
[0.006651098839938641, 0.0508950874209404, 0.9424538016319275]
[0.020302385091781616, 0.1462910920381546, 0.8334065675735474]
[0.042114757001399994, 0.3306276202201843, 0.6272577047348022]
[0.0017006894340738654, 0.016176600009202957, 0.9821227788925171]
[0.4248530864715576, 0.49756279587745667, 0.07758418470621109]
[0.03760974854230881, 0.1940794587135315, 0.7683107852935791]
[0.24483716487884521, 0.42532479763031006, 0.32983800768852234]
[0.30778563022613525, 0.4622412919998169, 0.22997303307056427]
[0.013452666811645031, 0.13431961834430695, 0.8522277474403381]
[0.23348405957221985, 0.49997198581695557, 0.26654401421546936]
[0.8228045701980591, 0.1523551046848297, 0.0248402189463377]
[0.34619471430778503, 0.33893972635269165, 0.3148656189441681]
[0.09219919145107269, 0.32205113768577576, 0.585749626159668]
[0.10055261850357056, 0.4653571546077728, 0.43409016728401184]
[0.040325235575437546, 0.17725279927253723, 0.7824219465255737]
[0.7682199478149414, 0.21657255291938782, 0.015207483433187008]
[0.016636189073324203, 0.2789933383464813, 0.7043704986572266]
[0.1058068573474884, 0.31934595108032227, 0.5748472809791565]
[0.021095508709549904, 0.24040688574314117, 0.7384976148605347]
[0.29517310857772827, 0.3584069013595581, 0.3464199900627136]
[0.44990262389183044, 0.44316139817237854, 0.106936015188694]
[0.06163107231259346, 0.7133335471153259, 0.22503533959388733]
[0.11445679515600204, 0.6033088564872742, 0.282234251499176]
[0.051330920308828354, 0.3072604537010193, 0.6414086818695068]
[0.5000166296958923, 0.4097958505153656, 0.09018752723932266]
[0.01938660815358162, 0.20388413965702057, 0.7767292261123657]
[0.0040669855661690235, 0.19535145163536072, 0.8005815744400024]
[0.49676093459129333, 0.4518400728702545, 0.05139902979135513]
[0.016749858856201172, 0.19152697920799255, 0.7917231917381287]
[0.0015513853868469596, 0.026062890887260437, 0.9723857045173645]
