[0.12743288278579712, 0.3137153089046478, 0.5588518977165222]
[0.09431054443120956, 0.2786250412464142, 0.6270644664764404]
[0.4785604774951935, 0.43240365386009216, 0.08903595805168152]
[0.20866428315639496, 0.5409136414527893, 0.25042206048965454]
[0.03704835847020149, 0.8784211874008179, 0.08453044295310974]
[0.12027765065431595, 0.48462384939193726, 0.3950985372066498]
[0.04311302676796913, 0.4601243734359741, 0.4967625141143799]
[0.04193196818232536, 0.4968547821044922, 0.4612133204936981]
[0.011244046501815319, 0.13492125272750854, 0.8538346886634827]
[0.008623567409813404, 0.05509422719478607, 0.9362821578979492]
[0.004784929566085339, 0.2964009940624237, 0.6988140940666199]
[0.054937396198511124, 0.342019647359848, 0.6030429601669312]
[0.016825634986162186, 0.1289566606283188, 0.8542176485061646]
[0.21158282458782196, 0.4988809823989868, 0.28953611850738525]
[0.009411102160811424, 0.0809900090098381, 0.9095988273620605]
[0.00728447875007987, 0.06305915117263794, 0.9296563267707825]
[0.01368776522576809, 0.06172959879040718, 0.9245826601982117]
[0.001906895311549306, 0.05279736593365669, 0.9452956914901733]
[0.1409633904695511, 0.49966126680374146, 0.35937538743019104]
[0.07469917088747025, 0.3018636703491211, 0.6234371662139893]
[0.03815639391541481, 0.44253069162368774, 0.519312858581543]
[0.015899699181318283, 0.09427960216999054, 0.8898206353187561]
[0.03289750590920448, 0.4517749547958374, 0.515327513217926]
[0.005832736846059561, 0.06141117587685585, 0.9327561259269714]
[0.010081094689667225, 0.04680507630109787, 0.9431138038635254]
[0.14343318343162537, 0.662205696105957, 0.1943611204624176]
[0.023078065365552902, 0.3025202453136444, 0.6744017004966736]
[0.01080217957496643, 0.07249600440263748, 0.9167017936706543]
[0.015800461173057556, 0.09030500799417496, 0.8938944935798645]
[0.0353395901620388, 0.11763377487659454, 0.8470266461372375]
[0.047578927129507065, 0.2016867697238922, 0.750734269618988]
[0.12915858626365662, 0.6764510273933411, 0.19439034163951874]
[0.008753862231969833, 0.08843503147363663, 0.9028110504150391]
[0.052623335272073746, 0.17405518889427185, 0.7733215093612671]
