[0.15610912442207336, 0.32130423188209534, 0.5225866436958313]
[0.29453253746032715, 0.5577076077461243, 0.14775989949703217]
[0.024577908217906952, 0.6331053376197815, 0.34231674671173096]
[0.22591716051101685, 0.5237879753112793, 0.25029486417770386]
[0.21557065844535828, 0.4535456597805023, 0.3308837115764618]
[0.3317137658596039, 0.5311979651451111, 0.13708822429180145]
[0.009923595003783703, 0.10489602386951447, 0.8851803541183472]
[0.11438197642564774, 0.3379685878753662, 0.5476495027542114]
[0.33228611946105957, 0.5214990973472595, 0.1462147831916809]
[0.10090428590774536, 0.6231635212898254, 0.2759321331977844]
[0.46865296363830566, 0.39768707752227783, 0.1336599737405777]
[0.07422654330730438, 0.632331371307373, 0.29344210028648376]
[0.2701840102672577, 0.518760621547699, 0.21105532348155975]
[0.1744045466184616, 0.48960357904434204, 0.33599185943603516]
[0.07832235842943192, 0.3673304617404938, 0.5543471574783325]
[0.39110204577445984, 0.48378369212150574, 0.12511427700519562]
[0.4714988172054291, 0.4492998421192169, 0.07920132577419281]
[0.3254314363002777, 0.4181390702724457, 0.2564294934272766]
[0.1615113914012909, 0.7361580729484558, 0.1023305356502533]
[0.010803088545799255, 0.057196326553821564, 0.9320005774497986]
[0.057744842022657394, 0.21794873476028442, 0.7243064045906067]
[0.002251694444566965, 0.04387284815311432, 0.9538754820823669]
[0.011599293909966946, 0.04455884173512459, 0.9438418745994568]
[0.0896671712398529, 0.3998960852622986, 0.5104367733001709]
[0.5082650780677795, 0.305120587348938, 0.18661430478096008]
[0.2686479091644287, 0.44237035512924194, 0.28898173570632935]
[0.17732825875282288, 0.4398229718208313, 0.38284873962402344]
[0.47997617721557617, 0.4669622480869293, 0.053061604499816895]
[0.23504747450351715, 0.6594019532203674, 0.10555051267147064]
[0.7515164017677307, 0.22439858317375183, 0.02408507466316223]
[0.5548070669174194, 0.35093173384666443, 0.09426124393939972]
[0.49898985028266907, 0.4299171268939972, 0.07109306007623672]
[0.034354329109191895, 0.21969181299209595, 0.7459538578987122]
[0.43285438418388367, 0.48101940751075745, 0.0861261859536171]
[0.17738790810108185, 0.6972266435623169, 0.12538541853427887]
[0.10937350988388062, 0.6811705827713013, 0.2094559222459793]
[0.05673959478735924, 0.18937966227531433, 0.7538807988166809]
[0.6499342322349548, 0.27757126092910767, 0.07249459624290466]
[0.9396884441375732, 0.05345229431986809, 0.0068593500182032585]
[0.4272763729095459, 0.45425868034362793, 0.11846495419740677]
[0.1063094437122345, 0.4192768633365631, 0.4744137227535248]
[0.17493577301502228, 0.5144120454788208, 0.3106521666049957]
[0.4045720398426056, 0.47091707587242126, 0.12451082468032837]
[0.02122333273291588, 0.27326691150665283, 0.7055097818374634]
[0.04188583418726921, 0.38389915227890015, 0.5742150545120239]
[0.27441951632499695, 0.4078666567802429, 0.3177138864994049]
[0.30333611369132996, 0.5493585467338562, 0.14730538427829742]
[0.052727434784173965, 0.3945050835609436, 0.5527674555778503]
[0.45407387614250183, 0.4204709231853485, 0.12545515596866608]
[0.027721334248781204, 0.4106709361076355, 0.5616076588630676]
[0.7162503004074097, 0.23053836822509766, 0.05321134999394417]
[0.04827754199504852, 0.19583149254322052, 0.7558910250663757]
[0.6720101833343506, 0.2815433144569397, 0.04644643887877464]
[0.3615402281284332, 0.30993181467056274, 0.3285279870033264]
[0.2681189775466919, 0.34176889061927795, 0.39011213183403015]
[0.10588133335113525, 0.3977111577987671, 0.4964074492454529]
[0.045068733394145966, 0.2426842898130417, 0.7122469544410706]
[0.35568249225616455, 0.5904632806777954, 0.053854260593652725]
[0.21389777958393097, 0.656286895275116, 0.12981531023979187]
[0.20583859086036682, 0.6827548146247864, 0.1114066019654274]
[0.3753465414047241, 0.3641873598098755, 0.2604660391807556]
[0.22027923166751862, 0.440798819065094, 0.3389219343662262]
[0.5578679442405701, 0.380668967962265, 0.061463095247745514]
[0.2854488492012024, 0.5001857876777649, 0.2143653929233551]
[0.1293296217918396, 0.5427063703536987, 0.32796400785446167]
[0.14884565770626068, 0.652887761592865, 0.19826656579971313]
[0.5578346848487854, 0.38686755299568176, 0.055297743529081345]
[0.16744033992290497, 0.5644276142120361, 0.2681320607662201]
[0.25341522693634033, 0.6152552962303162, 0.13132941722869873]
[0.11430830508470535, 0.7027548551559448, 0.18293681740760803]
[0.35417354106903076, 0.5513795018196106, 0.09444691240787506]
[0.38878965377807617, 0.527637779712677, 0.08357252180576324]
[0.5415829420089722, 0.4125211834907532, 0.04589582607150078]
[0.023146772757172585, 0.17378780245780945, 0.8030654191970825]
[0.16116945445537567, 0.4183579683303833, 0.42047253251075745]
[0.22075781226158142, 0.434588760137558, 0.3446533977985382]
[0.7891228795051575, 0.19185419380664825, 0.0190229844301939]
[0.35768961906433105, 0.49897465109825134, 0.1433357298374176]
[0.2610171139240265, 0.6507046222686768, 0.08827827870845795]
[0.4619199335575104, 0.48018181324005127, 0.05789828300476074]
[0.5604535341262817, 0.38949233293533325, 0.050054118037223816]
[0.5210187435150146, 0.3736281991004944, 0.10535304248332977]
[0.6842799186706543, 0.28836217522621155, 0.02735794521868229]
[0.5715761780738831, 0.370363712310791, 0.058060113340616226]
[0.4723431169986725, 0.4539453387260437, 0.07371148467063904]
[0.276782363653183, 0.6191407442092896, 0.10407691448926926]
[0.26481956243515015, 0.611388623714447, 0.12379185855388641]
[0.202073872089386, 0.6575490832328796, 0.14037711918354034]
[0.19979341328144073, 0.5606077313423157, 0.23959894478321075]
[0.40641045570373535, 0.5480181574821472, 0.04557138681411743]
[0.5826577544212341, 0.4041638672351837, 0.013178341090679169]
[0.8271355628967285, 0.1593179553747177, 0.013546468690037727]
[0.44968003034591675, 0.5032756328582764, 0.047044266015291214]
[0.25991812348365784, 0.6578142642974854, 0.08226753026247025]
[0.5370420813560486, 0.4150928258895874, 0.0478651225566864]
[0.04616329446434975, 0.3560730814933777, 0.5977635979652405]
[0.25656867027282715, 0.5366945862770081, 0.2067367434501648]
[0.08082810789346695, 0.2843031883239746, 0.6348687410354614]
[0.17432822287082672, 0.7014009952545166, 0.12427075207233429]
[0.0057116164825856686, 0.031065400689840317, 0.9632229804992676]
[0.00408825371414423, 0.04540398716926575, 0.9505077004432678]
[0.0037838188000023365, 0.12370198220014572, 0.8725141882896423]
[0.004768259357661009, 0.17351916432380676, 0.8217125535011292]
[0.006449357606470585, 0.18964187800884247, 0.8039087653160095]
[0.007258049678057432, 0.32078230381011963, 0.671959638595581]
[0.03929737210273743, 0.6097416877746582, 0.35096094012260437]
[0.10958953201770782, 0.7455288767814636, 0.14488163590431213]
[0.17995445430278778, 0.4865584373474121, 0.33348703384399414]
[0.9247674345970154, 0.0707981288433075, 0.0044343965128064156]
[0.480732262134552, 0.45982640981674194, 0.05944130942225456]
[0.4525747299194336, 0.5101380944252014, 0.03728711977601051]
[0.27140575647354126, 0.6159159541130066, 0.11267832666635513]
[0.4053306579589844, 0.5562351942062378, 0.03843412548303604]
[0.017308853566646576, 0.3768045902252197, 0.6058866381645203]
[0.13205860555171967, 0.7039574384689331, 0.163984015583992]
[0.251784086227417, 0.5687804818153381, 0.1794353723526001]
[0.29717352986335754, 0.6261250972747803, 0.07670138776302338]
[0.3293764889240265, 0.5994328856468201, 0.07119066268205643]
[0.2251841127872467, 0.5656028389930725, 0.20921307802200317]
[0.19629254937171936, 0.3755527138710022, 0.42815473675727844]
[0.03319612145423889, 0.33409252762794495, 0.6327113509178162]
[0.02414686046540737, 0.36122819781303406, 0.6146249771118164]
[0.17314712703227997, 0.6615663170814514, 0.16528655588626862]
[0.7430867552757263, 0.22722657024860382, 0.02968669682741165]
[0.16103075444698334, 0.6828686594963074, 0.1561005413532257]
[0.14431363344192505, 0.3117524981498718, 0.5439338684082031]
[0.23465394973754883, 0.5564772486686707, 0.20886875689029694]
[0.017925184220075607, 0.152264803647995, 0.8298099637031555]
[0.019942449405789375, 0.06740237772464752, 0.9126551747322083]
[0.12358937412500381, 0.5873805284500122, 0.2890300452709198]
[0.004971306771039963, 0.0266789011657238, 0.968349814414978]
[0.08438239991664886, 0.3730696737766266, 0.5425479412078857]
[0.003910843748599291, 0.02300448901951313, 0.9730846881866455]
[0.00403209263458848, 0.030217301100492477, 0.9657505750656128]
[0.010617697611451149, 0.10108055174350739, 0.8883017301559448]
[0.11836892366409302, 0.41626623272895813, 0.46536484360694885]
[0.2371349036693573, 0.529257595539093, 0.23360750079154968]
[0.14393290877342224, 0.5752665996551514, 0.28080055117607117]
[0.03071083500981331, 0.2781743109226227, 0.6911149024963379]
[0.02192630246281624, 0.297943651676178, 0.6801300048828125]
[0.013258596882224083, 0.23822945356369019, 0.7485119700431824]
[0.029222125187516212, 0.16380871832370758, 0.806969165802002]
[0.0419824980199337, 0.2154172658920288, 0.7426002025604248]
[0.046309757977724075, 0.3365287184715271, 0.6171614527702332]
[0.29146555066108704, 0.6183213591575623, 0.09021309018135071]
[0.4983733296394348, 0.44536730647087097, 0.05625930055975914]
[0.021721236407756805, 0.24285906553268433, 0.735419750213623]
[0.7292524576187134, 0.2444702684879303, 0.02627728506922722]
[0.5186769962310791, 0.4420633316040039, 0.0392596535384655]
[0.016669461503624916, 0.22626599669456482, 0.7570645213127136]
[0.1778605878353119, 0.6900194883346558, 0.13211990892887115]
[0.24039217829704285, 0.5963461399078369, 0.16326165199279785]
[0.21308259665966034, 0.6426348686218262, 0.1442825347185135]
[0.4323216378688812, 0.5280176401138306, 0.03966068848967552]
[0.008441166952252388, 0.10136133432388306, 0.8901975154876709]
[0.008383232168853283, 0.05918562412261963, 0.9324311017990112]
[0.33185601234436035, 0.6159219145774841, 0.05222213640809059]
[0.06872615963220596, 0.8100079894065857, 0.12126585841178894]
[0.01777433045208454, 0.15910883247852325, 0.8231168985366821]
[0.005943495314568281, 0.048473045229911804, 0.9455834031105042]
[0.002213100204244256, 0.1390053629875183, 0.8587815165519714]
[0.023873142898082733, 0.2461363524198532, 0.7299904823303223]
[0.08604501932859421, 0.6557841897010803, 0.2581707537174225]
[0.27694612741470337, 0.4664665460586548, 0.25658732652664185]
[0.3463660776615143, 0.5393547415733337, 0.11427920311689377]
[0.17130184173583984, 0.34166669845581055, 0.487031489610672]
[0.37445998191833496, 0.46364399790763855, 0.16189594566822052]
[0.5807570219039917, 0.38544023036956787, 0.03380279988050461]
[0.6095567941665649, 0.34852248430252075, 0.04192072153091431]
[0.5093832015991211, 0.46216273307800293, 0.028453968465328217]
[0.505659818649292, 0.4753788411617279, 0.018961261957883835]
[0.4348237216472626, 0.5171288847923279, 0.04804747924208641]
[0.14519651234149933, 0.41938480734825134, 0.4354187250137329]
[0.014080459251999855, 0.20901426672935486, 0.7769052386283875]
[0.03355787321925163, 0.46840178966522217, 0.4980403482913971]
[0.8064024448394775, 0.18004806339740753, 0.013549554161727428]
[0.11368650943040848, 0.5888428688049316, 0.29747065901756287]
[0.8671050071716309, 0.12128608673810959, 0.011608968488872051]
[0.6483362317085266, 0.32450056076049805, 0.027163174003362656]
[0.9003268480300903, 0.09030215442180634, 0.009370948188006878]
[0.5615593791007996, 0.3552877604961395, 0.08315281569957733]
[0.796423077583313, 0.17643116414546967, 0.027145756408572197]
[0.4797748029232025, 0.4562951624393463, 0.06393008679151535]
[0.2414925992488861, 0.6311385035514832, 0.12736885249614716]
[0.4101701080799103, 0.5336127281188965, 0.05621716380119324]
[0.1637982875108719, 0.6686310172080994, 0.16757069528102875]
[0.1420598179101944, 0.7605392336845398, 0.09740085154771805]
[0.03925007954239845, 0.41168442368507385, 0.5490654706954956]
[0.6715230941772461, 0.285787433385849, 0.04268946871161461]
[0.1045832633972168, 0.7537090182304382, 0.1417076736688614]
[0.14905007183551788, 0.5911228060722351, 0.2598271369934082]
[0.24024523794651031, 0.5532369017601013, 0.20651791989803314]
[0.0526757538318634, 0.5398730039596558, 0.40745121240615845]
[0.8171411156654358, 0.16428613662719727, 0.01857270672917366]
[0.9231022000312805, 0.07265444844961166, 0.00424329424276948]
[0.2534858286380768, 0.6834344863891602, 0.06307972222566605]
[0.5308364033699036, 0.41780537366867065, 0.05135815218091011]
[0.7871934175491333, 0.19165866076946259, 0.02114783599972725]
[0.4003016948699951, 0.5387798547744751, 0.060918424278497696]
[0.16993948817253113, 0.6813966035842896, 0.14866387844085693]
[0.1451817750930786, 0.4325707256793976, 0.4222474992275238]
[0.0682566687464714, 0.5582895278930664, 0.37345388531684875]
[0.28499406576156616, 0.6164171695709229, 0.098588727414608]
[0.41777724027633667, 0.49917036294937134, 0.08305246382951736]
[0.27711406350135803, 0.6333898305892944, 0.08949604630470276]
[0.48252254724502563, 0.45339226722717285, 0.06408525258302689]
[0.21748830378055573, 0.5989975929260254, 0.18351402878761292]
[0.006612063385546207, 0.11150403320789337, 0.8818838596343994]
[0.026423975825309753, 0.20075136423110962, 0.7728246450424194]
[0.7226202487945557, 0.25045183300971985, 0.026927998289465904]
[0.04699269309639931, 0.30894964933395386, 0.6440576910972595]
[0.5298553109169006, 0.38133639097213745, 0.08880823850631714]
[0.3681252598762512, 0.5471118092536926, 0.08476292341947556]
[0.06512785702943802, 0.3043694794178009, 0.6305026412010193]
[0.2543553113937378, 0.6691250801086426, 0.07651956379413605]
[0.020911071449518204, 0.5313084721565247, 0.44778046011924744]
[0.15436044335365295, 0.6546953916549683, 0.1909441351890564]
[0.4873848557472229, 0.44495445489883423, 0.06766068190336227]
[0.5491054654121399, 0.3625514507293701, 0.08834316581487656]
[0.305707186460495, 0.6048738956451416, 0.089418925344944]
[0.27212023735046387, 0.5892053246498108, 0.13867443799972534]
[0.09737231582403183, 0.4433082044124603, 0.45931944251060486]
[0.07909363508224487, 0.33652111887931824, 0.5843852162361145]
[0.64737868309021, 0.30439862608909607, 0.04822263866662979]
[0.016341956332325935, 0.23644353449344635, 0.7472144961357117]
[0.45413243770599365, 0.43353375792503357, 0.11233382672071457]
[0.1002868115901947, 0.4910885691642761, 0.40862464904785156]
[0.30998051166534424, 0.5080195665359497, 0.18199992179870605]
[0.23322796821594238, 0.6170251965522766, 0.1497468203306198]
[0.0746893584728241, 0.3462703227996826, 0.5790402889251709]
[0.01792427897453308, 0.2284139096736908, 0.7536618113517761]
[0.004119903314858675, 0.14653964340686798, 0.8493404984474182]
[0.0021816815715283155, 0.11976904422044754, 0.8780492544174194]
[0.017028754577040672, 0.21758617460727692, 0.7653850317001343]
[0.016087131574749947, 0.2500365376472473, 0.7338762879371643]
[0.07193876057863235, 0.32337915897369385, 0.6046820878982544]
[0.5342524647712708, 0.4179874658584595, 0.04776008054614067]
[0.004544563591480255, 0.012086858041584492, 0.9833685755729675]
[0.4413399398326874, 0.45994845032691956, 0.09871166199445724]
[0.2716342508792877, 0.3570072650909424, 0.3713584542274475]
[0.24523183703422546, 0.48143619298934937, 0.273331880569458]
[0.49301785230636597, 0.45381709933280945, 0.05316511169075966]
[0.1411052793264389, 0.8073728680610657, 0.0515219010412693]
[0.15467774868011475, 0.6796985864639282, 0.16562367975711823]
[0.366299569606781, 0.5368756651878357, 0.09682472795248032]
[0.05207451805472374, 0.7015478610992432, 0.2463776022195816]
[0.05082002654671669, 0.37908175587654114, 0.5700982213020325]
[0.3746541142463684, 0.5579671859741211, 0.06737872958183289]
[0.05383244901895523, 0.256326287984848, 0.6898412704467773]
[0.9324861168861389, 0.06281084567308426, 0.004702954553067684]
[0.07231038063764572, 0.5490320920944214, 0.3786575496196747]
[0.023826641961932182, 0.7057420015335083, 0.2704313397407532]
[0.8551883101463318, 0.1369403600692749, 0.007871334441006184]
[0.39240437746047974, 0.5274867415428162, 0.08010895550251007]
[0.4625868797302246, 0.40426528453826904, 0.13314777612686157]
[0.4049083888530731, 0.4737740755081177, 0.12131749838590622]
[0.6626866459846497, 0.2902703583240509, 0.047042980790138245]
[0.004729241132736206, 0.061987075954675674, 0.9332837462425232]
[0.793947160243988, 0.18705807626247406, 0.018994757905602455]
[0.05624188110232353, 0.3821555972099304, 0.5616025328636169]
[0.0071790460497140884, 0.08081189543008804, 0.912009060382843]
[0.25164127349853516, 0.5801057815551758, 0.16825291514396667]
[0.03427763655781746, 0.5801898241043091, 0.3855326473712921]
[0.004077460151165724, 0.08828165382146835, 0.9076409339904785]
[0.005691797472536564, 0.05099114030599594, 0.9433170557022095]
[0.1614236831665039, 0.3890152871608734, 0.4495609998703003]
[0.5875242948532104, 0.3782651424407959, 0.03421059250831604]
[0.233786940574646, 0.622887909412384, 0.1433250904083252]
[0.060706641525030136, 0.27497613430023193, 0.6643171906471252]
[0.06464206427335739, 0.29764533042907715, 0.6377125978469849]
[0.45824745297431946, 0.3827223777770996, 0.15903019905090332]
[0.18084998428821564, 0.6649660468101501, 0.15418395400047302]
[0.6229172348976135, 0.3549591302871704, 0.022123705595731735]
[0.6659932732582092, 0.31548821926116943, 0.018518535420298576]
[0.12964479625225067, 0.6144528388977051, 0.25590237975120544]
[0.5072681307792664, 0.42302387952804565, 0.06970798969268799]
[0.3578822612762451, 0.6104640960693359, 0.03165363892912865]
[0.4585653245449066, 0.5170946717262268, 0.02434001863002777]
[0.6607984900474548, 0.32602211833000183, 0.013179399073123932]
[0.8043873906135559, 0.1795463114976883, 0.016066288575530052]
[0.11519434303045273, 0.2569216191768646, 0.6278840899467468]
[0.5907918214797974, 0.3442479372024536, 0.06496022641658783]
[0.12994970381259918, 0.5920695662498474, 0.2779807150363922]
[0.23699887096881866, 0.6506759524345398, 0.11232512444257736]
[0.08222268521785736, 0.8316675424575806, 0.08610977232456207]
[0.0070445844903588295, 0.18970628082752228, 0.803249180316925]
[0.4361301362514496, 0.4916072487831116, 0.07226269692182541]
[0.24963916838169098, 0.5062954425811768, 0.24406534433364868]
[0.01704264245927334, 0.2401169389486313, 0.7428404092788696]
[0.8520628213882446, 0.13124728202819824, 0.016689863055944443]
[0.8574973940849304, 0.13210001587867737, 0.010402628220617771]
[0.1729181706905365, 0.42796531319618225, 0.39911651611328125]
[0.22102397680282593, 0.4173968434333801, 0.36157917976379395]
[0.022322257980704308, 0.41324582695961, 0.5644319653511047]
[0.22781069576740265, 0.6208686232566833, 0.1513206660747528]
[0.3087134063243866, 0.47295767068862915, 0.21832893788814545]
[0.20648804306983948, 0.6649710536003113, 0.12854091823101044]
[0.37319856882095337, 0.5103632211685181, 0.11643815040588379]
[0.7828487753868103, 0.20407186448574066, 0.013079352676868439]
[0.08895795792341232, 0.533951461315155, 0.37709060311317444]
[0.04928150773048401, 0.2752207815647125, 0.6754977107048035]
[0.40027543902397156, 0.5127615332603455, 0.08696299046278]
[0.16411997377872467, 0.6300985217094421, 0.2057815045118332]
[0.170924112200737, 0.4935142993927002, 0.33556151390075684]
[0.0060348729602992535, 0.05459829792380333, 0.93936687707901]
[0.3898162245750427, 0.41458800435066223, 0.19559569656848907]
[0.6317332983016968, 0.3254142999649048, 0.04285247623920441]
[0.260120153427124, 0.5935376882553101, 0.1463422030210495]
[0.4922299385070801, 0.44344624876976013, 0.06432387232780457]
[0.8252670168876648, 0.16244567930698395, 0.012287321500480175]
[0.9066374897956848, 0.08705402910709381, 0.006308498792350292]
[0.6725318431854248, 0.2734067738056183, 0.05406133085489273]
[0.1289449781179428, 0.42071136832237244, 0.45034369826316833]
[0.37802252173423767, 0.42272382974624634, 0.19925367832183838]
[0.005870438646525145, 0.04668423905968666, 0.9474453330039978]
[0.011959216557443142, 0.07207072526216507, 0.9159700870513916]
[0.41223886609077454, 0.49163132905960083, 0.09612979739904404]
[0.04940180853009224, 0.44644811749458313, 0.5041500329971313]
[0.6840632557868958, 0.2930111885070801, 0.02292563021183014]
[0.5719782114028931, 0.3698551058769226, 0.058166660368442535]
[0.8988363742828369, 0.09241089969873428, 0.008752713911235332]
[0.882240355014801, 0.11260408163070679, 0.005155449267476797]
[0.889512300491333, 0.10406985133886337, 0.006417807657271624]
[0.04411865398287773, 0.6857928037643433, 0.2700884938240051]
[0.09681233018636703, 0.3638436496257782, 0.539344072341919]
[0.1676817685365677, 0.7185086607933044, 0.11380956321954727]
[0.1036713644862175, 0.6756783723831177, 0.22065027058124542]
[0.2873166501522064, 0.47827643156051636, 0.23440688848495483]
[0.6741594672203064, 0.2929927110671997, 0.032847821712493896]
[0.8311690092086792, 0.15765176713466644, 0.011179247871041298]
[0.5132762789726257, 0.4233037829399109, 0.06341991573572159]
[0.08469229936599731, 0.40589019656181335, 0.5094175338745117]
[0.7933838963508606, 0.1815132051706314, 0.025102930143475533]
[0.04543650522828102, 0.22782132029533386, 0.7267422080039978]
[0.9387946724891663, 0.05548875778913498, 0.005716657266020775]
[0.022412888705730438, 0.2430630475282669, 0.7345240712165833]
[0.006442466285079718, 0.0362803190946579, 0.957277238368988]
[0.2988505959510803, 0.5384237170219421, 0.16272568702697754]
[0.11838287115097046, 0.7033030390739441, 0.17831413447856903]
[0.5707657933235168, 0.3769758641719818, 0.05225834250450134]
[0.32928022742271423, 0.5589165091514587, 0.11180326342582703]
[0.4219878613948822, 0.5209871530532837, 0.05702498182654381]
[0.04010707885026932, 0.23990778625011444, 0.7199851274490356]
[0.12714247405529022, 0.296211302280426, 0.5766462087631226]
[0.7910614013671875, 0.1857459545135498, 0.02319272980093956]
[0.17110103368759155, 0.4442642033100128, 0.384634792804718]
[0.010369771160185337, 0.13284707069396973, 0.8567831516265869]
[0.3690071403980255, 0.49045294523239136, 0.14053986966609955]
[0.18511667847633362, 0.6379467248916626, 0.17693650722503662]
[0.13416649401187897, 0.5921421647071838, 0.2736912965774536]
[0.0774073526263237, 0.3921606242656708, 0.5304320454597473]
[0.7056316137313843, 0.2678444981575012, 0.026523906737565994]
[0.30757999420166016, 0.4666280150413513, 0.2257920205593109]
[0.4621153473854065, 0.46030640602111816, 0.07757822424173355]
[0.3808184862136841, 0.5729575753211975, 0.046223945915699005]
[0.21293196082115173, 0.5818424224853516, 0.2052256017923355]
[0.4627673625946045, 0.436834454536438, 0.10039812326431274]
[0.6384942531585693, 0.33387383818626404, 0.027631789445877075]
[0.3133329451084137, 0.5846593379974365, 0.10200774669647217]
[0.8432911038398743, 0.14669814705848694, 0.010010738857090473]
[0.6622910499572754, 0.27660584449768066, 0.06110310181975365]
[0.6879879832267761, 0.26994267106056213, 0.04206925630569458]
[0.007356044836342335, 0.3420211374759674, 0.6506227254867554]
[0.010733929462730885, 0.0705750435590744, 0.9186909794807434]
[0.6888417601585388, 0.25064411759376526, 0.060514193028211594]
[0.5596955418586731, 0.3885858654975891, 0.051718570291996]
[0.012913135811686516, 0.8615607023239136, 0.12552616000175476]
[0.05994102731347084, 0.38167688250541687, 0.5583820939064026]
[0.0035430705174803734, 0.04462314397096634, 0.9518337845802307]
[0.06935925781726837, 0.7906932830810547, 0.13994747400283813]
[0.021958639845252037, 0.34767067432403564, 0.6303707361221313]
[0.0016170559683814645, 0.021679937839508057, 0.9767029881477356]
[0.005281051155179739, 0.027892660349607468, 0.9668262600898743]
[0.0419587716460228, 0.4232550859451294, 0.5347861051559448]
[0.0030295527540147305, 0.03280729800462723, 0.9641631245613098]
[0.1316845566034317, 0.5240958333015442, 0.34421950578689575]
[0.24279113113880157, 0.6554890871047974, 0.10171982645988464]
