[0.0031628278084099293, 0.016160400584340096, 0.9806767702102661]
[0.047397684305906296, 0.26659685373306274, 0.6860054731369019]
[0.0064637307077646255, 0.362362802028656, 0.6311735510826111]
[0.014825878664851189, 0.6035854816436768, 0.3815886378288269]
[0.1081637367606163, 0.6029362082481384, 0.28890010714530945]
[0.041108839213848114, 0.35168713331222534, 0.607204020023346]
[0.19892951846122742, 0.48096761107444763, 0.3201029300689697]
[0.009923616424202919, 0.2070302516222, 0.7830461263656616]
[0.3111473023891449, 0.48370423913002014, 0.20514841377735138]
[0.47850531339645386, 0.4282001554965973, 0.09329448640346527]
[0.2327490895986557, 0.48309919238090515, 0.2841516435146332]
[0.1944621354341507, 0.46114543080329895, 0.344392329454422]
[0.12564578652381897, 0.42938560247421265, 0.444968581199646]
[0.16656017303466797, 0.6701346635818481, 0.16330508887767792]
[0.3706131875514984, 0.5607107281684875, 0.06867600232362747]
[0.12372222542762756, 0.32991835474967957, 0.5463594198226929]
[0.3551369309425354, 0.592922568321228, 0.05194048956036568]
[0.019338926300406456, 0.5073909759521484, 0.47327011823654175]
[0.11223684251308441, 0.17923776805400848, 0.7085254192352295]
[0.01313245389610529, 0.033848024904727936, 0.9530194997787476]
[0.1403382420539856, 0.39162400364875793, 0.46803781390190125]
[0.22997231781482697, 0.5287522673606873, 0.24127548933029175]
[0.1232350692152977, 0.35226455330848694, 0.5245004296302795]
[0.42213258147239685, 0.5006048083305359, 0.07726266980171204]
[0.13921494781970978, 0.5402140617370605, 0.32057103514671326]
[0.011143902316689491, 0.11477815359830856, 0.8740779161453247]
