[0.1550164371728897, 0.3587591052055359, 0.48622453212738037]
[0.08483313024044037, 0.18731699883937836, 0.7278498411178589]
[0.21843880414962769, 0.4586072862148285, 0.3229539394378662]
[0.0032967699225991964, 0.03550208359956741, 0.9612011313438416]
[0.025038449093699455, 0.2842620313167572, 0.6906994581222534]
[0.17677821218967438, 0.49382516741752625, 0.3293965756893158]
[0.027631230652332306, 0.3426170349121094, 0.6297517418861389]
[0.3993159234523773, 0.5366316437721252, 0.06405237317085266]
[0.004019648302346468, 0.0707257017493248, 0.9252547025680542]
[0.0027154572308063507, 0.03194456547498703, 0.9653398990631104]
[0.025762129575014114, 0.09322352707386017, 0.881014347076416]
[0.09379035234451294, 0.3448069989681244, 0.5614026784896851]
[0.0072097559459507465, 0.05484805628657341, 0.9379422068595886]
[0.02271345630288124, 0.17808640003204346, 0.799200177192688]
[0.03748232498764992, 0.12369316071271896, 0.8388245701789856]
[0.5235098600387573, 0.41946926712989807, 0.05702093988656998]
[0.0021009035408496857, 0.02142701856791973, 0.9764720797538757]
[0.003265055827796459, 0.0359625518321991, 0.9607723355293274]
[0.06576447188854218, 0.23458218574523926, 0.6996533870697021]
[0.0031890547834336758, 0.03596744313836098, 0.960843563079834]
[0.004172589164227247, 0.056790657341480255, 0.9390367865562439]
[0.00965066347271204, 0.14713874459266663, 0.8432105779647827]
[0.004554243292659521, 0.05921828746795654, 0.9362274408340454]
[0.1367056667804718, 0.33311891555786133, 0.5301753878593445]
[0.011839819140732288, 0.07389656454324722, 0.9142636060714722]
[0.00678580068051815, 0.07300913333892822, 0.9202051162719727]
[0.019620364531874657, 0.22202274203300476, 0.7583568692207336]
[0.11286208778619766, 0.4645611047744751, 0.42257681488990784]
[0.024814637377858162, 0.2424132376909256, 0.7327721118927002]
[0.09350444376468658, 0.4720274806022644, 0.4344680607318878]
[0.1269490122795105, 0.3338242769241333, 0.5392266511917114]
[0.004345887340605259, 0.824441134929657, 0.17121295630931854]
