[0.15278971195220947, 0.514970064163208, 0.3322402834892273]
[0.06648438423871994, 0.595123291015625, 0.3383922874927521]
[0.006663834676146507, 0.05266303941607475, 0.9406731724739075]
[0.09754641354084015, 0.496472030878067, 0.40598157048225403]
[0.05122511461377144, 0.6454289555549622, 0.3033459782600403]
[0.06363515555858612, 0.5332763195037842, 0.4030885398387909]
[0.8171412944793701, 0.16858932375907898, 0.014269419014453888]
[0.08327502012252808, 0.5316409468650818, 0.38508403301239014]
[0.010238740593194962, 0.22926564514636993, 0.7604956030845642]
[0.006428736727684736, 0.22551867365837097, 0.7680525779724121]
[0.5416675209999084, 0.41720226407051086, 0.04113023728132248]
[0.553042471408844, 0.3901183605194092, 0.056839097291231155]
[0.1083223968744278, 0.47412481904029846, 0.41755276918411255]
[0.0698627382516861, 0.374604195356369, 0.5555330514907837]
[0.17863628268241882, 0.6338951587677002, 0.18746855854988098]
[0.0391157865524292, 0.33717775344848633, 0.6237064003944397]
[0.22460412979125977, 0.6704091429710388, 0.10498668253421783]
[0.026196852326393127, 0.614561140537262, 0.3592420220375061]
[0.019300684332847595, 0.25215214490890503, 0.7285471558570862]
[0.4208800494670868, 0.48513734340667725, 0.09398257732391357]
[0.4547799825668335, 0.48009490966796875, 0.06512507796287537]
[0.06620804220438004, 0.483747661113739, 0.4500443935394287]
[0.32309749722480774, 0.6104913353919983, 0.06641112267971039]
[0.053968172520399094, 0.47838330268859863, 0.467648446559906]
[0.14855046570301056, 0.8045925498008728, 0.04685689136385918]
