[0.039919111877679825, 0.18731838464736938, 0.7727625370025635]
[0.006342725828289986, 0.03282466530799866, 0.9608326554298401]
[0.008552015759050846, 0.07254637777805328, 0.9189016222953796]
[0.22052635252475739, 0.46958962082862854, 0.30988413095474243]
[0.23357655107975006, 0.6494279503822327, 0.11699558049440384]
[0.47098270058631897, 0.3945643901824951, 0.13445284962654114]
[0.012394479475915432, 0.2985690236091614, 0.68903648853302]
[0.7670881748199463, 0.20238567888736725, 0.030526157468557358]
[0.28646546602249146, 0.4529045820236206, 0.2606299817562103]
[0.20967048406600952, 0.4871772825717926, 0.30315232276916504]
[0.0025974195450544357, 0.07872534543275833, 0.9186772108078003]
[0.009610675275325775, 0.07051137834787369, 0.9198779463768005]
[0.05623941496014595, 0.3080097436904907, 0.6357508897781372]
[0.06620338559150696, 0.57285475730896, 0.36094191670417786]
[0.21633872389793396, 0.5740043520927429, 0.20965693891048431]
[0.2446141391992569, 0.6485965847969055, 0.1067892462015152]
[0.4422696828842163, 0.4747442901134491, 0.08298609405755997]
[0.11477841436862946, 0.44638872146606445, 0.43883293867111206]
[0.8520890474319458, 0.13045480847358704, 0.017456108704209328]
[0.6892309784889221, 0.2661465108394623, 0.04462259262800217]
[0.010234292596578598, 0.08823351562023163, 0.9015321731567383]
[0.08092337101697922, 0.6652888059616089, 0.2537877559661865]
[0.0022073325235396624, 0.04245723411440849, 0.9553353786468506]
[0.37217599153518677, 0.38365572690963745, 0.24416828155517578]
[0.0031142854131758213, 0.04496121406555176, 0.9519245028495789]
[0.0019151564920321107, 0.015440041199326515, 0.9826448559761047]
[0.003680621273815632, 0.21757012605667114, 0.7787492871284485]
[0.6818822026252747, 0.307228147983551, 0.010889704339206219]
[0.03546547517180443, 0.2899719774723053, 0.6745625138282776]
[0.025237038731575012, 0.3303265869617462, 0.6444364190101624]
[0.01201574131846428, 0.11238618940114975, 0.8755980730056763]
[0.7692312002182007, 0.21068167686462402, 0.020087119191884995]
[0.41064947843551636, 0.3791758120059967, 0.21017472445964813]
[0.04744730144739151, 0.6891757249832153, 0.26337701082229614]
[0.5448903441429138, 0.4244791567325592, 0.030630487948656082]
[0.044519029557704926, 0.8215118050575256, 0.13396915793418884]
[0.007710054516792297, 0.1445259153842926, 0.8477640151977539]
[0.0036995133850723505, 0.05831120163202286, 0.9379892945289612]
[0.05050965026021004, 0.5699334144592285, 0.3795570135116577]
