[0.1450471132993698, 0.5343095064163208, 0.3206433653831482]
[0.007515676785260439, 0.11162194609642029, 0.8808623552322388]
[0.505595862865448, 0.4413985013961792, 0.05300567299127579]
[0.021391132846474648, 0.4808705449104309, 0.4977383315563202]
[0.7715727090835571, 0.2170485109090805, 0.011378749273717403]
[0.0565030574798584, 0.40799885988235474, 0.5354980826377869]
[0.03543614223599434, 0.529236376285553, 0.4353275001049042]
[0.033243995159864426, 0.4422466456890106, 0.5245094299316406]
[0.2668079435825348, 0.5276989340782166, 0.20549315214157104]
[0.0136489849537611, 0.12992234528064728, 0.8564286231994629]
[0.41135916113853455, 0.4346388578414917, 0.15400202572345734]
[0.09875279664993286, 0.5546764135360718, 0.3465707004070282]
[0.0032315091229975224, 0.06813120096921921, 0.9286372661590576]
[0.6803919076919556, 0.26510366797447205, 0.05450443550944328]
[0.32155171036720276, 0.4953027069568634, 0.18314561247825623]
[0.08274431526660919, 0.3686637878417969, 0.5485919117927551]
[0.008960491046309471, 0.25195226073265076, 0.7390872836112976]
[0.0022559768985956907, 0.049836233258247375, 0.9479078054428101]
[0.022284723818302155, 0.19899873435497284, 0.7787165641784668]
[0.00264685763977468, 0.04901299998164177, 0.948340117931366]
[0.3655937612056732, 0.49463990330696106, 0.13976632058620453]
[0.7004227638244629, 0.27563419938087463, 0.023943079635500908]
[0.05515063926577568, 0.3273824155330658, 0.617466926574707]
[0.005460360087454319, 0.07358776777982712, 0.9209518432617188]
[0.004470430314540863, 0.2931048572063446, 0.7024247050285339]
