[0.03676152229309082, 0.2457008808851242, 0.7175375819206238]
[0.0020052886102348566, 0.05180251970887184, 0.94619220495224]
[0.01677694544196129, 0.14893408119678497, 0.8342889547348022]
[0.020383421331644058, 0.22152282297611237, 0.7580937147140503]
[0.02503543719649315, 0.4077916443347931, 0.5671728849411011]
[0.3746354281902313, 0.4898339509963989, 0.13553068041801453]
[0.010822553187608719, 0.08840297162532806, 0.9007744789123535]
[0.17165952920913696, 0.33200734853744507, 0.4963330924510956]
[0.4244578182697296, 0.41643500328063965, 0.1591072380542755]
[0.24402640759944916, 0.4844669997692108, 0.2715066969394684]
[0.06792004406452179, 0.4151482582092285, 0.5169316530227661]
[0.07845472544431686, 0.3116311728954315, 0.6099141240119934]
[0.2545302212238312, 0.4935022294521332, 0.2519676089286804]
[0.07976555079221725, 0.5102002024650574, 0.4100342094898224]
[0.002155191730707884, 0.029542993754148483, 0.9683018326759338]
[0.016441449522972107, 0.13677410781383514, 0.8467844128608704]
[0.016433918848633766, 0.16419921815395355, 0.8193668127059937]
[0.03615785017609596, 0.17575912177562714, 0.788083016872406]
[0.049826595932245255, 0.273992657661438, 0.6761807799339294]
[0.08180367201566696, 0.5433012247085571, 0.3748950958251953]
[0.32832324504852295, 0.49520158767700195, 0.17647521197795868]
[0.021969113498926163, 0.2632759213447571, 0.7147549390792847]
[0.7089558839797974, 0.24630211293697357, 0.04474195837974548]
[0.04736679047346115, 0.1592937856912613, 0.7933394312858582]
[0.02525494620203972, 0.21035625040531158, 0.7643888592720032]
[0.03614238277077675, 0.2638864517211914, 0.6999711990356445]
[0.006044577807188034, 0.13442480564117432, 0.8595306277275085]
[0.08513087779283524, 0.471589058637619, 0.44328007102012634]
[0.07077381014823914, 0.33419251441955566, 0.5950336456298828]
[0.4670281410217285, 0.45987868309020996, 0.07309319078922272]
[0.39408212900161743, 0.5479850769042969, 0.0579327791929245]
[0.017431125044822693, 0.40396687388420105, 0.5786020159721375]
[0.02962852455675602, 0.22547289729118347, 0.7448985576629639]
[0.44782236218452454, 0.5045168399810791, 0.04766080901026726]
[0.05491272732615471, 0.45861339569091797, 0.48647382855415344]
[0.6469482183456421, 0.3106933832168579, 0.0423584021627903]
[0.0284833125770092, 0.24304209649562836, 0.7284746170043945]
[0.17409932613372803, 0.619078516960144, 0.2068222016096115]
[0.0019493259023874998, 0.1495462954044342, 0.848504364490509]
[0.001673173508606851, 0.01611587032675743, 0.9822109341621399]
