[0.19620302319526672, 0.3567691147327423, 0.4470278322696686]
[0.22562257945537567, 0.4532893896102905, 0.3210879862308502]
[0.0060041919350624084, 0.34218043088912964, 0.6518154144287109]
[0.23013082146644592, 0.5435988306999207, 0.2262703776359558]
[0.44720444083213806, 0.45840421319007874, 0.09439141303300858]
[0.00531663978472352, 0.05086486041545868, 0.9438185095787048]
[0.7210341691970825, 0.24384357035160065, 0.03512225300073624]
[0.5505579113960266, 0.37533923983573914, 0.07410285621881485]
[0.052530284970998764, 0.5426005721092224, 0.40486910939216614]
[0.01224866695702076, 0.09199512004852295, 0.895756185054779]
[0.04213482514023781, 0.23120282590389252, 0.7266623973846436]
[0.10533375293016434, 0.7292413711547852, 0.1654248982667923]
[0.004838266875594854, 0.18299128115177155, 0.8121704459190369]
[0.20459860563278198, 0.6829585433006287, 0.11244291067123413]
[0.03954269737005234, 0.44979211688041687, 0.5106651782989502]
[0.006425549276173115, 0.0717281699180603, 0.921846330165863]
[0.1850009709596634, 0.39824455976486206, 0.41675451397895813]
[0.013389872387051582, 0.22102802991867065, 0.7655820846557617]
[0.004333070944994688, 0.01577211357653141, 0.9798948168754578]
[0.02400393970310688, 0.16522616147994995, 0.8107699155807495]
[0.007399852853268385, 0.22648005187511444, 0.7661200761795044]
[0.002625945955514908, 0.02986542135477066, 0.9675086736679077]
[0.006746306549757719, 0.08953075855970383, 0.9037230014801025]
[0.050680749118328094, 0.1987958550453186, 0.7505234479904175]
[0.002948509994894266, 0.028331317007541656, 0.9687201380729675]
[0.014626780524849892, 0.3131387531757355, 0.6722344756126404]
[0.1975814402103424, 0.6784176826477051, 0.1240008994936943]
[0.0014565560268238187, 0.011425272561609745, 0.987118124961853]
[0.016171207651495934, 0.05808935686945915, 0.9257394075393677]
[0.012215357273817062, 0.06695615500211716, 0.9208285212516785]
[0.027529073879122734, 0.21721172332763672, 0.7552592158317566]
[0.017824115231633186, 0.13457955420017242, 0.847596287727356]
[0.0015337717486545444, 0.006651855073869228, 0.9918143153190613]
[0.00201233453117311, 0.00857221893966198, 0.9894154071807861]
