[0.10163411498069763, 0.5363211035728455, 0.3620447516441345]
[0.009290579706430435, 0.047692883759737015, 0.943016529083252]
[0.031392406672239304, 0.1395341455936432, 0.829073429107666]
[0.0066448054276406765, 0.1178436279296875, 0.8755115270614624]
[0.03070259653031826, 0.45250919461250305, 0.5167881846427917]
[0.22268670797348022, 0.44931498169898987, 0.3279982805252075]
[0.1676592230796814, 0.5760716795921326, 0.2562691569328308]
[0.18570734560489655, 0.5729650855064392, 0.24132756888866425]
[0.33616185188293457, 0.3250006139278412, 0.33883750438690186]
[0.08036971092224121, 0.4633118808269501, 0.4563184678554535]
[0.6812171339988708, 0.275886595249176, 0.042896293103694916]
[0.08192160725593567, 0.6808332800865173, 0.23724503815174103]
[0.21992246806621552, 0.2856470048427582, 0.4944305121898651]
[0.10087589919567108, 0.35534313321113586, 0.5437809228897095]
[0.06914861500263214, 0.5019914507865906, 0.42886000871658325]
[0.26489007472991943, 0.41266459226608276, 0.3224453628063202]
[0.2315991371870041, 0.6659568548202515, 0.10244391858577728]
[0.031890906393527985, 0.518760621547699, 0.44934847950935364]
[0.03860953822731972, 0.3493286967277527, 0.6120617389678955]
[0.082044318318367, 0.4191950261592865, 0.4987606704235077]
[0.5631653666496277, 0.4032054543495178, 0.03362913429737091]
[0.03370557352900505, 0.2905657887458801, 0.6757286787033081]
[0.044246427714824677, 0.22167056798934937, 0.7340829968452454]
[0.08419753611087799, 0.47765055298805237, 0.43815192580223083]
[0.07057476788759232, 0.323214054107666, 0.6062111258506775]
[0.35050201416015625, 0.5500761866569519, 0.09942171722650528]
[0.7189271450042725, 0.23675402998924255, 0.04431881383061409]
[0.061627812683582306, 0.2952527403831482, 0.6431194543838501]
[0.28799355030059814, 0.47751912474632263, 0.2344873696565628]
[0.1769457310438156, 0.6625392436981201, 0.16051506996154785]
[0.021687259897589684, 0.278389573097229, 0.6999230980873108]
[0.21591953933238983, 0.391926646232605, 0.3921538293361664]
[0.8126552700996399, 0.1665867120027542, 0.02075805328786373]
[0.02804083190858364, 0.09957195818424225, 0.872387170791626]
[0.12576819956302643, 0.33851301670074463, 0.5357187390327454]
[0.10760466754436493, 0.43743839859962463, 0.45495688915252686]
[0.01036457996815443, 0.058557573705911636, 0.9310778379440308]
[0.01055971160531044, 0.04662969708442688, 0.942810595035553]
[0.0035864869132637978, 0.0465669259428978, 0.9498465657234192]
[0.0028768377378582954, 0.06209230422973633, 0.9350308775901794]
[0.046464838087558746, 0.199350968003273, 0.7541841864585876]
