[0.1283026933670044, 0.4367731809616089, 0.4349241256713867]
[0.07982012629508972, 0.6510453224182129, 0.2691345810890198]
[0.006922401487827301, 0.20683398842811584, 0.7862436175346375]
[0.003280389355495572, 0.08321882039308548, 0.9135007262229919]
[0.07876897603273392, 0.437608927488327, 0.48362210392951965]
[0.1328778862953186, 0.4956928491592407, 0.3714292049407959]
[0.08773074299097061, 0.8043768405914307, 0.10789243131875992]
[0.7959797978401184, 0.1664586216211319, 0.03756153956055641]
[0.4296134114265442, 0.46592941880226135, 0.10445711761713028]
[0.4944053888320923, 0.40321460366249084, 0.10237998515367508]
[0.3787272572517395, 0.4586189389228821, 0.16265377402305603]
[0.4416271448135376, 0.4261944591999054, 0.13217836618423462]
[0.18749280273914337, 0.6474724411964417, 0.1650346964597702]
[0.1295175701379776, 0.46995267271995544, 0.4005298316478729]
[0.008321442641317844, 0.08874757587909698, 0.9029309749603271]
[0.014379032887518406, 0.5370908379554749, 0.4485301673412323]
[0.17459474503993988, 0.3174920082092285, 0.5079131722450256]
[0.24132990837097168, 0.5072094798088074, 0.25146058201789856]
[0.6754624843597412, 0.29493021965026855, 0.029607227072119713]
[0.17257218062877655, 0.5616010427474976, 0.2658268213272095]
[0.17058855295181274, 0.4880666732788086, 0.3413447439670563]
[0.0015080275479704142, 0.03840840235352516, 0.960083544254303]
[0.07357189804315567, 0.2749798893928528, 0.6514482498168945]
