[0.039643868803977966, 0.17292124032974243, 0.7874349355697632]
[0.023561634123325348, 0.16384728252887726, 0.8125911355018616]
[0.059013061225414276, 0.36969998478889465, 0.5712869167327881]
[0.6679978370666504, 0.28414350748062134, 0.047858674079179764]
[0.04077860713005066, 0.40401187539100647, 0.5552095174789429]
[0.20422671735286713, 0.462077260017395, 0.3336959779262543]
[0.3421601951122284, 0.5086432099342346, 0.14919665455818176]
[0.04932577162981033, 0.5056772828102112, 0.4449969530105591]
[0.018821990117430687, 0.24700503051280975, 0.7341729402542114]
[0.3876830041408539, 0.4422765076160431, 0.17004044353961945]
[0.22663667798042297, 0.6453887224197388, 0.12797459959983826]
[0.013092109002172947, 0.11207681894302368, 0.8748310804367065]
[0.4900147020816803, 0.42817822098731995, 0.08180701732635498]
[0.17601364850997925, 0.3610351085662842, 0.4629512429237366]
[0.03371893987059593, 0.16271625459194183, 0.8035647869110107]
[0.0999092385172844, 0.4944705665111542, 0.4056202471256256]
[0.1407286524772644, 0.5145585536956787, 0.3447127342224121]
[0.5617872476577759, 0.3287419378757477, 0.10947086662054062]
[0.029035726562142372, 0.1422457993030548, 0.8287184238433838]
[0.009509298019111156, 0.06142081692814827, 0.9290698766708374]
[0.23025229573249817, 0.37011003494262695, 0.3996376693248749]
[0.02079254388809204, 0.17275495827198029, 0.8064525127410889]
[0.006164892110973597, 0.2536987066268921, 0.7401363849639893]
[0.014101894572377205, 0.4748395085334778, 0.5110586285591125]
