[0.17111338675022125, 0.5046629905700684, 0.32422369718551636]
[0.7871928215026855, 0.1748475283384323, 0.03795956075191498]
[0.03140540048480034, 0.23518164455890656, 0.7334129810333252]
[0.43071746826171875, 0.3957587778568268, 0.1735237091779709]
[0.40817195177078247, 0.5177053213119507, 0.07412274926900864]
[0.5963453054428101, 0.3630776107311249, 0.040577083826065063]
[0.41054555773735046, 0.4988320469856262, 0.0906224399805069]
[0.25662997364997864, 0.6565874218940735, 0.08678260445594788]
[0.24355649948120117, 0.5220195651054382, 0.2344239205121994]
[0.327537477016449, 0.3618924915790558, 0.31057003140449524]
[0.329489141702652, 0.4936473071575165, 0.17686359584331512]
[0.16172774136066437, 0.4814934730529785, 0.3567788004875183]
[0.7768218517303467, 0.20113562047481537, 0.022042546421289444]
[0.551895260810852, 0.4201662540435791, 0.02793845161795616]
[0.12016415596008301, 0.604405403137207, 0.27543047070503235]
[0.7082194685935974, 0.2633592188358307, 0.02842135727405548]
[0.3039303123950958, 0.5978423357009888, 0.0982273668050766]
[0.3555780351161957, 0.559292197227478, 0.0851297378540039]
[0.4489399492740631, 0.4305979609489441, 0.1204620823264122]
[0.06095290556550026, 0.7480694055557251, 0.19097764790058136]
[0.17315778136253357, 0.6677507162094116, 0.15909145772457123]
[0.4924105107784271, 0.4587060213088989, 0.04888348653912544]
[0.12704531848430634, 0.7157617211341858, 0.1571929156780243]
[0.017744163051247597, 0.32989194989204407, 0.6523638367652893]
[0.5608444213867188, 0.3886190950870514, 0.05053650587797165]
[0.2546665072441101, 0.5668876767158508, 0.17844578623771667]
[0.45537659525871277, 0.41307878494262695, 0.1315445601940155]
[0.8371902108192444, 0.15113796293735504, 0.011671843007206917]
[0.5326244831085205, 0.41754767298698425, 0.04982783645391464]
[0.22089801728725433, 0.44978803396224976, 0.3293139338493347]
[0.06599258631467819, 0.6204381585121155, 0.31356921792030334]
[0.061590999364852905, 0.1897238790988922, 0.7486851215362549]
[0.028332561254501343, 0.5235764384269714, 0.44809097051620483]
[0.5633729696273804, 0.3303000032901764, 0.10632705688476562]
[0.038629066199064255, 0.25802427530288696, 0.7033467292785645]
[0.21789923310279846, 0.6535327434539795, 0.12856805324554443]
[0.26122963428497314, 0.608085572719574, 0.1306847780942917]
[0.7040119767189026, 0.2459145039319992, 0.05007357522845268]
[0.30664053559303284, 0.5916569232940674, 0.10170242190361023]
[0.6829825639724731, 0.2984927296638489, 0.01852469891309738]
[0.023767409846186638, 0.1348244845867157, 0.8414080739021301]
[0.35394594073295593, 0.5509718656539917, 0.09508220106363297]
[0.2788843512535095, 0.6219272613525391, 0.09918844699859619]
[0.5345574617385864, 0.3888430893421173, 0.0765993744134903]
[0.3565337359905243, 0.5753108859062195, 0.06815540790557861]
[0.0937146246433258, 0.7667943835258484, 0.139491006731987]
[0.035953547805547714, 0.7848092317581177, 0.17923715710639954]
[0.058126915246248245, 0.6608588695526123, 0.28101420402526855]
[0.36441347002983093, 0.4643368422985077, 0.17124967277050018]
[0.5070717334747314, 0.42485785484313965, 0.06807049363851547]
[0.3691342771053314, 0.5732771754264832, 0.05758850276470184]
[0.1491421014070511, 0.40796521306037903, 0.44289273023605347]
[0.6239421963691711, 0.31480899453163147, 0.06124882400035858]
[0.6171116232872009, 0.30908554792404175, 0.07380284368991852]
[0.008679233491420746, 0.16113470494747162, 0.8301860094070435]
[0.5597472786903381, 0.3774116635322571, 0.0628410205245018]
[0.12390659004449844, 0.3309943974018097, 0.5450990200042725]
[0.042959075421094894, 0.27378466725349426, 0.683256208896637]
[0.043363358825445175, 0.3304726779460907, 0.6261639595031738]
[0.2404552847146988, 0.41114792227745056, 0.34839680790901184]
[0.07884474843740463, 0.2823852598667145, 0.6387699246406555]
[0.12575186789035797, 0.5486139059066772, 0.3256342113018036]
[0.11123821884393692, 0.5164337754249573, 0.372327983379364]
[0.250453382730484, 0.6736657619476318, 0.07588084042072296]
[0.425991028547287, 0.5132340788841248, 0.06077485904097557]
[0.5124793648719788, 0.45637983083724976, 0.031140759587287903]
[0.026460396125912666, 0.23881272971630096, 0.7347268462181091]
[0.0032524338457733393, 0.021129513159394264, 0.9756180644035339]
[0.015688786283135414, 0.35211482644081116, 0.6321963667869568]
[0.34866824746131897, 0.5316624045372009, 0.1196693703532219]
[0.775661051273346, 0.19900543987751007, 0.025333575904369354]
[0.49715325236320496, 0.41734960675239563, 0.08549721539020538]
[0.68077552318573, 0.29010576009750366, 0.029118753969669342]
[0.2708996534347534, 0.5938369035720825, 0.13526341319084167]
[0.06629591435194016, 0.32463109493255615, 0.6090730428695679]
[0.05054851621389389, 0.7284688353538513, 0.220982626080513]
[0.07080153375864029, 0.4461739659309387, 0.4830244183540344]
[0.20629224181175232, 0.593622624874115, 0.2000851035118103]
[0.10443820059299469, 0.5593361854553223, 0.33622562885284424]
[0.17590023577213287, 0.7261671423912048, 0.09793262928724289]
[0.8731541037559509, 0.10955817252397537, 0.017287833616137505]
[0.37350428104400635, 0.4530295729637146, 0.17346613109111786]
[0.3358597755432129, 0.5882103443145752, 0.07592986524105072]
[0.006898167543113232, 0.5800591111183167, 0.41304272413253784]
[0.028406290337443352, 0.33515670895576477, 0.6364370584487915]
[0.23805738985538483, 0.3891400396823883, 0.3728025257587433]
[0.08058615028858185, 0.6754161715507507, 0.24399766325950623]
[0.16924962401390076, 0.6152942776679993, 0.21545615792274475]
[0.18856534361839294, 0.4714203178882599, 0.3400142788887024]
[0.10132385045289993, 0.5400698781013489, 0.3586062490940094]
[0.004275116138160229, 0.051233015954494476, 0.9444918036460876]
[0.020807353779673576, 0.11575436592102051, 0.8634383082389832]
[0.18495017290115356, 0.5043582916259766, 0.3106914758682251]
[0.03169447183609009, 0.440483033657074, 0.5278224945068359]
[0.1608782410621643, 0.4847760796546936, 0.3543456196784973]
[0.3015114367008209, 0.36384317278862, 0.33464542031288147]
[0.008721919730305672, 0.06152006983757019, 0.9297580122947693]
[0.23554320633411407, 0.49175381660461426, 0.2727029621601105]
[0.12024745345115662, 0.41740837693214417, 0.4623441696166992]
[0.011009604670107365, 0.8599593639373779, 0.1290309727191925]
[0.007558934390544891, 0.21949270367622375, 0.7729483246803284]
[0.6647437214851379, 0.28700393438339233, 0.04825231432914734]
[0.4547422230243683, 0.46285316348075867, 0.08240468055009842]
[0.10932402312755585, 0.6011653542518616, 0.2895106077194214]
[0.0056677572429180145, 0.0702885240316391, 0.9240437746047974]
[0.08830604702234268, 0.39263319969177246, 0.5190607309341431]
[0.0038399556651711464, 0.03342375159263611, 0.9627362489700317]
[0.03256550431251526, 0.1578671932220459, 0.8095673322677612]
[0.012304481118917465, 0.07635025680065155, 0.9113453030586243]
[0.1729474663734436, 0.7149401307106018, 0.11211232841014862]
[0.3832055628299713, 0.5079632997512817, 0.10883106291294098]
[0.46945950388908386, 0.47108903527259827, 0.05945144593715668]
[0.18423928320407867, 0.7315114736557007, 0.08424922078847885]
[0.1008557677268982, 0.37387993931770325, 0.525264322757721]
[0.34945857524871826, 0.6008092761039734, 0.04973214864730835]
[0.15886391699314117, 0.6511200070381165, 0.19001604616641998]
[0.12336912751197815, 0.6786821484565735, 0.19794870913028717]
[0.4748251140117645, 0.4470539093017578, 0.07812093198299408]
[0.14478349685668945, 0.702052891254425, 0.1531636267900467]
[0.0625927522778511, 0.48490744829177856, 0.45249974727630615]
[0.009049669839441776, 0.15124070644378662, 0.8397095799446106]
[0.032132916152477264, 0.5040602087974548, 0.4638068675994873]
[0.029253508895635605, 0.5156288146972656, 0.455117791891098]
[0.1869918406009674, 0.6996031403541565, 0.11340509355068207]
[0.3460110127925873, 0.4437832832336426, 0.21020571887493134]
[0.019901126623153687, 0.2945800721645355, 0.6855188012123108]
[0.023195341229438782, 0.19981014728546143, 0.7769944667816162]
[0.14619514346122742, 0.6999943852424622, 0.15381041169166565]
[0.033140506595373154, 0.7162952423095703, 0.25056421756744385]
[0.4232054650783539, 0.4872073233127594, 0.0895872563123703]
[0.28771981596946716, 0.5916382074356079, 0.12064193934202194]
[0.05728335678577423, 0.3233325481414795, 0.6193840503692627]
[0.03530513495206833, 0.34964385628700256, 0.6150509715080261]
[0.6058583855628967, 0.28104284405708313, 0.11309874802827835]
[0.08196289092302322, 0.33912256360054016, 0.5789145231246948]
[0.2232690453529358, 0.5745020508766174, 0.20222893357276917]
[0.22158682346343994, 0.5273579359054565, 0.2510552704334259]
[0.004143363330513239, 0.3057088255882263, 0.6901478171348572]
[0.2791069746017456, 0.6166067719459534, 0.10428635030984879]
[0.04904424026608467, 0.7875608801841736, 0.16339483857154846]
[0.004614215809851885, 0.13219651579856873, 0.8631892800331116]
[0.027405772358179092, 0.16712988913059235, 0.8054643273353577]
[0.1708499938249588, 0.6083086729049683, 0.22084130346775055]
[0.4575960636138916, 0.42186540365219116, 0.12053848803043365]
[0.03662320598959923, 0.14217522740364075, 0.821201503276825]
[0.21626810729503632, 0.6528106331825256, 0.13092131912708282]
[0.08362796157598495, 0.41158178448677063, 0.5047902464866638]
[0.5622081756591797, 0.38208818435668945, 0.05570366606116295]
[0.05789367854595184, 0.812874436378479, 0.12923192977905273]
[0.01577983796596527, 0.3627723455429077, 0.6214478015899658]
[0.012556702829897404, 0.24338394403457642, 0.7440593838691711]
[0.031046034768223763, 0.4324583113193512, 0.5364956855773926]
[0.43725889921188354, 0.4914456605911255, 0.07129551470279694]
[0.20729222893714905, 0.5014293193817139, 0.2912784218788147]
[0.44366320967674255, 0.47687336802482605, 0.07946344465017319]
[0.9168462753295898, 0.07631219178438187, 0.006841518450528383]
[0.0203178059309721, 0.12616844475269318, 0.853513777256012]
[0.33037203550338745, 0.5443158149719238, 0.1253121942281723]
[0.40694043040275574, 0.4131280779838562, 0.17993149161338806]
[0.8418875336647034, 0.14553163945674896, 0.012580818496644497]
[0.761298418045044, 0.21597330272197723, 0.02272832952439785]
[0.267254501581192, 0.6715071797370911, 0.06123831868171692]
[0.487981379032135, 0.4162978231906891, 0.09572077542543411]
[0.8418051600456238, 0.1441706418991089, 0.014024151489138603]
[0.009505093097686768, 0.12930035591125488, 0.8611944913864136]
[0.4078415334224701, 0.4576544761657715, 0.13450397551059723]
[0.19517192244529724, 0.6442888975143433, 0.1605391949415207]
[0.13391047716140747, 0.4270581007003784, 0.4390314519405365]
[0.13456344604492188, 0.31796303391456604, 0.5474735498428345]
[0.0016123316017910838, 0.027962027117609978, 0.9704256653785706]
[0.002917285542935133, 0.03438898175954819, 0.9626937508583069]
[0.003865333739668131, 0.02513054758310318, 0.9710041880607605]
[0.004521810915321112, 0.06121443212032318, 0.9342638254165649]
[0.014672092162072659, 0.2517075538635254, 0.7336204051971436]
[0.10323529690504074, 0.5107834339141846, 0.3859812319278717]
[0.45299139618873596, 0.4380893409252167, 0.10891921818256378]
[0.2759638726711273, 0.6422067880630493, 0.08182931691408157]
[0.4869077205657959, 0.40008485317230225, 0.11300744861364365]
[0.2899499833583832, 0.5869098901748657, 0.12314017117023468]
[0.20121251046657562, 0.553034245967865, 0.24575331807136536]
[0.7289667725563049, 0.22572708129882812, 0.04530603066086769]
[0.9017480611801147, 0.0877470150589943, 0.010504906997084618]
[0.3219221830368042, 0.5884072780609131, 0.08967054635286331]
[0.39648720622062683, 0.5337154269218445, 0.06979730725288391]
[0.39376935362815857, 0.48753777146339417, 0.11869288235902786]
[0.9122845530509949, 0.07953941822052002, 0.008176085539162159]
[0.889285147190094, 0.10029943287372589, 0.010415438562631607]
[0.03765997290611267, 0.18836092948913574, 0.7739790678024292]
[0.1552286446094513, 0.413642942905426, 0.43112847208976746]
[0.3816354274749756, 0.47308191657066345, 0.14528273046016693]
[0.2932572066783905, 0.5083787441253662, 0.19836406409740448]
[0.35819321870803833, 0.4374195337295532, 0.20438727736473083]
[0.2816593647003174, 0.5889108180999756, 0.12942984700202942]
[0.49944308400154114, 0.4290963113307953, 0.07146058231592178]
[0.39882737398147583, 0.4768116772174835, 0.12436092644929886]
[0.3747977614402771, 0.575729489326477, 0.04947274550795555]
[0.015302285552024841, 0.1744978129863739, 0.8101999163627625]
[0.02484177239239216, 0.34223195910453796, 0.6329262852668762]
[0.001328024547547102, 0.027384692803025246, 0.9712872505187988]
[0.2784734070301056, 0.47618216276168823, 0.24534444510936737]
[0.1343384087085724, 0.7601739764213562, 0.10548756271600723]
[0.20208914577960968, 0.5864467620849609, 0.21146413683891296]
[0.15685157477855682, 0.4488751292228699, 0.3942733705043793]
[0.03185988962650299, 0.13168329000473022, 0.836456835269928]
[0.10526876151561737, 0.6987646222114563, 0.19596661627292633]
[0.0023255145642906427, 0.048026178032159805, 0.9496482610702515]
[0.22167928516864777, 0.692787766456604, 0.08553291857242584]
[0.5244011878967285, 0.4292508661746979, 0.04634793847799301]
[0.30293646454811096, 0.5534147620201111, 0.14364880323410034]
[0.034755874425172806, 0.8048921823501587, 0.1603519320487976]
[0.8423441648483276, 0.14790281653404236, 0.009753008373081684]
[0.02784382924437523, 0.7472242116928101, 0.22493194043636322]
[0.48651424050331116, 0.39123663306236267, 0.12224914133548737]
[0.22995218634605408, 0.6746610403060913, 0.09538677334785461]
[0.6683241128921509, 0.2905065715312958, 0.041169267147779465]
[0.5741665959358215, 0.3794856667518616, 0.04634777456521988]
[0.06319119036197662, 0.38587698340415955, 0.5509318709373474]
[0.19004909694194794, 0.4611756503582001, 0.3487752676010132]
[0.703583300113678, 0.28233808279037476, 0.014078588224947453]
[0.3500140607357025, 0.5817780494689941, 0.06820783019065857]
[0.01751250959932804, 0.16377098858356476, 0.8187165260314941]
[0.19220425188541412, 0.6792334914207458, 0.12856228649616241]
[0.008624882437288761, 0.15275104343891144, 0.8386240601539612]
[0.25113558769226074, 0.587902843952179, 0.1609615683555603]
[0.5388565063476562, 0.44269347190856934, 0.018450072035193443]
[0.4300052225589752, 0.46902942657470703, 0.10096544027328491]
[0.4510965049266815, 0.45755088329315186, 0.09135261178016663]
[0.32802045345306396, 0.5893540978431702, 0.0826253816485405]
[0.004628275986760855, 0.08244814723730087, 0.9129235744476318]
[0.15270636975765228, 0.5330221652984619, 0.3142714500427246]
[0.0218899417668581, 0.36386990547180176, 0.6142401099205017]
[0.012435958720743656, 0.18456657230854034, 0.8029974699020386]
[0.09008544683456421, 0.42131471633911133, 0.4885998070240021]
[0.34577280282974243, 0.5397382974624634, 0.11448885500431061]
[0.031258996576070786, 0.30488213896751404, 0.6638588309288025]
[0.13876622915267944, 0.4786941111087799, 0.3825395703315735]
[0.8380119800567627, 0.1464879810810089, 0.01549999974668026]
[0.0920032262802124, 0.42185404896736145, 0.4861428141593933]
[0.4597806930541992, 0.507624089717865, 0.03259527310729027]
[0.0797073245048523, 0.30122309923171997, 0.6190695762634277]
[0.39055097103118896, 0.478596955537796, 0.13085214793682098]
[0.14238521456718445, 0.3441844582557678, 0.5134302973747253]
[0.01467794831842184, 0.09497281908988953, 0.890349268913269]
[0.013731674291193485, 0.20776817202568054, 0.7785000801086426]
[0.007909519597887993, 0.04923895746469498, 0.9428516030311584]
[0.17358285188674927, 0.45542144775390625, 0.37099575996398926]
[0.15466691553592682, 0.38717037439346313, 0.45816269516944885]
[0.04390473663806915, 0.35746949911117554, 0.5986257195472717]
[0.15910260379314423, 0.4784368872642517, 0.3624604642391205]
[0.8579782843589783, 0.12613016366958618, 0.01589158922433853]
[0.20817354321479797, 0.6053265333175659, 0.1864999532699585]
[0.40037062764167786, 0.5086132287979126, 0.09101609885692596]
[0.13072842359542847, 0.4441547989845276, 0.4251166880130768]
[0.4846250116825104, 0.48440781235694885, 0.030967209488153458]
[0.18143042922019958, 0.5877848267555237, 0.23078474402427673]
[0.54618239402771, 0.4268104135990143, 0.02700725570321083]
[0.05341941863298416, 0.6893989443778992, 0.2571815550327301]
[0.7467164397239685, 0.23355934023857117, 0.019724266603589058]
[0.018905358389019966, 0.2677220404148102, 0.7133725881576538]
[0.004100789315998554, 0.13225264847278595, 0.8636465668678284]
[0.12399998307228088, 0.4348134994506836, 0.44118648767471313]
[0.8075777292251587, 0.17212514579296112, 0.020297029986977577]
[0.18674133718013763, 0.6207561492919922, 0.19250255823135376]
[0.15715575218200684, 0.663565456867218, 0.17927880585193634]
[0.4131893217563629, 0.5134426951408386, 0.07336793839931488]
[0.5470932126045227, 0.4091176688671112, 0.04378904029726982]
[0.04463883116841316, 0.571489691734314, 0.38387149572372437]
[0.10345041751861572, 0.6296499371528625, 0.2668997049331665]
[0.3159175217151642, 0.39621108770370483, 0.2878713607788086]
[0.1289590746164322, 0.3571609854698181, 0.5138799548149109]
[0.2549174129962921, 0.4955131709575653, 0.249569371342659]
[0.054315268993377686, 0.2666236460208893, 0.6790610551834106]
[0.45106473565101624, 0.44842880964279175, 0.10050641745328903]
[0.06913629174232483, 0.40497714281082153, 0.5258864760398865]
[0.552176296710968, 0.4030967354774475, 0.04472693055868149]
[0.3996475636959076, 0.39518582820892334, 0.20516663789749146]
[0.3683139681816101, 0.38012853264808655, 0.2515575587749481]
[0.21872271597385406, 0.4637126326560974, 0.31756463646888733]
[0.010377267375588417, 0.35935813188552856, 0.6302645206451416]
[0.9392886757850647, 0.054686494171619415, 0.006024750415235758]
[0.7642399668693542, 0.2038733810186386, 0.031886711716651917]
[0.3572615087032318, 0.5617971420288086, 0.08094130456447601]
[0.914486825466156, 0.07551952451467514, 0.009993702173233032]
[0.8606618642807007, 0.12583845853805542, 0.013499625027179718]
[0.5655362606048584, 0.3950992822647095, 0.039364516735076904]
[0.014183305203914642, 0.4115903973579407, 0.5742262005805969]
[0.5655798316001892, 0.3972891569137573, 0.037131018936634064]
[0.012020768597722054, 0.1562383472919464, 0.8317408561706543]
[0.26840880513191223, 0.5422059297561646, 0.18938523530960083]
[0.08676644414663315, 0.3813766837120056, 0.5318568348884583]
[0.012895443476736546, 0.28522834181785583, 0.701876163482666]
[0.00647761719301343, 0.0754808783531189, 0.9180415272712708]
[0.13811026513576508, 0.472761332988739, 0.3891284167766571]
[0.8447126150131226, 0.14088688790798187, 0.0144004812464118]
[0.7760714292526245, 0.20492269098758698, 0.019005868583917618]
[0.18511080741882324, 0.578320324420929, 0.23656891286373138]
[0.9397456049919128, 0.05452331528067589, 0.005731025245040655]
[0.9493930339813232, 0.04511907324194908, 0.005487951450049877]
[0.559179425239563, 0.39071735739707947, 0.050103262066841125]
[0.6225478649139404, 0.32614442706108093, 0.05130783095955849]
[0.4514537751674652, 0.4673687815666199, 0.08117737621068954]
[0.26306501030921936, 0.4498804807662964, 0.2870545983314514]
[0.13815690577030182, 0.7012649178504944, 0.1605781614780426]
[0.060465771704912186, 0.6796223521232605, 0.2599118649959564]
[0.01712004840373993, 0.29092761874198914, 0.6919523477554321]
[0.022468186914920807, 0.08060367405414581, 0.8969281315803528]
[0.03125619515776634, 0.1599406599998474, 0.8088030815124512]
[0.49386119842529297, 0.4598405659198761, 0.04629821702837944]
[0.6772096753120422, 0.26481419801712036, 0.05797608196735382]
[0.8887651562690735, 0.10232112556695938, 0.008913676254451275]
[0.018598468974232674, 0.14788943529129028, 0.8335120677947998]
[0.5181881189346313, 0.32197028398513794, 0.15984150767326355]
[0.009993935003876686, 0.27562111616134644, 0.714384913444519]
[0.006584249436855316, 0.03762375935912132, 0.9557920098304749]
[0.5576786994934082, 0.39639824628829956, 0.045923080295324326]
[0.01704600639641285, 0.31531327962875366, 0.667640745639801]
[0.0023723633494228125, 0.019607430323958397, 0.9780201315879822]
