[0.04464295133948326, 0.2854746878147125, 0.6698823571205139]
[0.005786573048681021, 0.12453043460845947, 0.8696829676628113]
[0.0421733558177948, 0.5945261120796204, 0.36330047249794006]
[0.8161152601242065, 0.16290220618247986, 0.020982522517442703]
[0.5883399248123169, 0.35328352451324463, 0.05837657302618027]
[0.3254071772098541, 0.5063846111297607, 0.1682082563638687]
[0.06658049672842026, 0.30706775188446045, 0.6263517141342163]
[0.947695255279541, 0.04574347287416458, 0.0065613193437457085]
[0.3834783434867859, 0.4328623414039612, 0.1836593747138977]
[0.30610114336013794, 0.5848192572593689, 0.10907954722642899]
[0.011382268741726875, 0.17556102573871613, 0.8130566477775574]
[0.047178883105516434, 0.3054179847240448, 0.6474031805992126]
[0.03302522003650665, 0.4385891854763031, 0.5283856391906738]
[0.810498833656311, 0.17059668898582458, 0.018904458731412888]
[0.009347044862806797, 0.23373137414455414, 0.7569215297698975]
[0.021279891952872276, 0.2132738083600998, 0.7654462456703186]
[0.10349366068840027, 0.7516303658485413, 0.14487606287002563]
[0.5035630464553833, 0.3595275282859802, 0.1369093507528305]
[0.019332606345415115, 0.24106080830097198, 0.7396065592765808]
[0.2942362129688263, 0.5777628421783447, 0.1280009150505066]
[0.05418679118156433, 0.49651622772216797, 0.4492969214916229]
[0.41784775257110596, 0.5072414875030518, 0.07491075992584229]
[0.39712920784950256, 0.5362434983253479, 0.06662723422050476]
[0.586215078830719, 0.34831711649894714, 0.06546781212091446]
[0.6102584600448608, 0.31948980689048767, 0.07025173306465149]
[0.9109054207801819, 0.07714547216892242, 0.011949185281991959]
[0.6776772141456604, 0.2698804438114166, 0.05244237557053566]
[0.6297035813331604, 0.2996214032173157, 0.07067506015300751]
[0.02381446212530136, 0.14870689809322357, 0.8274786472320557]
[0.06652536988258362, 0.4023967683315277, 0.5310778617858887]
[0.008114050142467022, 0.10514366626739502, 0.8867422938346863]
[0.005117413587868214, 0.06369661539793015, 0.9311859011650085]
[0.02300124056637287, 0.35506492853164673, 0.6219338774681091]
[0.008004723116755486, 0.5083768367767334, 0.48361846804618835]
[0.002351858653128147, 0.04011276736855507, 0.9575353264808655]
[0.518943727016449, 0.4533425569534302, 0.02771374210715294]
[0.25884395837783813, 0.6550378203392029, 0.08611828833818436]
[0.030861422419548035, 0.6353886723518372, 0.333749920129776]
[0.006712569855153561, 0.17115670442581177, 0.8221307396888733]
[0.13889071345329285, 0.31388598680496216, 0.5472232699394226]
[0.6013612747192383, 0.3530444800853729, 0.045594245195388794]
[0.055509619414806366, 0.28181108832359314, 0.6626793146133423]
[0.02891596220433712, 0.23939259350299835, 0.7316914200782776]
[0.045260149985551834, 0.21826167404651642, 0.7364780902862549]
[0.00799561757594347, 0.09457436203956604, 0.8974300622940063]
[0.09683723002672195, 0.515571653842926, 0.38759106397628784]
[0.30462363362312317, 0.5307226777076721, 0.1646537035703659]
[0.005494277458637953, 0.07390722632408142, 0.9205985069274902]
[0.009693670086562634, 0.11886175721883774, 0.8714445233345032]
[0.005595690570771694, 0.1159684956073761, 0.8784358501434326]
