[0.1493874043226242, 0.6983307600021362, 0.15228182077407837]
[0.019983578473329544, 0.31856417655944824, 0.6614522933959961]
[0.35822680592536926, 0.5361410975456238, 0.10563209652900696]
[0.34864866733551025, 0.522385835647583, 0.12896545231342316]
[0.10616275668144226, 0.4505121409893036, 0.44332507252693176]
[0.016252290457487106, 0.4835425019264221, 0.5002051591873169]
[0.10993200540542603, 0.6475724577903748, 0.24249549210071564]
[0.4710164964199066, 0.435870885848999, 0.09311255067586899]
[0.4361726939678192, 0.46189743280410767, 0.10192982107400894]
[0.36849045753479004, 0.5065165162086487, 0.12499312311410904]
[0.9095556735992432, 0.08199492841959, 0.008449473418295383]
[0.26436033844947815, 0.5415487289428711, 0.19409093260765076]
[0.018335510045289993, 0.29270046949386597, 0.6889640092849731]
[0.03859860077500343, 0.41078826785087585, 0.5506131052970886]
[0.10610760003328323, 0.4241834878921509, 0.4697088897228241]
[0.12213972210884094, 0.4261845648288727, 0.45167577266693115]
[0.01702924445271492, 0.16617950797080994, 0.8167912364006042]
[0.5024747252464294, 0.4412166476249695, 0.05630861595273018]
[0.005392839666455984, 0.09096430242061615, 0.9036428928375244]
[0.023957090452313423, 0.29134708642959595, 0.6846957802772522]
[0.11406753212213516, 0.8330007195472717, 0.052931755781173706]
[0.3373376727104187, 0.5683369040489197, 0.09432534128427505]
[0.08573669195175171, 0.7366880178451538, 0.17757533490657806]
[0.5658743381500244, 0.4028797447681427, 0.03124595806002617]
[0.29728466272354126, 0.6341699957847595, 0.06854534894227982]
[0.0650007352232933, 0.7956028580665588, 0.13939644396305084]
[0.30153343081474304, 0.5089400410652161, 0.18952658772468567]
[0.4976372718811035, 0.4505448639392853, 0.05181774124503136]
[0.49558618664741516, 0.46971508860588074, 0.03469865024089813]
[0.12714700400829315, 0.44494837522506714, 0.4279046058654785]
[0.13435956835746765, 0.6208877563476562, 0.24475277960300446]
[0.1782080978155136, 0.7044786214828491, 0.11731328815221786]
[0.03295527771115303, 0.3421528935432434, 0.6248918175697327]
[0.5163840055465698, 0.4245399534702301, 0.05907606706023216]
[0.37228262424468994, 0.4780782163143158, 0.14963915944099426]
[0.27039092779159546, 0.6337980628013611, 0.09581094235181808]
[0.3240087032318115, 0.579110860824585, 0.09688040614128113]
[0.47513547539711, 0.4707809090614319, 0.05408363789319992]
[0.013670091517269611, 0.1633298546075821, 0.8230000138282776]
[0.06646676361560822, 0.4480426609516144, 0.48549050092697144]
[0.012387211434543133, 0.3564416170120239, 0.6311711668968201]
[0.07264464348554611, 0.374286025762558, 0.5530694127082825]
[0.039176784455776215, 0.2916910946369171, 0.6691321730613708]
[0.007183688227087259, 0.08415541797876358, 0.9086608290672302]
