[0.12150724977254868, 0.3374236822128296, 0.5410691499710083]
[0.1310739517211914, 0.5985427498817444, 0.2703832685947418]
[0.9181711077690125, 0.07700879871845245, 0.0048200590535998344]
[0.6848430037498474, 0.2870425879955292, 0.02811443991959095]
[0.3877968192100525, 0.47909799218177795, 0.13310524821281433]
[0.18305104970932007, 0.6349770426750183, 0.1819719523191452]
[0.38215094804763794, 0.4786861538887024, 0.13916289806365967]
[0.19233401119709015, 0.5808632969856262, 0.22680264711380005]
[0.9697810411453247, 0.02766529843211174, 0.0025536988396197557]
[0.9417567849159241, 0.05459359288215637, 0.00364965689368546]
[0.8188841938972473, 0.166763573884964, 0.014352147467434406]
[0.10923027992248535, 0.36346471309661865, 0.527305006980896]
[0.20940639078617096, 0.47428157925605774, 0.3163120150566101]
[0.5122795104980469, 0.36821940541267395, 0.1195010244846344]
[0.05973296985030174, 0.6181233525276184, 0.3221436142921448]
[0.5565219521522522, 0.31608933210372925, 0.12738871574401855]
[0.4971768260002136, 0.43689507246017456, 0.0659281313419342]
[0.2343100607395172, 0.4326972961425781, 0.33299267292022705]
[0.17411766946315765, 0.4808010458946228, 0.34508129954338074]
[0.1549440175294876, 0.35271191596984863, 0.49234405159950256]
[0.014956173487007618, 0.31108203530311584, 0.6739617586135864]
[0.4961526691913605, 0.45064279437065125, 0.05320460721850395]
[0.159024178981781, 0.42795029282569885, 0.41302552819252014]
[0.8149940967559814, 0.17183446884155273, 0.013171386905014515]
[0.5132400989532471, 0.4089326858520508, 0.07782717794179916]
[0.28522348403930664, 0.5896022319793701, 0.12517420947551727]
[0.13073769211769104, 0.5267348885536194, 0.3425274193286896]
[0.0932273417711258, 0.43748900294303894, 0.46928367018699646]
[0.4960854649543762, 0.44992098212242126, 0.053993579000234604]
[0.017380058765411377, 0.06912513822317123, 0.9134947657585144]
[0.07462578266859055, 0.26915597915649414, 0.6562182903289795]
[0.4919902980327606, 0.4084411859512329, 0.0995684564113617]
[0.21456462144851685, 0.5559038519859314, 0.22953148186206818]
[0.09319745749235153, 0.3693254590034485, 0.5374771356582642]
[0.43337559700012207, 0.3839423954486847, 0.18268200755119324]
[0.026420094072818756, 0.05938101187348366, 0.9141989350318909]
