[0.03566654026508331, 0.2203097939491272, 0.7440236806869507]
[0.010895424522459507, 0.3266378343105316, 0.6624667048454285]
[0.0817747712135315, 0.34046781063079834, 0.5777573585510254]
[0.007045217324048281, 0.08650869876146317, 0.9064460396766663]
[0.1037859097123146, 0.45504721999168396, 0.44116684794425964]
[0.3800617456436157, 0.48951390385627747, 0.13042430579662323]
[0.03446497395634651, 0.4470178186893463, 0.5185171365737915]
[0.29679378867149353, 0.5860089659690857, 0.11719726026058197]
[0.13989853858947754, 0.4629186987876892, 0.39718273282051086]
[0.35019558668136597, 0.3420678973197937, 0.3077365756034851]
[0.1169816181063652, 0.4673275351524353, 0.4156908094882965]
[0.012110548093914986, 0.12006755918264389, 0.8678219318389893]
[0.005290621425956488, 0.1473783701658249, 0.8473309874534607]
[0.059788305312395096, 0.42352020740509033, 0.5166914463043213]
[0.020126013085246086, 0.6034192442893982, 0.3764547109603882]
[0.008366651833057404, 0.23840437829494476, 0.7532289028167725]
[0.011100583709776402, 0.2845296859741211, 0.7043697834014893]
[0.0530264638364315, 0.29322516918182373, 0.6537483334541321]
[0.15339353680610657, 0.47313064336776733, 0.37347590923309326]
[0.011122678406536579, 0.039115458726882935, 0.9497618079185486]
[0.37113872170448303, 0.4702330231666565, 0.15862825512886047]
[0.37450045347213745, 0.5161827802658081, 0.10931678116321564]
[0.9182062149047852, 0.06968843936920166, 0.012105350382626057]
[0.0889190286397934, 0.23285554349422455, 0.6782253980636597]
[0.006206145975738764, 0.037235457450151443, 0.9565584063529968]
[0.1820724904537201, 0.2919004261493683, 0.5260270237922668]
[0.0018664421513676643, 0.013499777764081955, 0.98463374376297]
[0.03965951129794121, 0.18285122513771057, 0.7774892449378967]
