[0.799770712852478, 0.17102722823619843, 0.029201993718743324]
[0.08619529753923416, 0.4976971745491028, 0.41610750555992126]
[0.16288802027702332, 0.4261656105518341, 0.41094639897346497]
[0.06969405710697174, 0.43582624197006226, 0.4944796562194824]
[0.007024687714874744, 0.0708523765206337, 0.9221229553222656]
[0.002555760322138667, 0.02603108063340187, 0.9714131355285645]
[0.05411304533481598, 0.6584593057632446, 0.2874276638031006]
[0.13447056710720062, 0.6999821066856384, 0.16554729640483856]
[0.04162469506263733, 0.3630146086215973, 0.5953606963157654]
[0.4946160316467285, 0.42231735587120056, 0.08306663483381271]
[0.8639955520629883, 0.12549641728401184, 0.010508032515645027]
[0.1737375110387802, 0.4105885624885559, 0.4156739413738251]
[0.3797309994697571, 0.5302373170852661, 0.09003164619207382]
[0.3534708321094513, 0.3590231239795685, 0.2875060439109802]
[0.002382507547736168, 0.027873871847987175, 0.9697436094284058]
[0.007392783183604479, 0.08511411398649216, 0.9074930548667908]
[0.16752883791923523, 0.6393464207649231, 0.19312472641468048]
[0.12522193789482117, 0.5232827663421631, 0.35149529576301575]
[0.004617507103830576, 0.02493685856461525, 0.9704456329345703]
[0.02408868819475174, 0.14870062470436096, 0.8272107243537903]
[0.11190168559551239, 0.3390963673591614, 0.549001932144165]
[0.19659972190856934, 0.44896358251571655, 0.3544366955757141]
[0.017499299719929695, 0.10229923576116562, 0.8802014589309692]
[0.004266832489520311, 0.022518200799822807, 0.9732149839401245]
[0.010012180544435978, 0.1752234846353531, 0.8147643208503723]
[0.07343275845050812, 0.3289114236831665, 0.5976558327674866]
[0.1345411092042923, 0.510723888874054, 0.35473501682281494]
[0.528735876083374, 0.4021373391151428, 0.06912684440612793]
[0.025962334126234055, 0.29426515102386475, 0.6797725558280945]
[0.2179533988237381, 0.35707560181617737, 0.4249710142612457]
[0.38704922795295715, 0.40500977635383606, 0.20794101059436798]
[0.07594786584377289, 0.16554664075374603, 0.7585054636001587]
[0.25079140067100525, 0.4385751783847809, 0.3106333911418915]
[0.004616688936948776, 0.060425691306591034, 0.9349576234817505]
[0.02666454389691353, 0.1358516365289688, 0.837483823299408]
[0.18592692911624908, 0.33047449588775635, 0.48359861969947815]
[0.004384496249258518, 0.058879729360342026, 0.9367357492446899]
[0.019382815808057785, 0.1252012401819229, 0.855415940284729]
[0.0173039473593235, 0.08182812482118607, 0.9008678793907166]
[0.019217561930418015, 0.08473484963178635, 0.8960476517677307]
[0.05652981996536255, 0.18385258316993713, 0.7596175670623779]
[0.041473206132650375, 0.13487902283668518, 0.8236477971076965]
[0.06766809523105621, 0.51191645860672, 0.42041540145874023]
[0.00556420162320137, 0.033039484173059464, 0.961396336555481]
[0.6320576071739197, 0.27161839604377747, 0.09632404893636703]
[0.006607514806091785, 0.05436967685818672, 0.9390227794647217]
