[0.003197174984961748, 0.03798779472708702, 0.9588150978088379]
[0.018054427579045296, 0.20112241804599762, 0.7808231711387634]
[0.7828575968742371, 0.20340648293495178, 0.013735844753682613]
[0.04235740378499031, 0.24244289100170135, 0.7151997089385986]
[0.2638018727302551, 0.6318493485450745, 0.1043488159775734]
[0.855975329875946, 0.12294250726699829, 0.02108212560415268]
[0.04704681783914566, 0.6196386218070984, 0.33331456780433655]
[0.1314096599817276, 0.4554862380027771, 0.41310417652130127]
[0.1606042981147766, 0.5499683022499084, 0.28942736983299255]
[0.4349839687347412, 0.482156902551651, 0.08285916596651077]
[0.5767195224761963, 0.3514808416366577, 0.07179967314004898]
[0.6414876580238342, 0.3252190053462982, 0.03329327329993248]
[0.5491240620613098, 0.4215092062950134, 0.029366685077548027]
[0.5160604119300842, 0.42719173431396484, 0.056747861206531525]
[0.7655149698257446, 0.22062020003795624, 0.013864738866686821]
[0.3877524733543396, 0.3719177842140198, 0.24032975733280182]
[0.004741934593766928, 0.07296553254127502, 0.9222924709320068]
[0.21078258752822876, 0.6795708537101746, 0.10964652895927429]
[0.483466774225235, 0.4702605903148651, 0.046272583305835724]
[0.3539994955062866, 0.4834495782852173, 0.16255098581314087]
[0.17864711582660675, 0.4533274173736572, 0.36802545189857483]
[0.22730068862438202, 0.5058156847953796, 0.26688358187675476]
[0.5685938000679016, 0.37797418236732483, 0.053432073444128036]
[0.24982982873916626, 0.6111100316047668, 0.13906008005142212]
[0.5327378511428833, 0.4307812750339508, 0.0364808514714241]
[0.009252974763512611, 0.13295869529247284, 0.8577883243560791]
[0.4850202798843384, 0.4241364300251007, 0.09084328263998032]
[0.81740403175354, 0.1572568565607071, 0.025339169427752495]
[0.07745357602834702, 0.3454366624355316, 0.5771097540855408]
[0.6416402459144592, 0.3305981457233429, 0.027761662378907204]
[0.37080174684524536, 0.5095235705375671, 0.11967466026544571]
[0.48523393273353577, 0.4244655668735504, 0.09030043333768845]
[0.919068455696106, 0.07309014350175858, 0.0078413812443614]
[0.09421565383672714, 0.30329227447509766, 0.602492094039917]
[0.787624180316925, 0.19650380313396454, 0.015872035175561905]
[0.7661831974983215, 0.20549438893795013, 0.02832244522869587]
[0.7646923065185547, 0.2002314031124115, 0.035076335072517395]
[0.05047370865941048, 0.29396817088127136, 0.655558168888092]
[0.6666854023933411, 0.26960161328315735, 0.06371298432350159]
[0.03079536370933056, 0.4174107015132904, 0.5517939925193787]
[0.2731482684612274, 0.5596507787704468, 0.16720104217529297]
[0.01685996726155281, 0.29851165413856506, 0.684628427028656]
[0.0060774823650717735, 0.2619453966617584, 0.731977105140686]
[0.005199056584388018, 0.6010054349899292, 0.3937954902648926]
[0.02002742327749729, 0.6344194412231445, 0.3455531597137451]
[0.023411476984620094, 0.6425988078117371, 0.3339897096157074]
[0.4834516942501068, 0.4623129963874817, 0.05423536151647568]
[0.008429810404777527, 0.2667507529258728, 0.7248194217681885]
[0.04736732691526413, 0.42196089029312134, 0.5306718349456787]
[0.050947923213243484, 0.3429736793041229, 0.6060783863067627]
[0.1547355055809021, 0.668245255947113, 0.17701922357082367]
[0.4384633004665375, 0.47062012553215027, 0.09091654419898987]
[0.03218749538064003, 0.25692251324653625, 0.710889995098114]
[0.2447344809770584, 0.4999946355819702, 0.25527089834213257]
[0.0948658138513565, 0.5037357211112976, 0.4013984203338623]
[0.08241397887468338, 0.7707083225250244, 0.1468776911497116]
[0.077196404337883, 0.5076343417167664, 0.41516929864883423]
[0.019441310316324234, 0.29820141196250916, 0.6823572516441345]
[0.5339351892471313, 0.4327012598514557, 0.03336348757147789]
[0.8376207947731018, 0.15160086750984192, 0.01077836100012064]
[0.34518152475357056, 0.5362831950187683, 0.11853525042533875]
[0.0298660509288311, 0.6975685954093933, 0.2725653052330017]
[0.030304770916700363, 0.7043856978416443, 0.26530954241752625]
[0.49478572607040405, 0.4511004090309143, 0.05411389097571373]
[0.1989465206861496, 0.5114091038703918, 0.2896443009376526]
[0.43460410833358765, 0.5142950415611267, 0.05110091343522072]
[0.23160362243652344, 0.6299576759338379, 0.1384386122226715]
[0.09178373962640762, 0.6327263116836548, 0.275489866733551]
[0.38245439529418945, 0.5790075659751892, 0.03853800892829895]
[0.18301329016685486, 0.3737168610095978, 0.44326990842819214]
[0.13922756910324097, 0.6321931481361389, 0.22857928276062012]
[0.008660584688186646, 0.14221501350402832, 0.8491244316101074]
[0.7056992053985596, 0.26425325870513916, 0.03004761040210724]
[0.11012875288724899, 0.8089519143104553, 0.0809193029999733]
[0.5460628271102905, 0.39342445135116577, 0.06051275506615639]
[0.4556719958782196, 0.4451833665370941, 0.09914456307888031]
[0.24713698029518127, 0.5535506010055542, 0.19931234419345856]
[0.007758831139653921, 0.22307845950126648, 0.7691627144813538]
[0.0048448629677295685, 0.28106921911239624, 0.7140859365463257]
[0.2582150995731354, 0.495431125164032, 0.24635370075702667]
[0.10386655479669571, 0.5743408799171448, 0.3217925727367401]
[0.41684675216674805, 0.4531545639038086, 0.12999862432479858]
[0.5097861886024475, 0.4331988990306854, 0.05701499059796333]
[0.03232095018029213, 0.4085494875907898, 0.559129536151886]
[0.1424567550420761, 0.7270452976226807, 0.13049794733524323]
[0.03121103346347809, 0.600250780582428, 0.36853817105293274]
[0.14702190458774567, 0.36741143465042114, 0.48556673526763916]
[0.754838764667511, 0.21897609531879425, 0.026185106486082077]
[0.021301710978150368, 0.292340487241745, 0.6863577961921692]
[0.7261184453964233, 0.24902404844760895, 0.024857498705387115]
[0.13069918751716614, 0.622002363204956, 0.247298464179039]
[0.6797546744346619, 0.2833876311779022, 0.036857638508081436]
[0.2419496774673462, 0.6653019785881042, 0.09274830669164658]
[0.7456322908401489, 0.23640792071819305, 0.01795974001288414]
[0.08602675050497055, 0.6024180054664612, 0.31155526638031006]
[0.22926382720470428, 0.6874402165412903, 0.08329597115516663]
[0.06525075435638428, 0.5152356028556824, 0.4195135831832886]
[0.2854192554950714, 0.6576716899871826, 0.05690905824303627]
[0.8847704529762268, 0.09889138489961624, 0.01633821614086628]
[0.45148536562919617, 0.4180576205253601, 0.13045701384544373]
[0.06528206914663315, 0.6627553105354309, 0.2719626724720001]
[0.43127864599227905, 0.4468114972114563, 0.12190984189510345]
[0.06103093922138214, 0.38886043429374695, 0.5501086115837097]
[0.008370707742869854, 0.13383466005325317, 0.8577946424484253]
[0.001721158972941339, 0.07400166988372803, 0.924277126789093]
[0.17086322605609894, 0.5208860039710999, 0.30825075507164]
[0.3912404179573059, 0.46132534742355347, 0.14743421971797943]
[0.004272158723324537, 0.09348614513874054, 0.9022416472434998]
[0.029959432780742645, 0.4901512861251831, 0.47988930344581604]
[0.024450980126857758, 0.4487408995628357, 0.5268081426620483]
[0.0071346340700984, 0.22235308587551117, 0.7705122828483582]
[0.2409367859363556, 0.6542518138885498, 0.1048114225268364]
[0.38703653216362, 0.5701911449432373, 0.042772307991981506]
[0.765427827835083, 0.22316963970661163, 0.011402583681046963]
[0.3208272457122803, 0.5277202725410461, 0.15145240724086761]
[0.0410391241312027, 0.7801862955093384, 0.17877458035945892]
[0.035092681646347046, 0.4157177209854126, 0.549189567565918]
[0.5664277672767639, 0.36573782563209534, 0.06783439964056015]
[0.11607567220926285, 0.562599241733551, 0.3213251829147339]
[0.04396387189626694, 0.6001012921333313, 0.35593488812446594]
[0.3997127413749695, 0.45352575182914734, 0.14676149189472198]
[0.016703186556696892, 0.17990778386592865, 0.8033890128135681]
[0.18247565627098083, 0.4910316467285156, 0.3264927566051483]
[0.8935918807983398, 0.09002343565225601, 0.016384759917855263]
[0.5011216998100281, 0.33308470249176025, 0.16579361259937286]
[0.07832363992929459, 0.31333357095718384, 0.6083428263664246]
[0.05265514552593231, 0.5048739314079285, 0.44247087836265564]
[0.4316261112689972, 0.3974815607070923, 0.17089228332042694]
[0.10345956683158875, 0.3310792148113251, 0.5654612183570862]
[0.025339139625430107, 0.18711499869823456, 0.7875458598136902]
[0.03513134643435478, 0.3841431736946106, 0.5807254910469055]
[0.48364055156707764, 0.3686208724975586, 0.14773862063884735]
[0.5007044672966003, 0.4482065737247467, 0.05108904838562012]
[0.29523369669914246, 0.6265616416931152, 0.0782046690583229]
[0.3283904492855072, 0.48846226930618286, 0.18314723670482635]
[0.5052112340927124, 0.3868352174758911, 0.10795354843139648]
[0.7034773230552673, 0.26370400190353394, 0.03281868249177933]
[0.890723466873169, 0.10037704557180405, 0.008899481035768986]
[0.017758673056960106, 0.12217944115400314, 0.8600618243217468]
[0.43777331709861755, 0.4915646016597748, 0.0706620067358017]
[0.03935922682285309, 0.28110066056251526, 0.6795400381088257]
[0.84370356798172, 0.13938546180725098, 0.016910936683416367]
[0.4449133574962616, 0.4388316571712494, 0.1162550076842308]
[0.02408393658697605, 0.15952977538108826, 0.816386342048645]
[0.008225619792938232, 0.24178965389728546, 0.7499847412109375]
[0.044393252581357956, 0.2644960582256317, 0.6911107301712036]
[0.025175584480166435, 0.18887847661972046, 0.7859458923339844]
[0.012296522967517376, 0.31687819957733154, 0.6708253026008606]
[0.17371472716331482, 0.3959975242614746, 0.43028777837753296]
[0.6695468425750732, 0.2793549597263336, 0.051098208874464035]
[0.1997324675321579, 0.6820265650749207, 0.11824097484350204]
[0.1646118462085724, 0.6410523653030396, 0.19433583319187164]
[0.11216147989034653, 0.6686267852783203, 0.21921175718307495]
[0.26460450887680054, 0.6658903956413269, 0.06950515508651733]
[0.2157665640115738, 0.637493371963501, 0.14673998951911926]
[0.024328801780939102, 0.30644774436950684, 0.6692234873771667]
[0.34373268485069275, 0.5306774973869324, 0.1255897730588913]
[0.013775140978395939, 0.2928636372089386, 0.6933611631393433]
[0.39659422636032104, 0.5502155423164368, 0.053190167993307114]
[0.06578335165977478, 0.6270650625228882, 0.30715152621269226]
[0.11106700450181961, 0.3862403631210327, 0.5026926398277283]
[0.07210377603769302, 0.4036843180656433, 0.5242118835449219]
[0.022155188024044037, 0.2137073427438736, 0.7641375064849854]
[0.8126891255378723, 0.17172041535377502, 0.015590383671224117]
[0.10121721774339676, 0.3912699222564697, 0.5075128078460693]
[0.4949250817298889, 0.46124356985092163, 0.04383136332035065]
[0.9062290787696838, 0.08693847805261612, 0.006832451559603214]
[0.49525749683380127, 0.3764227330684662, 0.12831979990005493]
[0.5682488679885864, 0.3410796523094177, 0.09067149460315704]
[0.5360574722290039, 0.393611341714859, 0.07033119350671768]
[0.04598168656229973, 0.304365873336792, 0.6496524214744568]
[0.7771080136299133, 0.18413960933685303, 0.03875242918729782]
[0.16579140722751617, 0.6616998910903931, 0.17250865697860718]
[0.3083159625530243, 0.5173437595367432, 0.17434026300907135]
[0.0789179876446724, 0.4406226575374603, 0.48045942187309265]
[0.1678326427936554, 0.7273614406585693, 0.10480591654777527]
[0.41399553418159485, 0.5372380018234253, 0.04876646399497986]
[0.062190666794776917, 0.3569302558898926, 0.5808790326118469]
[0.38182565569877625, 0.5864542722702026, 0.031720034778118134]
[0.010179768316447735, 0.2706957161426544, 0.7191244959831238]
[0.12106887251138687, 0.59916752576828, 0.2797636389732361]
[0.9246359467506409, 0.07084812968969345, 0.004515943583101034]
[0.7431114315986633, 0.23239102959632874, 0.02449761889874935]
[0.32958194613456726, 0.5619751811027527, 0.10844290256500244]
[0.47680798172950745, 0.4928775429725647, 0.030314452946186066]
[0.7663161754608154, 0.22029314935207367, 0.013390690088272095]
[0.8963609933853149, 0.09732931852340698, 0.006309643853455782]
[0.05492614954710007, 0.1662689745426178, 0.7788048982620239]
[0.09832652658224106, 0.21476177871227264, 0.6869117617607117]
[0.019617626443505287, 0.34070315957069397, 0.6396791934967041]
[0.6430025696754456, 0.3167148530483246, 0.04028255119919777]
[0.36502400040626526, 0.5163896679878235, 0.11858635395765305]
[0.8438686728477478, 0.14452016353607178, 0.011611164547502995]
[0.720371425151825, 0.2568134367465973, 0.022815143689513206]
[0.7944822311401367, 0.18171273171901703, 0.023805104196071625]
[0.7498308420181274, 0.22189243137836456, 0.028276687487959862]
[0.5417559146881104, 0.3856199085712433, 0.07262414693832397]
[0.7009896039962769, 0.2696837782859802, 0.029326606541872025]
[0.07936619967222214, 0.5075166821479797, 0.4131171405315399]
[0.5730115175247192, 0.3623858690261841, 0.06460266560316086]
[0.5170646905899048, 0.44160303473472595, 0.04133235663175583]
[0.8429699540138245, 0.14868038892745972, 0.008349709212779999]
[0.009390393272042274, 0.11194241046905518, 0.8786672353744507]
[0.33095523715019226, 0.5083227753639221, 0.16072197258472443]
[0.31834521889686584, 0.6001746654510498, 0.0814800038933754]
[0.22074687480926514, 0.4238344132900238, 0.35541868209838867]
[0.011824842542409897, 0.07142465561628342, 0.9167504906654358]
[0.007242643740028143, 0.043999914079904556, 0.9487574696540833]
[0.10703697055578232, 0.4529743194580078, 0.4399886429309845]
[0.0167403407394886, 0.25967544317245483, 0.7235842347145081]
[0.9373572468757629, 0.05710180476307869, 0.005540897138416767]
[0.8506906032562256, 0.13073544204235077, 0.018573960289359093]
[0.38957440853118896, 0.5319862961769104, 0.07843923568725586]
[0.119294174015522, 0.5794935822486877, 0.30121228098869324]
[0.5019658803939819, 0.4108179211616516, 0.08721617609262466]
[0.5258319973945618, 0.41924822330474854, 0.054919738322496414]
[0.6388723254203796, 0.33298540115356445, 0.028142262250185013]
[0.5576024651527405, 0.3884509801864624, 0.05394652113318443]
[0.01801869086921215, 0.19288820028305054, 0.7890930771827698]
[0.002033522119745612, 0.2468203455209732, 0.751146137714386]
[0.005309445783495903, 0.04800526425242424, 0.9466853141784668]
[0.013034535571932793, 0.1362263709306717, 0.850739061832428]
[0.0026573841460049152, 0.043275896459817886, 0.9540667533874512]
[0.03200608119368553, 0.4221658706665039, 0.545828104019165]
[0.33605384826660156, 0.5658447742462158, 0.09810135513544083]
[0.5473618507385254, 0.36630165576934814, 0.08633642643690109]
[0.25343409180641174, 0.5589359998703003, 0.18762996792793274]
[0.7082138657569885, 0.2529841363430023, 0.038801975548267365]
[0.8334724307060242, 0.14882154762744904, 0.01770603656768799]
[0.052794866263866425, 0.6288813352584839, 0.31832385063171387]
[0.2018333524465561, 0.7141361832618713, 0.08403044939041138]
[0.40384939312934875, 0.4885607063770294, 0.10758990794420242]
[0.11090409755706787, 0.4699718952178955, 0.4191240072250366]
[0.29927629232406616, 0.5657352805137634, 0.1349884271621704]
[0.6897100210189819, 0.2879078984260559, 0.022382033988833427]
[0.5411712527275085, 0.41675037145614624, 0.04207834601402283]
[0.058131106197834015, 0.41253140568733215, 0.529337465763092]
[0.22823794186115265, 0.4418714642524719, 0.3298906683921814]
[0.0813727155327797, 0.7611008286476135, 0.15752647817134857]
[0.5524399280548096, 0.4148414433002472, 0.03271862491965294]
[0.20105402171611786, 0.6647495031356812, 0.13419649004936218]
[0.03560293838381767, 0.6336075663566589, 0.3307895362377167]
[0.06338462233543396, 0.4646616280078888, 0.47195374965667725]
[0.2662641108036041, 0.5771988034248352, 0.15653707087039948]
[0.19408635795116425, 0.5228299498558044, 0.2830837070941925]
[0.7911370396614075, 0.20027653872966766, 0.008586404845118523]
[0.32467368245124817, 0.5715927481651306, 0.10373358428478241]
[0.2415657341480255, 0.5905567407608032, 0.16787752509117126]
[0.8402603268623352, 0.1499350666999817, 0.009804624132812023]
[0.3032812178134918, 0.573045015335083, 0.12367373704910278]
[0.37629514932632446, 0.5062849521636963, 0.11741985380649567]
[0.6724019646644592, 0.2535126805305481, 0.07408532500267029]
[0.05275549739599228, 0.21716195344924927, 0.7300825119018555]
[0.05071134865283966, 0.4441971182823181, 0.5050915479660034]
[0.0023683931212872267, 0.04073741286993027, 0.9568941593170166]
[0.038213495165109634, 0.09774552285671234, 0.8640410304069519]
[0.4819038212299347, 0.45418623089790344, 0.06390992552042007]
[0.4010898172855377, 0.5651549100875854, 0.033755235373973846]
[0.017026366665959358, 0.5813688039779663, 0.4016048312187195]
[0.5677568912506104, 0.3810808062553406, 0.051162268966436386]
[0.574753999710083, 0.3787194788455963, 0.04652651026844978]
[0.00571319879963994, 0.047447241842746735, 0.9468395113945007]
[0.003058734582737088, 0.08019902557134628, 0.9167422652244568]
[0.05685180798172951, 0.5520064830780029, 0.3911416828632355]
[0.39004263281822205, 0.3963940143585205, 0.21356341242790222]
[0.428211510181427, 0.48738893866539, 0.08439954370260239]
[0.002754450077190995, 0.056744594126939774, 0.9405009150505066]
[0.035736892372369766, 0.23266565799713135, 0.7315974235534668]
[0.25057661533355713, 0.7065759301185608, 0.042847394943237305]
[0.04428190737962723, 0.839221179485321, 0.11649695038795471]
[0.029250092804431915, 0.2512768805027008, 0.7194730043411255]
[0.03403149172663689, 0.4416615962982178, 0.5243068933486938]
[0.023381279781460762, 0.39789777994155884, 0.5787209272384644]
[0.07387921959161758, 0.6777896285057068, 0.24833109974861145]
[0.06182040646672249, 0.48467883467674255, 0.4535008370876312]
[0.05314655229449272, 0.5274616479873657, 0.4193917512893677]
[0.27768680453300476, 0.6468084454536438, 0.07550477236509323]
[0.5276623964309692, 0.4306303560733795, 0.04170721769332886]
[0.022299736738204956, 0.2570512592792511, 0.720649003982544]
[0.16614259779453278, 0.7271043062210083, 0.10675317049026489]
[0.5416455268859863, 0.411797434091568, 0.046557120978832245]
[0.30573326349258423, 0.5420832633972168, 0.15218350291252136]
[0.09238417446613312, 0.7532493472099304, 0.15436649322509766]
[0.18815696239471436, 0.7368150353431702, 0.07502803206443787]
[0.06777817755937576, 0.6342994570732117, 0.29792240262031555]
[0.1834118515253067, 0.7243620157241821, 0.09222617745399475]
[0.012598816305398941, 0.17449402809143066, 0.8129072189331055]
[0.187562957406044, 0.5785390734672546, 0.23389798402786255]
[0.3044142425060272, 0.5108871459960938, 0.18469856679439545]
[0.03518599271774292, 0.741703987121582, 0.22311006486415863]
[0.03761518374085426, 0.45494893193244934, 0.5074358582496643]
[0.5135563611984253, 0.3999346196651459, 0.08650907129049301]
[0.040589530020952225, 0.3393228352069855, 0.6200876832008362]
[0.0027005216106772423, 0.053633373230695724, 0.9436661601066589]
[0.5247191190719604, 0.39460867643356323, 0.08067215979099274]
