[0.003937362693250179, 0.0942251980304718, 0.9018374681472778]
[0.003786238841712475, 0.12609641253948212, 0.8701173067092896]
[0.4002174139022827, 0.4723404049873352, 0.1274421215057373]
[0.0512019507586956, 0.362992525100708, 0.5858055949211121]
[0.5058460235595703, 0.46076810359954834, 0.03338589519262314]
[0.075657419860363, 0.5105589628219604, 0.41378358006477356]
[0.022226551547646523, 0.46826353669166565, 0.5095098614692688]
[0.3708958327770233, 0.5037955045700073, 0.12530861794948578]
[0.1628798246383667, 0.3993871808052063, 0.4377329647541046]
[0.20318706333637238, 0.44494304060935974, 0.35186994075775146]
[0.14220446348190308, 0.5502471327781677, 0.3075484335422516]
[0.3619539737701416, 0.5331053137779236, 0.10494071990251541]
[0.46017852425575256, 0.4361891746520996, 0.10363230109214783]
[0.19406935572624207, 0.6686424016952515, 0.1372881829738617]
[0.09109045565128326, 0.34109410643577576, 0.5678154230117798]
[0.0612902007997036, 0.44359225034713745, 0.49511754512786865]
[0.43989336490631104, 0.5042141675949097, 0.05589240789413452]
[0.7879321575164795, 0.19676773250102997, 0.0153000233694911]
[0.13568957149982452, 0.7105175852775574, 0.1537928730249405]
[0.5628623366355896, 0.3947027623653412, 0.0424349308013916]
[0.011116279289126396, 0.07342291623353958, 0.9154607653617859]
[0.32298535108566284, 0.5516907572746277, 0.12532389163970947]
[0.7233191728591919, 0.2474331557750702, 0.02924773283302784]
[0.231463223695755, 0.5889409184455872, 0.17959581315517426]
[0.16003331542015076, 0.7479115128517151, 0.09205510467290878]
[0.65629643201828, 0.32413220405578613, 0.019571391865611076]
[0.6830233931541443, 0.2989749610424042, 0.018001614138484]
[0.3361935019493103, 0.5856986045837402, 0.07810785621404648]
[0.33359482884407043, 0.6117004752159119, 0.0547046922147274]
[0.2924933433532715, 0.6472389698028564, 0.06026771664619446]
[0.24878033995628357, 0.5279870629310608, 0.22323255240917206]
[0.2607654333114624, 0.5800753831863403, 0.15915919840335846]
[0.5591899752616882, 0.3987918198108673, 0.042018234729766846]
[0.38984188437461853, 0.5209458470344543, 0.08921229839324951]
[0.21284721791744232, 0.7260252833366394, 0.06112745776772499]
[0.5580865740776062, 0.4030827283859253, 0.03883066028356552]
[0.23248669505119324, 0.6811263561248779, 0.08638695627450943]
[0.6440085172653198, 0.31444987654685974, 0.04154151305556297]
[0.4923795759677887, 0.4231067895889282, 0.08451366424560547]
[0.7731552720069885, 0.1941574215888977, 0.03268732130527496]
[0.1604899764060974, 0.5281168818473816, 0.3113931715488434]
[0.05631079524755478, 0.7625340223312378, 0.18115510046482086]
[0.5226070284843445, 0.3699512481689453, 0.10744180530309677]
[0.09520414471626282, 0.7408594489097595, 0.16393642127513885]
[0.9287480115890503, 0.06267571449279785, 0.008576189167797565]
[0.363977313041687, 0.4554034471511841, 0.1806192398071289]
[0.4814114570617676, 0.4379274547100067, 0.08066108077764511]
[0.04292565956711769, 0.6964778900146484, 0.2605964243412018]
[0.41282862424850464, 0.5168992877006531, 0.07027202844619751]
[0.19544914364814758, 0.6477827429771423, 0.15676817297935486]
[0.05413949489593506, 0.6978211402893066, 0.24803930521011353]
[0.38583478331565857, 0.5101622939109802, 0.10400291532278061]
[0.12160344421863556, 0.5713441371917725, 0.3070524334907532]
[0.04362429678440094, 0.2822827100753784, 0.6740930676460266]
[0.12822337448596954, 0.47924715280532837, 0.3925294280052185]
[0.441911906003952, 0.4729897677898407, 0.08509822189807892]
[0.7513464689254761, 0.22410038113594055, 0.024553244933485985]
[0.07931181788444519, 0.3345969021320343, 0.5860912799835205]
[0.626558780670166, 0.3351770043373108, 0.03826424106955528]
[0.00849433895200491, 0.13304920494556427, 0.8584564328193665]
[0.5674998760223389, 0.3842153549194336, 0.04828481376171112]
[0.023560883477330208, 0.2788054049015045, 0.6976337432861328]
[0.4116586148738861, 0.4369995892047882, 0.15134182572364807]
[0.22453834116458893, 0.485811710357666, 0.28964999318122864]
[0.2035888433456421, 0.6492840051651001, 0.14712707698345184]
[0.5807594656944275, 0.3502667546272278, 0.0689738467335701]
[0.10561802238225937, 0.4077150821685791, 0.4866669476032257]
[0.7624925971031189, 0.221143439412117, 0.016363954171538353]
[0.6069406270980835, 0.3609200417995453, 0.0321393683552742]
[0.7015703916549683, 0.2656298875808716, 0.03279974311590195]
[0.054523155093193054, 0.4569911062717438, 0.4884856641292572]
[0.7678931951522827, 0.19646036624908447, 0.03564644232392311]
[0.4716782569885254, 0.3202992081642151, 0.2080225646495819]
[0.7791769504547119, 0.20372536778450012, 0.017097700387239456]
[0.1510564088821411, 0.6060593724250793, 0.24288427829742432]
[0.07462096214294434, 0.29407328367233276, 0.6313057541847229]
[0.025338612496852875, 0.17154626548290253, 0.8031151294708252]
[0.011971247382462025, 0.22488321363925934, 0.7631455659866333]
[0.2375139445066452, 0.6667370200157166, 0.09574902802705765]
[0.1095983162522316, 0.3583177328109741, 0.5320838689804077]
[0.8188989758491516, 0.16371563076972961, 0.01738545298576355]
[0.05295959487557411, 0.1909639686346054, 0.756076455116272]
[0.007451258599758148, 0.03917507827281952, 0.9533736705780029]
[0.06216513738036156, 0.28283748030662537, 0.6549974083900452]
[0.14997142553329468, 0.4624645411968231, 0.387564092874527]
[0.016311531886458397, 0.23571959137916565, 0.7479689121246338]
[0.007038023788481951, 0.04692135378718376, 0.9460405707359314]
[0.002643060637637973, 0.06286902725696564, 0.9344878792762756]
[0.24369379878044128, 0.4273805320262909, 0.32892560958862305]
[0.18226687610149384, 0.6591140627861023, 0.1586190164089203]
[0.010185948573052883, 0.7784326076507568, 0.21138142049312592]
[0.01515157986432314, 0.25906795263290405, 0.7257804274559021]
[0.3024452030658722, 0.47381487488746643, 0.22373992204666138]
[0.31664755940437317, 0.5128896236419678, 0.17046286165714264]
[0.6608958840370178, 0.30580827593803406, 0.033295851200819016]
[0.22319504618644714, 0.5365807414054871, 0.24022424221038818]
[0.8364854454994202, 0.1473388969898224, 0.016175657510757446]
[0.23609523475170135, 0.5698205232620239, 0.19408421218395233]
[0.8448193073272705, 0.14513705670833588, 0.010043620131909847]
[0.1064421534538269, 0.6610382199287415, 0.23251961171627045]
[0.7650187015533447, 0.20731572806835175, 0.027665626257658005]
[0.931981086730957, 0.06276542693376541, 0.005253542214632034]
[0.1773006021976471, 0.6428202986717224, 0.17987915873527527]
[0.21231307089328766, 0.7113211750984192, 0.07636570930480957]
[0.036687321960926056, 0.2942291498184204, 0.6690835356712341]
[0.2742997407913208, 0.5943180322647095, 0.1313823163509369]
[0.30760928988456726, 0.5900365710258484, 0.10235416889190674]
[0.3383241593837738, 0.5998614430427551, 0.061814405024051666]
[0.0623440220952034, 0.40003475546836853, 0.5376212000846863]
[0.04031019285321236, 0.5377755761146545, 0.4219142496585846]
[0.03210050240159035, 0.650148332118988, 0.31775110960006714]
[0.01618165150284767, 0.3865799605846405, 0.5972384214401245]
[0.21298785507678986, 0.5754032135009766, 0.21160884201526642]
[0.2929299473762512, 0.6439929008483887, 0.06307706981897354]
[0.04471220821142197, 0.6921283602714539, 0.2631594240665436]
[0.21832750737667084, 0.645271360874176, 0.13640107214450836]
[0.0807291716337204, 0.7042982578277588, 0.2149726003408432]
[0.03165258839726448, 0.3517739772796631, 0.6165733933448792]
[0.1352967768907547, 0.6651366949081421, 0.19956658780574799]
[0.18452437222003937, 0.7388429641723633, 0.07663264870643616]
[0.7985712885856628, 0.18660850822925568, 0.014820154756307602]
[0.6258888244628906, 0.3468988537788391, 0.027212219312787056]
[0.5055976510047913, 0.4599621593952179, 0.03444017097353935]
[0.1539173424243927, 0.7263989448547363, 0.11968371272087097]
[0.47247305512428284, 0.4427954852581024, 0.08473142981529236]
[0.06504328548908234, 0.829450249671936, 0.10550643503665924]
[0.9348470568656921, 0.061350833624601364, 0.003802059916779399]
[0.4300730526447296, 0.5101348161697388, 0.05979211628437042]
[0.020736074075102806, 0.7452958226203918, 0.2339680790901184]
[0.43926793336868286, 0.48099178075790405, 0.07974033802747726]
[0.8432294726371765, 0.1401897370815277, 0.01658076047897339]
[0.07589759677648544, 0.4551204442977905, 0.4689820110797882]
[0.31522437930107117, 0.5117908120155334, 0.1729847937822342]
[0.5535515546798706, 0.3790243864059448, 0.06742401421070099]
[0.08833987265825272, 0.5124736428260803, 0.39918649196624756]
[0.054038383066654205, 0.41707655787467957, 0.528885006904602]
[0.1615772247314453, 0.6701521277427673, 0.16827064752578735]
[0.08657506853342056, 0.6983723044395447, 0.21505264937877655]
[0.6900874376296997, 0.28378885984420776, 0.026123812422156334]
[0.1165623739361763, 0.8361595869064331, 0.04727805778384209]
[0.5489895343780518, 0.37906530499458313, 0.07194516807794571]
[0.8093716502189636, 0.17299185693264008, 0.017636392265558243]
[0.532246470451355, 0.42979708313941956, 0.03795648738741875]
[0.39727526903152466, 0.5321736931800842, 0.07055097818374634]
[0.4429892599582672, 0.49379098415374756, 0.06321974843740463]
[0.027221564203500748, 0.8991255164146423, 0.07365294545888901]
[0.11864091455936432, 0.789315402507782, 0.09204373508691788]
[0.01918855682015419, 0.2979361116886139, 0.6828752756118774]
[0.4783962368965149, 0.4463897943496704, 0.0752139613032341]
[0.3409730792045593, 0.5804886817932129, 0.0785382017493248]
[0.29007452726364136, 0.6249679327011108, 0.08495751023292542]
[0.270110547542572, 0.5181127786636353, 0.21177668869495392]
[0.35393035411834717, 0.545706033706665, 0.10036361962556839]
[0.29546138644218445, 0.5667669177055359, 0.13777171075344086]
[0.9392794370651245, 0.05318343639373779, 0.007537090219557285]
[0.6913221478462219, 0.2706350088119507, 0.03804286941885948]
[0.07279077917337418, 0.5185949802398682, 0.4086141884326935]
[0.0395151786506176, 0.2747480869293213, 0.6857367157936096]
[0.04894797503948212, 0.2234383225440979, 0.7276136875152588]
[0.16727638244628906, 0.38743022084236145, 0.4452933967113495]
[0.3581673800945282, 0.4251354932785034, 0.21669703722000122]
[0.29307398200035095, 0.47229713201522827, 0.23462887108325958]
[0.001583758508786559, 0.030151469632983208, 0.9682647585868835]
[0.0054402737878263, 0.23779022693634033, 0.7567694783210754]
[0.002065381733700633, 0.025053080171346664, 0.972881555557251]
[0.11532646417617798, 0.1755112260580063, 0.7091622352600098]
[0.004216697067022324, 0.03493599593639374, 0.9608472585678101]
[0.001263403333723545, 0.023011181503534317, 0.9757254123687744]
[0.01951424404978752, 0.16554301977157593, 0.8149427175521851]
[0.00342370942234993, 0.11678869277238846, 0.8797876238822937]
[0.2987678050994873, 0.573458194732666, 0.1277739703655243]
[0.024774162098765373, 0.8422905802726746, 0.13293525576591492]
[0.27150145173072815, 0.514255702495575, 0.2142428159713745]
[0.5560445189476013, 0.40583041310310364, 0.03812502697110176]
[0.673410952091217, 0.28414687514305115, 0.042442191392183304]
[0.026047049090266228, 0.18666772544384003, 0.7872852683067322]
[0.09063047170639038, 0.30615776777267456, 0.6032117605209351]
[0.38441944122314453, 0.4684768319129944, 0.1471037119626999]
[0.4606882333755493, 0.5113682746887207, 0.02794353850185871]
[0.8923020958900452, 0.1002277061343193, 0.007470227312296629]
[0.49385178089141846, 0.44540706276893616, 0.06074109673500061]
[0.12635475397109985, 0.6891210675239563, 0.18452419340610504]
[0.8421022295951843, 0.1464689075946808, 0.01142884697765112]
[0.6002379059791565, 0.3430238366127014, 0.05673825368285179]
[0.04248557612299919, 0.2335463911294937, 0.7239680886268616]
[0.8313355445861816, 0.15229955315589905, 0.01636485941708088]
[0.36270254850387573, 0.43674108386039734, 0.2005564123392105]
[0.6892824172973633, 0.2744944393634796, 0.036223072558641434]
[0.4389503598213196, 0.49152007699012756, 0.06952963024377823]
[0.0979553759098053, 0.3842630386352539, 0.5177815556526184]
[0.0364486426115036, 0.17181606590747833, 0.7917352914810181]
[0.006089894566684961, 0.11298201233148575, 0.880928099155426]
[0.34242454171180725, 0.5168496370315552, 0.140725776553154]
[0.33155566453933716, 0.48798638582229614, 0.1804579645395279]
[0.010307734832167625, 0.07922718673944473, 0.9104650616645813]
[0.0021610676776617765, 0.08735045790672302, 0.910488486289978]
[0.22633521258831024, 0.563157320022583, 0.21050739288330078]
[0.6920899748802185, 0.29163894057273865, 0.016271140426397324]
[0.8609070777893066, 0.1243935078382492, 0.014699476771056652]
[0.5457513332366943, 0.4300888776779175, 0.024159777909517288]
[0.37382379174232483, 0.5689581632614136, 0.057218026369810104]
[0.9670246243476868, 0.030075600370764732, 0.002899749903008342]
[0.9654725790023804, 0.031192047521471977, 0.00333542563021183]
[0.7644310593605042, 0.18350821733474731, 0.05206076055765152]
[0.34404227137565613, 0.4393165111541748, 0.21664126217365265]
[0.9140958189964294, 0.07717230916023254, 0.008731933310627937]
[0.42492592334747314, 0.4917749762535095, 0.08329916000366211]
[0.07881901413202286, 0.4087991714477539, 0.5123817920684814]
[0.016860973089933395, 0.251922070980072, 0.7312169671058655]
[0.17979134619235992, 0.20512033998966217, 0.6150883436203003]
[0.011858259327709675, 0.06621664762496948, 0.9219250679016113]
[0.019903331995010376, 0.2103603631258011, 0.7697363495826721]
[0.01067137997597456, 0.22376751899719238, 0.7655611038208008]
[0.7250391244888306, 0.2524968087673187, 0.02246401086449623]
[0.2117498815059662, 0.31878897547721863, 0.4694611430168152]
[0.007964301854372025, 0.11557338386774063, 0.8764623403549194]
[0.003417401574552059, 0.063330739736557, 0.9332518577575684]
[0.011309938505291939, 0.05843169614672661, 0.9302583932876587]
[0.03960493206977844, 0.625022292137146, 0.33537277579307556]
[0.8090223073959351, 0.17770573496818542, 0.013271955773234367]
[0.12963037192821503, 0.5945460796356201, 0.27582356333732605]
[0.7943755388259888, 0.18865551054477692, 0.016968905925750732]
[0.44690895080566406, 0.48694464564323425, 0.0661463662981987]
[0.09394408017396927, 0.5270329713821411, 0.37902289628982544]
[0.004294974263757467, 0.09755059331655502, 0.8981544375419617]
[0.020631585270166397, 0.1842506378889084, 0.7951177954673767]
[0.05812188610434532, 0.6805064082145691, 0.2613717019557953]
[0.7811808586120605, 0.20252130925655365, 0.0162979569286108]
[0.14978162944316864, 0.743064284324646, 0.10715410113334656]
[0.27598512172698975, 0.5966970920562744, 0.12731777131557465]
[0.038624782115221024, 0.37138205766677856, 0.5899931192398071]
[0.1804942935705185, 0.622961163520813, 0.19654454290866852]
[0.17930956184864044, 0.6379082798957825, 0.1827821284532547]
[0.573854923248291, 0.38710665702819824, 0.03903849050402641]
[0.629079282283783, 0.3204638957977295, 0.050456829369068146]
[0.8991112112998962, 0.09158245474100113, 0.00930632371455431]
[0.22610343992710114, 0.5823513865470886, 0.19154523313045502]
[0.5695416331291199, 0.3730674684047699, 0.05739089474081993]
[0.847992479801178, 0.1453777700662613, 0.006629687733948231]
[0.4701169729232788, 0.4742792248725891, 0.05560377240180969]
[0.36526134610176086, 0.5798013806343079, 0.05493728071451187]
[0.6681436896324158, 0.28050339221954346, 0.05135289952158928]
[0.9361386299133301, 0.054182980209589005, 0.009678460657596588]
[0.3340538442134857, 0.5157745480537415, 0.1501716673374176]
[0.14401569962501526, 0.4332241714000702, 0.4227601885795593]
[0.5449652075767517, 0.4005611836910248, 0.054473575204610825]
[0.005213962867856026, 0.05963190272450447, 0.9351540803909302]
[0.8231528997421265, 0.15000538527965546, 0.0268416665494442]
[0.011379114352166653, 0.15140874683856964, 0.8372121453285217]
[0.027367202565073967, 0.1643816977739334, 0.8082510232925415]
[0.20796824991703033, 0.6551202535629272, 0.13691143691539764]
[0.20484012365341187, 0.579712450504303, 0.21544741094112396]
[0.11270196735858917, 0.5713933706283569, 0.3159046769142151]
[0.5304596424102783, 0.41569575667381287, 0.05384461209177971]
[0.0249400082975626, 0.4259761571884155, 0.5490838289260864]
[0.0170927532017231, 0.0967494547367096, 0.8861578106880188]
[0.7345433235168457, 0.24886269867420197, 0.016593940556049347]
[0.21999827027320862, 0.504713237285614, 0.27528849244117737]
[0.012138664722442627, 0.09696130454540253, 0.8909000754356384]
[0.06672076135873795, 0.46765998005867004, 0.46561920642852783]
[0.6179718375205994, 0.36671313643455505, 0.015314977616071701]
[0.796908438205719, 0.19530236721038818, 0.007789225317537785]
[0.43820929527282715, 0.5127907395362854, 0.04900001361966133]
[0.2312316745519638, 0.6685976386070251, 0.10017061233520508]
[0.01729406602680683, 0.540145754814148, 0.44256025552749634]
[0.13407130539417267, 0.5904961824417114, 0.2754324972629547]
[0.060255054384469986, 0.6004828214645386, 0.3392621874809265]
[0.02967625856399536, 0.8176612854003906, 0.15266241133213043]
[0.45512092113494873, 0.4825468063354492, 0.062332309782505035]
[0.2840798795223236, 0.5257291197776794, 0.19019104540348053]
[0.04688633233308792, 0.2712595462799072, 0.6818540692329407]
[0.5073713064193726, 0.38098451495170593, 0.11164417862892151]
[0.7060468196868896, 0.2651297152042389, 0.028823476284742355]
[0.8766388297080994, 0.11098206788301468, 0.012379022315144539]
[0.7997848987579346, 0.18514956533908844, 0.015065521001815796]
[0.17237667739391327, 0.5580174922943115, 0.2696058750152588]
[0.39777618646621704, 0.501346230506897, 0.1008775532245636]
[0.46511974930763245, 0.4762440323829651, 0.058636248111724854]
[0.07689490914344788, 0.7940204739570618, 0.12908458709716797]
[0.7138883471488953, 0.2612166702747345, 0.02489488199353218]
[0.14867308735847473, 0.6317234039306641, 0.21960356831550598]
[0.8235442638397217, 0.1551705151796341, 0.021285276859998703]
[0.5764850974082947, 0.346728652715683, 0.07678626477718353]
[0.6651224493980408, 0.24044696986675262, 0.09443051367998123]
[0.7996222972869873, 0.17223554849624634, 0.028142141178250313]
[0.019931133836507797, 0.22721245884895325, 0.752856433391571]
[0.20130079984664917, 0.6162386536598206, 0.18246053159236908]
[0.42413222789764404, 0.504132866859436, 0.07173493504524231]
[0.17223885655403137, 0.3393856883049011, 0.4883754849433899]
[0.018164660781621933, 0.10251637548208237, 0.8793189525604248]
[0.08528634160757065, 0.5788185596466064, 0.3358951210975647]
[0.48877978324890137, 0.4285440146923065, 0.08267614990472794]
[0.05975097045302391, 0.23745182156562805, 0.7027971744537354]
[0.002840766217559576, 0.03944322094321251, 0.9577160477638245]
[0.5303195118904114, 0.4300537705421448, 0.039626672863960266]
[0.7447901964187622, 0.22128508985042572, 0.03392466902732849]
[0.02220190316438675, 0.06939198076725006, 0.9084060788154602]
[0.38404563069343567, 0.43615034222602844, 0.17980395257472992]
[0.42769625782966614, 0.44469767808914185, 0.12760604918003082]
[0.3959500789642334, 0.5035768747329712, 0.10047302395105362]
[0.34458887577056885, 0.35133665800094604, 0.3040744960308075]
[0.20023296773433685, 0.2414800077676773, 0.5582869648933411]
[0.5050061345100403, 0.4075809121131897, 0.08741296082735062]
[0.21568162739276886, 0.6523545384407043, 0.131963849067688]
[0.06157292425632477, 0.23951169848442078, 0.6989153623580933]
[0.1938394159078598, 0.4620864689350128, 0.3440740704536438]
[0.26863861083984375, 0.5454953908920288, 0.18586596846580505]
[0.34782135486602783, 0.53033447265625, 0.12184420973062515]
[0.44588178396224976, 0.4554784595966339, 0.09863974899053574]
[0.017384981736540794, 0.1430935561656952, 0.8395215272903442]
[0.6415317058563232, 0.32742056250572205, 0.03104773536324501]
[0.5165693759918213, 0.40792548656463623, 0.07550510764122009]
[0.1192053034901619, 0.5465341806411743, 0.334260493516922]
[0.04653748869895935, 0.6603228449821472, 0.29313966631889343]
[0.11600138247013092, 0.39403849840164185, 0.4899601638317108]
[0.3705429136753082, 0.4900522232055664, 0.13940489292144775]
[0.10679008811712265, 0.8114182949066162, 0.08179157227277756]
[0.9320302605628967, 0.06311769038438797, 0.004852002952247858]
[0.2022252082824707, 0.5377113819122314, 0.26006340980529785]
[0.015453319065272808, 0.15162250399589539, 0.8329241275787354]
[0.2986767590045929, 0.537076473236084, 0.1642467975616455]
[0.011600304394960403, 0.12272431701421738, 0.8656753301620483]
[0.18495970964431763, 0.7186746001243591, 0.09636566042900085]
[0.04498617723584175, 0.5563505291938782, 0.3986632525920868]
[0.09784417599439621, 0.7659908533096313, 0.13616497814655304]
[0.11399407684803009, 0.7821117043495178, 0.1038941740989685]
[0.004742137156426907, 0.05085397884249687, 0.944403886795044]
[0.004614915698766708, 0.11773540824651718, 0.8776496648788452]
[0.36627501249313354, 0.542624831199646, 0.09110019356012344]
[0.15285515785217285, 0.6163244843482971, 0.23082038760185242]
[0.33727285265922546, 0.5519886016845703, 0.11073853820562363]
[0.03740880638360977, 0.49930164217948914, 0.46328961849212646]
[0.051074568182229996, 0.5399367213249207, 0.40898874402046204]
[0.546013355255127, 0.375006765127182, 0.07897982001304626]
[0.288023978471756, 0.5835052728652954, 0.1284707933664322]
[0.05263187363743782, 0.33546197414398193, 0.6119061708450317]
[0.02556304633617401, 0.23661087453365326, 0.7378260493278503]
[0.003098001005128026, 0.0642789900302887, 0.9326229691505432]
[0.03355519101023674, 0.2831028401851654, 0.683341920375824]
[0.029561111703515053, 0.21443475782871246, 0.7560040950775146]
[0.04075345769524574, 0.1640976071357727, 0.7951489090919495]
[0.010793643072247505, 0.16904675960540771, 0.8201596140861511]
[0.11476725339889526, 0.581189751625061, 0.3040430545806885]
[0.00795349944382906, 0.0782528892159462, 0.9137936234474182]
[0.0076186866499483585, 0.05771587789058685, 0.9346653819084167]
[0.5871808528900146, 0.30166998505592346, 0.11114925146102905]
[0.06066178157925606, 0.7063037157058716, 0.23303449153900146]
[0.05198938399553299, 0.1744517832994461, 0.7735587954521179]
[0.055739015340805054, 0.1577288955450058, 0.7865320444107056]
[0.3008387088775635, 0.5200127363204956, 0.17914867401123047]
[0.010282323695719242, 0.07046955078840256, 0.919248104095459]
[0.06079171597957611, 0.20222888886928558, 0.7369794249534607]
[0.2863311171531677, 0.5087475180625916, 0.2049214094877243]
[0.5660502314567566, 0.3916192054748535, 0.042330581694841385]
[0.09932710975408554, 0.502022385597229, 0.39865055680274963]
[0.008417795412242413, 0.11349663883447647, 0.8780856132507324]
[0.08152356743812561, 0.4417074918746948, 0.4767689108848572]
[0.03811950609087944, 0.43645551800727844, 0.5254249572753906]
[0.25237569212913513, 0.374634325504303, 0.3729899823665619]
[0.7322009801864624, 0.24874266982078552, 0.019056349992752075]
[0.5195745825767517, 0.4438283443450928, 0.03659707307815552]
[0.042523518204689026, 0.2515498995780945, 0.7059265971183777]
[0.8699522018432617, 0.11919253319501877, 0.010855285450816154]
[0.1697210967540741, 0.5563510656356812, 0.27392783761024475]
[0.03770601749420166, 0.36472418904304504, 0.5975698232650757]
[0.7921104431152344, 0.19033929705619812, 0.017550256103277206]
[0.10215812921524048, 0.5060826539993286, 0.3917592763900757]
[0.014694374985992908, 0.08454900979995728, 0.9007566571235657]
[0.19930747151374817, 0.4875004291534424, 0.3131921589374542]
[0.10950174182653427, 0.5534873008728027, 0.3370109796524048]
[0.07085812091827393, 0.5834575295448303, 0.34568437933921814]
[0.350638747215271, 0.5514805316925049, 0.09788075089454651]
[0.2401554435491562, 0.6935238838195801, 0.0663207620382309]
[0.38697800040245056, 0.5677834153175354, 0.04523850977420807]
[0.2213488072156906, 0.6186432838439941, 0.16000792384147644]
[0.23072531819343567, 0.6519558429718018, 0.11731892824172974]
[0.48216331005096436, 0.45827293395996094, 0.059563782066106796]
[0.7671794891357422, 0.20524807274341583, 0.027572497725486755]
[0.6605077981948853, 0.3069571852684021, 0.032535068690776825]
[0.746027946472168, 0.2341955602169037, 0.019776491448283195]
[0.10121858865022659, 0.3424305319786072, 0.5563509464263916]
[0.05515386164188385, 0.48565635085105896, 0.459189772605896]
[0.5489721298217773, 0.4050014317035675, 0.04602640122175217]
[0.35577043890953064, 0.5575895309448242, 0.08664007484912872]
[0.0047577605582773685, 0.06536177545785904, 0.9298804998397827]
[0.6806140542030334, 0.25813204050064087, 0.06125392019748688]
[0.7133611440658569, 0.2633744180202484, 0.023264361545443535]
[0.23402951657772064, 0.4947914481163025, 0.2711790204048157]
[0.06549844890832901, 0.4363730847835541, 0.4981285333633423]
[0.0037822432350367308, 0.17124541103839874, 0.82497239112854]
[0.006775441113859415, 0.0589141845703125, 0.9343103170394897]
[0.42279741168022156, 0.5140783190727234, 0.06312424689531326]
[0.005423658061772585, 0.0677293911576271, 0.9268469214439392]
[0.055979207158088684, 0.4522465467453003, 0.49177423119544983]
[0.030406421050429344, 0.4069737195968628, 0.5626198649406433]
[0.1245642900466919, 0.5124768018722534, 0.36295896768569946]
[0.6692603826522827, 0.28420475125312805, 0.04653491452336311]
[0.04845110699534416, 0.4898134469985962, 0.46173548698425293]
[0.12282460927963257, 0.6735643148422241, 0.2036110907793045]
[0.07182981073856354, 0.4506757855415344, 0.47749438881874084]
[0.01261960994452238, 0.08567500859498978, 0.9017053246498108]
[0.11837770789861679, 0.11775916814804077, 0.7638630867004395]
