[0.0022527941036969423, 0.027567986398935318, 0.9701792001724243]
[0.029329122975468636, 0.7783129811286926, 0.19235798716545105]
[0.07286902517080307, 0.6370917558670044, 0.2900392413139343]
[0.0022311501670628786, 0.18405410647392273, 0.8137147426605225]
[0.267411470413208, 0.49733468890190125, 0.23525378108024597]
[0.001693819765932858, 0.0198057834059, 0.9785004258155823]
[0.014103100635111332, 0.7974349856376648, 0.18846192955970764]
[0.00340268318541348, 0.022364171221852303, 0.9742331504821777]
[0.011521206237375736, 0.2446754425764084, 0.7438033223152161]
[0.0022521987557411194, 0.0228663869202137, 0.9748814105987549]
[0.05297345295548439, 0.3899710476398468, 0.5570555329322815]
[0.13844051957130432, 0.4001849293708801, 0.4613746106624603]
[0.029451724141836166, 0.3903229236602783, 0.58022540807724]
[0.39826104044914246, 0.5313035249710083, 0.07043542712926865]
[0.048296358436346054, 0.14622601866722107, 0.8054776191711426]
[0.02153577283024788, 0.4922969341278076, 0.48616722226142883]
[0.06945877522230148, 0.2833176851272583, 0.6472235321998596]
[0.3800233006477356, 0.4925936758518219, 0.1273830682039261]
[0.013868304900825024, 0.151315376162529, 0.8348162770271301]
[0.036724403500556946, 0.7016569972038269, 0.2616186738014221]
[0.4867347776889801, 0.3935714066028595, 0.1196938157081604]
[0.7672504782676697, 0.20524373650550842, 0.027505794540047646]
[0.05806766450405121, 0.4774963855743408, 0.4644359052181244]
[0.24059012532234192, 0.5483246445655823, 0.2110852748155594]
[0.021970631554722786, 0.392903596162796, 0.5851258039474487]
[0.008728560991585255, 0.07789204269647598, 0.913379430770874]
[0.6590929627418518, 0.2913583219051361, 0.04954870417714119]
[0.8187165856361389, 0.1645066738128662, 0.016776757314801216]
[0.023777861148118973, 0.2198794037103653, 0.7563427686691284]
[0.21940822899341583, 0.6167727112770081, 0.16381901502609253]
[0.44610509276390076, 0.4861631393432617, 0.06773171573877335]
[0.6894791722297668, 0.2561022639274597, 0.05441863089799881]
[0.05013973265886307, 0.3663944900035858, 0.5834658145904541]
[0.09067127108573914, 0.37017104029655457, 0.5391576290130615]
[0.040890224277973175, 0.23676462471485138, 0.7223451733589172]
[0.031337082386016846, 0.23301076889038086, 0.7356522083282471]
[0.09137459099292755, 0.4759179651737213, 0.43270736932754517]
[0.26862117648124695, 0.47520557045936584, 0.2561732232570648]
[0.0751349925994873, 0.6206274032592773, 0.30423760414123535]
[0.42104265093803406, 0.45485052466392517, 0.12410682439804077]
[0.07984223961830139, 0.45399072766304016, 0.46616706252098083]
[0.03682941943407059, 0.2842539846897125, 0.6789165735244751]
[0.2958256006240845, 0.46246635913848877, 0.24170804023742676]
[0.3947129547595978, 0.5405498743057251, 0.06473716348409653]
[0.14267182350158691, 0.39800766110420227, 0.4593205153942108]
[0.5175561904907227, 0.40154993534088135, 0.08089383691549301]
[0.1298895925283432, 0.6574594974517822, 0.21265088021755219]
[0.019963201135396957, 0.24397684633731842, 0.7360599637031555]
[0.46875956654548645, 0.3449845016002655, 0.18625600636005402]
[0.4468076229095459, 0.4829781651496887, 0.07021427154541016]
[0.0754498839378357, 0.37189528346061707, 0.5526548027992249]
[0.05812407657504082, 0.31493669748306274, 0.6269392371177673]
[0.026061220094561577, 0.16140806674957275, 0.8125307559967041]
[0.828247606754303, 0.14812490344047546, 0.023627419024705887]
[0.5401228666305542, 0.3741961419582367, 0.08568104356527328]
[0.37717437744140625, 0.5349791646003723, 0.08784650266170502]
[0.14231085777282715, 0.38680073618888855, 0.4708884358406067]
[0.37727078795433044, 0.46969252824783325, 0.1530366837978363]
[0.2050796002149582, 0.557564377784729, 0.2373560070991516]
[0.4745332896709442, 0.2853377163410187, 0.24012890458106995]
[0.050139836966991425, 0.22036691009998322, 0.729493260383606]
[0.24611571431159973, 0.4010174572467804, 0.35286685824394226]
[0.0361211895942688, 0.2430763691663742, 0.7208024263381958]
[0.061354972422122955, 0.23276536166667938, 0.7058796882629395]
[0.10131095349788666, 0.5550084114074707, 0.3436806797981262]
[0.014486000873148441, 0.16374845802783966, 0.8217655420303345]
[0.006657334975898266, 0.05970745161175728, 0.9336352348327637]
[0.31192874908447266, 0.48820826411247253, 0.1998629868030548]
[0.14062392711639404, 0.6656855940818787, 0.1936904489994049]
[0.7580382227897644, 0.20221751928329468, 0.03974420204758644]
[0.04610228165984154, 0.34300029277801514, 0.610897421836853]
[0.0048368885181844234, 0.07598290592432022, 0.9191802144050598]
[0.5137939453125, 0.4122225046157837, 0.07398360222578049]
[0.4238775968551636, 0.45332619547843933, 0.12279625982046127]
[0.03158263489603996, 0.21099336445331573, 0.7574239373207092]
[0.026805222034454346, 0.3613361418247223, 0.6118585467338562]
[0.40943583846092224, 0.43200626969337463, 0.15855783224105835]
[0.0360778383910656, 0.31584876775741577, 0.6480734348297119]
[0.0073011089116334915, 0.061183564364910126, 0.9315152764320374]
[0.31285983324050903, 0.5899383425712585, 0.09720183908939362]
[0.5133947730064392, 0.3916737139225006, 0.09493152797222137]
[0.465726763010025, 0.41536062955856323, 0.11891262233257294]
[0.8347071409225464, 0.14178630709648132, 0.02350650541484356]
[0.1357591450214386, 0.5514088273048401, 0.3128320276737213]
[0.15609173476696014, 0.438791960477829, 0.4051162898540497]
[0.07875508069992065, 0.6156727075576782, 0.30557215213775635]
[0.03215429186820984, 0.43737509846687317, 0.530470609664917]
[0.261822909116745, 0.5462434887886047, 0.1919335424900055]
[0.011025547049939632, 0.2137734293937683, 0.7752009630203247]
[0.005159961991012096, 0.15081511437892914, 0.8440249562263489]
[0.29276999831199646, 0.5869116187095642, 0.12031837552785873]
[0.14487121999263763, 0.28254860639572144, 0.5725802183151245]
[0.06802626699209213, 0.44152596592903137, 0.4904477298259735]
[0.03323237597942352, 0.19027411937713623, 0.776493489742279]
[0.12406045943498611, 0.43248388171195984, 0.44345563650131226]
[0.2706215977668762, 0.4363270699977875, 0.2930513918399811]
[0.3473837673664093, 0.5322716236114502, 0.12034457176923752]
[0.09318067133426666, 0.4352596700191498, 0.4715596139431]
[0.09504342079162598, 0.3683151602745056, 0.5366413593292236]
[0.24483822286128998, 0.4120921492576599, 0.3430696427822113]
[0.5803729295730591, 0.31999140977859497, 0.09963560849428177]
[0.05608464032411575, 0.8187206983566284, 0.12519466876983643]
[0.22906100749969482, 0.5346101522445679, 0.2363288253545761]
[0.04224180430173874, 0.5340976119041443, 0.423660546541214]
[0.5664358139038086, 0.36404165625572205, 0.06952253729104996]
[0.12848111987113953, 0.44673022627830505, 0.4247886836528778]
[0.019535616040229797, 0.2618882954120636, 0.7185761332511902]
[0.1373264044523239, 0.5362547039985657, 0.32641884684562683]
[0.4635865092277527, 0.4723326563835144, 0.06408083438873291]
[0.032095856964588165, 0.20244090259075165, 0.7654632925987244]
[0.5406604409217834, 0.34584349393844604, 0.11349604278802872]
[0.01684272103011608, 0.4697854220867157, 0.5133718252182007]
[0.009791390970349312, 0.23523183166980743, 0.754976749420166]
[0.03576944023370743, 0.6058658957481384, 0.35836464166641235]
[0.34540435671806335, 0.4954802095890045, 0.15911537408828735]
[0.29619136452674866, 0.5102774500846863, 0.19353117048740387]
[0.0031604126561433077, 0.03406451269984245, 0.9627750515937805]
[0.031004663556814194, 0.36670252680778503, 0.6022928357124329]
[0.34315961599349976, 0.5419549942016602, 0.11488529294729233]
[0.1423545777797699, 0.5039050579071045, 0.353740394115448]
[0.36534610390663147, 0.48942995071411133, 0.14522401988506317]
[0.3958016633987427, 0.4181458652019501, 0.18605253100395203]
[0.3243033289909363, 0.47703292965888977, 0.19866369664669037]
[0.09050112962722778, 0.5758389830589294, 0.3336598873138428]
[0.3367000222206116, 0.5625534653663635, 0.1007465198636055]
[0.22715099155902863, 0.4764084815979004, 0.29644057154655457]
[0.18763230741024017, 0.4183725118637085, 0.39399516582489014]
[0.18481598794460297, 0.42558780312538147, 0.38959619402885437]
[0.38617852330207825, 0.49629509449005127, 0.11752632260322571]
[0.6590588092803955, 0.29820340871810913, 0.042737752199172974]
[0.059276096522808075, 0.3641112446784973, 0.576612651348114]
[0.3124374449253082, 0.45822712779045105, 0.2293354719877243]
[0.06303654611110687, 0.30011218786239624, 0.6368512511253357]
[0.1861884444952011, 0.5965830683708191, 0.21722851693630219]
[0.2799908518791199, 0.5868040323257446, 0.13320514559745789]
[0.034091152250766754, 0.2190263718366623, 0.746882438659668]
[0.03936896473169327, 0.23081892728805542, 0.7298121452331543]
[0.18668873608112335, 0.5868790149688721, 0.22643227875232697]
[0.39232203364372253, 0.4620771110057831, 0.145600825548172]
[0.35397467017173767, 0.4904080927371979, 0.15561725199222565]
[0.503658652305603, 0.37163692712783813, 0.12470445036888123]
[0.20798298716545105, 0.5962601900100708, 0.19575685262680054]
[0.2087576538324356, 0.5260002017021179, 0.26524215936660767]
[0.03216857463121414, 0.07748720049858093, 0.8903442621231079]
[0.6006190776824951, 0.361044704914093, 0.0383361391723156]
[0.9242127537727356, 0.0700831338763237, 0.005704026203602552]
[0.47036489844322205, 0.42317354679107666, 0.1064615324139595]
[0.03898060694336891, 0.3835461139678955, 0.5774732232093811]
[0.11656269431114197, 0.6981761455535889, 0.18526118993759155]
[0.034664738923311234, 0.23002946376800537, 0.7353057861328125]
[0.011834791861474514, 0.13780921697616577, 0.8503559827804565]
[0.031244739890098572, 0.20774172246456146, 0.7610135078430176]
[0.31403762102127075, 0.4997861683368683, 0.18617621064186096]
[0.5795137286186218, 0.37739187479019165, 0.04309447109699249]
[0.4170142114162445, 0.49271315336227417, 0.09027258306741714]
[0.46156805753707886, 0.4659785330295563, 0.07245340198278427]
[0.2103055864572525, 0.5161412358283997, 0.2735532224178314]
[0.5345044732093811, 0.35706865787506104, 0.10842689126729965]
[0.551488995552063, 0.3634224832057953, 0.08508849143981934]
[0.148321732878685, 0.2315053790807724, 0.620172917842865]
[0.005023438483476639, 0.06805671006441116, 0.9269198775291443]
[0.27905598282814026, 0.4243473410606384, 0.29659661650657654]
[0.17795635759830475, 0.5965837240219116, 0.22545985877513885]
[0.03578401729464531, 0.3233505189418793, 0.6408655047416687]
[0.015509660355746746, 0.1823834776878357, 0.8021069169044495]
[0.002639405196532607, 0.12709194421768188, 0.8702686429023743]
[0.04914411902427673, 0.7087762355804443, 0.2420796900987625]
[0.007829220965504646, 0.07561381906270981, 0.9165569543838501]
[0.4430009722709656, 0.3723748028278351, 0.18462421000003815]
[0.008016668260097504, 0.1296616941690445, 0.8623216152191162]
[0.4680974781513214, 0.40205562114715576, 0.12984693050384521]
[0.08170995116233826, 0.5030730962753296, 0.41521695256233215]
[0.19238759577274323, 0.6489734053611755, 0.15863899886608124]
[0.06046866998076439, 0.580551266670227, 0.35898011922836304]
[0.08709300309419632, 0.630983829498291, 0.2819231450557709]
[0.5125754475593567, 0.43469154834747314, 0.05273301899433136]
[0.17104309797286987, 0.4895023703575134, 0.3394545614719391]
[0.8026490211486816, 0.17965638637542725, 0.017694607377052307]
[0.6592215895652771, 0.2780509889125824, 0.0627274215221405]
[0.37218916416168213, 0.38387611508369446, 0.243934765458107]
[0.22581738233566284, 0.4912133812904358, 0.28296923637390137]
[0.10001031309366226, 0.3448420464992523, 0.5551477074623108]
[0.9473983645439148, 0.044124290347099304, 0.008477392606437206]
[0.7685953378677368, 0.19538338482379913, 0.036021292209625244]
[0.13221587240695953, 0.4781070351600647, 0.3896770775318146]
[0.013616013340651989, 0.23464061319828033, 0.7517433762550354]
[0.026433434337377548, 0.2861306369304657, 0.6874359250068665]
[0.4723470211029053, 0.4289607107639313, 0.09869230538606644]
[0.6205332279205322, 0.3181639611721039, 0.06130282208323479]
[0.12972691655158997, 0.38250547647476196, 0.48776760697364807]
[0.2543143033981323, 0.27599743008613586, 0.4696882665157318]
[0.04879429191350937, 0.24623674154281616, 0.7049689292907715]
[0.5017617344856262, 0.3673342168331146, 0.13090409338474274]
[0.0031571839936077595, 0.019185857847332954, 0.9776570200920105]
[0.33926135301589966, 0.3919777572154999, 0.26876088976860046]
[0.01439367514103651, 0.25616857409477234, 0.7294377684593201]
[0.7515423893928528, 0.20574530959129333, 0.04271228611469269]
[0.01504272036254406, 0.11985056847333908, 0.8651066422462463]
[0.020205136388540268, 0.23731234669685364, 0.7424825429916382]
[0.030350280925631523, 0.08067267388105392, 0.88897705078125]
[0.3099696636199951, 0.5270090699195862, 0.1630212813615799]
[0.13016358017921448, 0.41753652691841125, 0.45229995250701904]
[0.32440251111984253, 0.5015172362327576, 0.1740802675485611]
[0.007835476659238338, 0.045722730457782745, 0.9464417695999146]
[0.8025956749916077, 0.1698625534772873, 0.027541762217879295]
[0.04270080104470253, 0.34836843609809875, 0.608930766582489]
[0.20692256093025208, 0.5540100932121277, 0.23906733095645905]
[0.47634461522102356, 0.4253641963005066, 0.09829115867614746]
[0.0510801300406456, 0.17645180225372314, 0.772468090057373]
[0.008206987753510475, 0.040719009935855865, 0.9510740041732788]
[0.9010261297225952, 0.08764177560806274, 0.011332103051245213]
[0.5146604180335999, 0.4023910462856293, 0.08294854313135147]
[0.24512532353401184, 0.6600357294082642, 0.09483899176120758]
[0.6510276198387146, 0.29677703976631165, 0.05219532921910286]
[0.5890373587608337, 0.3484951853752136, 0.062467433512210846]
[0.03162512183189392, 0.5467737913131714, 0.4216010868549347]
[0.19048483669757843, 0.2502027153968811, 0.5593124032020569]
[0.20099104940891266, 0.38156938552856445, 0.41743963956832886]
[0.8136071562767029, 0.15657922625541687, 0.029813602566719055]
[0.8636208176612854, 0.12053101509809494, 0.01584821566939354]
[0.6367855668067932, 0.32760706543922424, 0.03560737892985344]
[0.2141118347644806, 0.4919874370098114, 0.293900728225708]
[0.38499915599823, 0.396027535200119, 0.21897326409816742]
[0.9372374415397644, 0.054015785455703735, 0.008746825158596039]
[0.07161776721477509, 0.44277116656303406, 0.4856111407279968]
[0.08263425529003143, 0.36850816011428833, 0.5488576292991638]
[0.0031197713688015938, 0.16730768978595734, 0.8295725584030151]
[0.04897713288664818, 0.6822110414505005, 0.2688118517398834]
[0.011551258154213428, 0.0942511111497879, 0.8941977024078369]
[0.5405669808387756, 0.38533324003219604, 0.07409980148077011]
[0.29488810896873474, 0.5899932384490967, 0.11511868983507156]
[0.6691144704818726, 0.2659726142883301, 0.06491287797689438]
[0.0033094671089202166, 0.027876030653715134, 0.968814492225647]
[0.06073012575507164, 0.48913484811782837, 0.4501350224018097]
[0.6919671297073364, 0.27348989248275757, 0.03454296663403511]
[0.07523898035287857, 0.38424044847488403, 0.5405204892158508]
[0.12434715777635574, 0.36094725131988525, 0.5147055387496948]
[0.08781952410936356, 0.25900202989578247, 0.6531784534454346]
[0.21783818304538727, 0.48584216833114624, 0.2963196635246277]
[0.01739075593650341, 0.22528360784053802, 0.7573255896568298]
[0.19749975204467773, 0.45777395367622375, 0.3447262942790985]
[0.8868969082832336, 0.0980697050690651, 0.01503338199108839]
[0.8955547213554382, 0.09307831525802612, 0.011367001570761204]
[0.41957181692123413, 0.4709509313106537, 0.10947725921869278]
[0.7126293778419495, 0.2154306024312973, 0.07194001972675323]
[0.1797434240579605, 0.6540679335594177, 0.16618859767913818]
[0.06283043324947357, 0.317817747592926, 0.619351863861084]
[0.5763219594955444, 0.33964216709136963, 0.08403593301773071]
[0.4734763503074646, 0.41413503885269165, 0.11238861829042435]
[0.6488186120986938, 0.27509263157844543, 0.07608876377344131]
[0.26005232334136963, 0.40873607993125916, 0.33121171593666077]
[0.057705026119947433, 0.22597233951091766, 0.716322660446167]
[0.0697004422545433, 0.22274041175842285, 0.7075591087341309]
[0.019394027069211006, 0.20402975380420685, 0.7765762209892273]
[0.06156641244888306, 0.41612914204597473, 0.5223044753074646]
[0.027270622551441193, 0.33968257904052734, 0.6330468058586121]
[0.06084834039211273, 0.31895682215690613, 0.6201947927474976]
[0.20020854473114014, 0.5439236164093018, 0.2558678090572357]
[0.13793739676475525, 0.3797398507595062, 0.4823227822780609]
[0.9090380668640137, 0.07873585820198059, 0.012226017192006111]
[0.2749253213405609, 0.4989824891090393, 0.22609221935272217]
[0.03729027882218361, 0.20208272337913513, 0.7606269717216492]
[0.46771547198295593, 0.36897721886634827, 0.163307324051857]
[0.06858676671981812, 0.48168250918388367, 0.44973066449165344]
[0.15815946459770203, 0.5051498413085938, 0.3366907238960266]
[0.33190739154815674, 0.5816149711608887, 0.0864776074886322]
[0.045425452291965485, 0.3599720001220703, 0.5946024656295776]
[0.778570830821991, 0.18316122889518738, 0.03826793283224106]
[0.42457008361816406, 0.3996773660182953, 0.17575258016586304]
[0.741512656211853, 0.23155304789543152, 0.026934292167425156]
[0.08899639546871185, 0.6456744074821472, 0.2653292119503021]
[0.04879458621144295, 0.17228321731090546, 0.7789222002029419]
[0.40212559700012207, 0.49571692943573, 0.10215748846530914]
[0.05456314980983734, 0.40551474690437317, 0.5399220585823059]
[0.06614147871732712, 0.3521784543991089, 0.5816800594329834]
[0.5204110741615295, 0.41623732447624207, 0.0633516013622284]
[0.07063379883766174, 0.28576505184173584, 0.6436011791229248]
[0.07110048085451126, 0.2036387175321579, 0.7252607941627502]
[0.196988046169281, 0.6851570010185242, 0.11785493791103363]
[0.28424960374832153, 0.49545159935951233, 0.22029884159564972]
[0.42587265372276306, 0.41475945711135864, 0.15936793386936188]
[0.3427621126174927, 0.5000995397567749, 0.15713824331760406]
[0.09956395626068115, 0.3396349847316742, 0.5608010292053223]
[0.293521910905838, 0.5319353342056274, 0.17454275488853455]
[0.45986342430114746, 0.3881271183490753, 0.1520095020532608]
[0.7027398943901062, 0.25750917196273804, 0.03975089266896248]
[0.6469363570213318, 0.24978980422019958, 0.10327380895614624]
[0.4524734616279602, 0.40618136525154114, 0.14134520292282104]
[0.5315373539924622, 0.37856364250183105, 0.08989894390106201]
[0.021509042009711266, 0.10025231540203094, 0.8782386779785156]
[0.5137328505516052, 0.4130725860595703, 0.07319460064172745]
[0.08551555126905441, 0.41383278369903564, 0.5006516575813293]
[0.19881273806095123, 0.5271599292755127, 0.2740273177623749]
[0.49898236989974976, 0.40855225920677185, 0.0924653634428978]
[0.0075978501699864864, 0.06712280213832855, 0.9252793192863464]
[0.142055481672287, 0.6803203225135803, 0.1776241660118103]
[0.17830951511859894, 0.6097785234451294, 0.21191196143627167]
[0.3169608414173126, 0.4312637746334076, 0.25177544355392456]
[0.10537976026535034, 0.23356714844703674, 0.6610531210899353]
[0.27936670184135437, 0.6297979950904846, 0.09083535522222519]
[0.32502272725105286, 0.43769633769989014, 0.23728087544441223]
[0.7661136388778687, 0.1805582046508789, 0.05332816019654274]
[0.13148629665374756, 0.3977980315685272, 0.47071573138237]
[0.018260430544614792, 0.38404619693756104, 0.5976933240890503]
[0.03290014714002609, 0.15714985132217407, 0.809950053691864]
[0.12025774270296097, 0.367430180311203, 0.5123120546340942]
[0.04226379841566086, 0.2028946876525879, 0.7548415064811707]
[0.33757486939430237, 0.5433502793312073, 0.11907483637332916]
[0.3565421998500824, 0.48845693469047546, 0.15500085055828094]
[0.04233719781041145, 0.32360216975212097, 0.6340606808662415]
[0.7393679618835449, 0.22363616526126862, 0.03699585422873497]
[0.2235058844089508, 0.45925888419151306, 0.31723520159721375]
[0.17191986739635468, 0.4502546489238739, 0.37782546877861023]
[0.7123463749885559, 0.24259385466575623, 0.04505976662039757]
[0.2648143768310547, 0.5283029079437256, 0.20688270032405853]
[0.008487651124596596, 0.07776293158531189, 0.9137493968009949]
[0.9150199294090271, 0.0762636587023735, 0.008716346696019173]
[0.7233811020851135, 0.2179868221282959, 0.05863206088542938]
[0.15801548957824707, 0.6050812602043152, 0.23690326511859894]
[0.030684521421790123, 0.26520952582359314, 0.7041059732437134]
[0.09111909568309784, 0.4674500524997711, 0.4414309561252594]
[0.03731005638837814, 0.47095605731010437, 0.4917338788509369]
[0.7474845051765442, 0.22206541895866394, 0.030450139194726944]
[0.34802374243736267, 0.4491986036300659, 0.2027776688337326]
[0.06828073412179947, 0.486379474401474, 0.4453398287296295]
[0.7499178051948547, 0.1955290138721466, 0.05455321818590164]
[0.47778865694999695, 0.44566282629966736, 0.07654856890439987]
[0.003516365773975849, 0.41313302516937256, 0.583350658416748]
[0.13900522887706757, 0.3858039975166321, 0.4751906991004944]
[0.011229529045522213, 0.26003196835517883, 0.7287384867668152]
[0.23776781558990479, 0.6319414377212524, 0.1302907019853592]
[0.051242731511592865, 0.2062070518732071, 0.742550253868103]
[0.37463903427124023, 0.4102403521537781, 0.21512055397033691]
[0.32854902744293213, 0.5213884711265564, 0.15006253123283386]
[0.5491618514060974, 0.410807341337204, 0.040030814707279205]
[0.03750954195857048, 0.19419507682323456, 0.768295407295227]
[0.5110524296760559, 0.397905170917511, 0.09104236215353012]
[0.5927863717079163, 0.3251202404499054, 0.08209338784217834]
[0.00802746880799532, 0.060531437397003174, 0.9314411282539368]
[0.8034576177597046, 0.16533786058425903, 0.031204530969262123]
[0.0017327619716525078, 0.02430075965821743, 0.9739665389060974]
[0.07408086955547333, 0.2876625061035156, 0.6382566094398499]
[0.0956445038318634, 0.3074997663497925, 0.5968557596206665]
