[0.09003642201423645, 0.3246622383594513, 0.5853013396263123]
[0.356611430644989, 0.509105384349823, 0.1342831403017044]
[0.04193407669663429, 0.21421955525875092, 0.7438463568687439]
[0.5473138093948364, 0.3560263514518738, 0.09665977209806442]
[0.4971765875816345, 0.3795151114463806, 0.12330824136734009]
[0.0031162092927843332, 0.06959285587072372, 0.9272909760475159]
[0.08017440885305405, 0.391545832157135, 0.528279721736908]
[0.6618586182594299, 0.2590673267841339, 0.07907405495643616]
[0.15347975492477417, 0.35850539803504944, 0.4880148470401764]
[0.5429109930992126, 0.39095425605773926, 0.06613483279943466]
[0.050955500453710556, 0.6024507284164429, 0.3465937077999115]
[0.91949063539505, 0.07354165613651276, 0.006967704277485609]
[0.8554611802101135, 0.1235455647110939, 0.02099328674376011]
[0.8076140284538269, 0.18039675056934357, 0.011989214457571507]
[0.732700765132904, 0.2311459183692932, 0.036153294146060944]
[0.09195345640182495, 0.3720360994338989, 0.5360103845596313]
[0.28882479667663574, 0.5844152569770813, 0.12675990164279938]
[0.1649034470319748, 0.44827979803085327, 0.38681668043136597]
[0.30089715123176575, 0.4525975286960602, 0.24650533497333527]
[0.05445804074406624, 0.5583516955375671, 0.38719022274017334]
[0.7470367550849915, 0.22414803504943848, 0.028815174475312233]
[0.04724882170557976, 0.5354585647583008, 0.41729262471199036]
[0.12198109179735184, 0.6297371983528137, 0.24828164279460907]
[0.02167613059282303, 0.3399868905544281, 0.6383369565010071]
[0.010484624654054642, 0.33629849553108215, 0.6532169580459595]
[0.2848776578903198, 0.5072547197341919, 0.20786769688129425]
