[0.8432585597038269, 0.14363692700862885, 0.0131045738235116]
[0.019057415425777435, 0.3639732003211975, 0.6169693470001221]
[0.44511842727661133, 0.4454210698604584, 0.10946056246757507]
[0.15419037640094757, 0.4815370738506317, 0.3642725646495819]
[0.5986547470092773, 0.32074588537216187, 0.08059925585985184]
[0.021597644314169884, 0.20646971464157104, 0.7719326019287109]
[0.19142742455005646, 0.480474054813385, 0.32809850573539734]
[0.4484931528568268, 0.4462738037109375, 0.10523302853107452]
[0.42338496446609497, 0.4902508556842804, 0.08636412769556046]
[0.07346023619174957, 0.2872702479362488, 0.6392694711685181]
[0.03426358103752136, 0.4536239504814148, 0.5121123790740967]
[0.09563096612691879, 0.4980756342411041, 0.4062933623790741]
[0.35760533809661865, 0.4918510317802429, 0.15054357051849365]
[0.797958254814148, 0.18120421469211578, 0.020837515592575073]
[0.8617439866065979, 0.12773649394512177, 0.010519511997699738]
[0.44867244362831116, 0.4591659903526306, 0.09216161072254181]
[0.46412399411201477, 0.48522546887397766, 0.05065057426691055]
[0.24684076011180878, 0.5320966243743896, 0.2210625559091568]
[0.1165495291352272, 0.6917363405227661, 0.1917140632867813]
[0.6843463778495789, 0.286285400390625, 0.029368264600634575]
[0.04572124034166336, 0.32313141226768494, 0.6311473846435547]
[0.008819540031254292, 0.06872154027223587, 0.9224588871002197]
[0.37497609853744507, 0.502796471118927, 0.12222746759653091]
[0.18918411433696747, 0.4889465868473053, 0.3218693137168884]
[0.004046758636832237, 0.26309460401535034, 0.7328586578369141]
[0.6819141507148743, 0.2540944814682007, 0.06399138271808624]
