[0.35908499360084534, 0.46549513936042786, 0.1754198670387268]
[0.3787112534046173, 0.443604439496994, 0.17768430709838867]
[0.6833109259605408, 0.2946840822696686, 0.022004956379532814]
[0.05538790300488472, 0.3619910776615143, 0.5826209783554077]
[0.22906896471977234, 0.5422911047935486, 0.22863997519016266]
[0.021695267409086227, 0.4449585974216461, 0.5333461165428162]
[0.046839747577905655, 0.3424340784549713, 0.6107262372970581]
[0.20067255198955536, 0.5634774565696716, 0.23584994673728943]
[0.31824198365211487, 0.523197591304779, 0.1585603803396225]
[0.019508207216858864, 0.24091032147407532, 0.7395814657211304]
[0.30888617038726807, 0.414975643157959, 0.2761382460594177]
[0.5382135510444641, 0.39994096755981445, 0.06184546649456024]
[0.12087082862854004, 0.4331234097480774, 0.44600579142570496]
[0.008027859032154083, 0.3728006184101105, 0.6191714406013489]
[0.01018955372273922, 0.3046581447124481, 0.6851523518562317]
[0.4954654276371002, 0.41469383239746094, 0.08984076231718063]
[0.04283837974071503, 0.23134425282478333, 0.7258173823356628]
[0.22045831382274628, 0.6523980498313904, 0.12714365124702454]
[0.4617918133735657, 0.34348800778388977, 0.19472023844718933]
[0.10240451246500015, 0.3240247368812561, 0.573570728302002]
[0.30333811044692993, 0.5789612531661987, 0.11770057678222656]
[0.4500156044960022, 0.5118956565856934, 0.03808875009417534]
[0.12403538823127747, 0.559739351272583, 0.3162252604961395]
[0.007203231565654278, 0.06874748319387436, 0.9240492582321167]
[0.49000653624534607, 0.4370019733905792, 0.0729915052652359]
[0.24376115202903748, 0.5558707118034363, 0.20036812126636505]
[0.8103666305541992, 0.16919474303722382, 0.020438671112060547]
[0.20169265568256378, 0.5081459283828735, 0.2901613712310791]
[0.20634180307388306, 0.5981926918029785, 0.19546550512313843]
[0.09167387336492538, 0.48718786239624023, 0.42113828659057617]
[0.9192891120910645, 0.0735161304473877, 0.0071947756223380566]
[0.5075330138206482, 0.3845980763435364, 0.10786896198987961]
[0.009494251571595669, 0.20032474398612976, 0.7901809811592102]
[0.013096882030367851, 0.12207634747028351, 0.8648267984390259]
[0.004503974691033363, 0.07225949317216873, 0.9232364892959595]
[0.11475123465061188, 0.518808901309967, 0.3664397895336151]
[0.09518560767173767, 0.5855876207351685, 0.31922683119773865]
[0.6842333674430847, 0.26750609278678894, 0.048260562121868134]
[0.4145554304122925, 0.4642146825790405, 0.12122998386621475]
[0.020687974989414215, 0.2436619997024536, 0.7356500029563904]
[0.5793147683143616, 0.3613843023777008, 0.05930088460445404]
[0.09791579097509384, 0.4643237292766571, 0.43776044249534607]
[0.31152334809303284, 0.5365919470787048, 0.1518847495317459]
[0.00917325634509325, 0.1375512182712555, 0.8532755374908447]
[0.3976360559463501, 0.39715301990509033, 0.20521095395088196]
[0.013743125833570957, 0.10361548513174057, 0.8826413750648499]
[0.044907014816999435, 0.4338570833206177, 0.5212358832359314]
[0.017260370776057243, 0.32742196321487427, 0.6553176045417786]
[0.12085909396409988, 0.2778054475784302, 0.6013354659080505]
[0.00949246808886528, 0.34677422046661377, 0.6437333226203918]
[0.02264101803302765, 0.2876551151275635, 0.6897038817405701]
