[0.21013885736465454, 0.4600018262863159, 0.32985934615135193]
[0.051456525921821594, 0.18463142216205597, 0.7639120221138]
[0.055164091289043427, 0.19207192957401276, 0.7527640461921692]
[0.9679315686225891, 0.028693977743387222, 0.0033744715619832277]
[0.005695121828466654, 0.026516353711485863, 0.9677885174751282]
[0.33974504470825195, 0.5285815596580505, 0.13167338073253632]
[0.961764395236969, 0.03437019884586334, 0.0038654543459415436]
[0.647875189781189, 0.3028525412082672, 0.04927225783467293]
[0.14798413217067719, 0.2574358880519867, 0.5945799946784973]
[0.20266366004943848, 0.35009223222732544, 0.4472440481185913]
[0.060758642852306366, 0.2900555431842804, 0.649185836315155]
[0.286926805973053, 0.41191112995147705, 0.30116206407546997]
[0.21034090220928192, 0.2978445589542389, 0.49181458353996277]
[0.07055213302373886, 0.17835058271884918, 0.7510973215103149]
[0.010248477570712566, 0.09731397777795792, 0.8924375772476196]
[0.25061750411987305, 0.38507869839668274, 0.364303857088089]
[0.5881356000900269, 0.35817816853523254, 0.05368621647357941]
[0.17717012763023376, 0.5104107856750488, 0.31241902709007263]
[0.057505298405885696, 0.13930188119411469, 0.8031928539276123]
[0.6175263524055481, 0.3059270977973938, 0.07654653489589691]
[0.05367320030927658, 0.20839686691761017, 0.7379299998283386]
[0.021031608805060387, 0.11988963931798935, 0.8590787649154663]
[0.21368926763534546, 0.4344399571418762, 0.35187071561813354]
[0.1654597818851471, 0.31227293610572815, 0.52226722240448]
[0.11417857557535172, 0.35660630464553833, 0.5292150378227234]
[0.2371053844690323, 0.3562515079975128, 0.4066431522369385]
[0.1415853500366211, 0.39799192547798157, 0.4604227542877197]
[0.9592390656471252, 0.037583351135253906, 0.0031775084789842367]
[0.06309950351715088, 0.40270641446113586, 0.5341941118240356]
[0.4717733860015869, 0.4113408923149109, 0.11688577383756638]
[0.9466189742088318, 0.04581323266029358, 0.007567753084003925]
[0.3815884590148926, 0.41739729046821594, 0.2010142058134079]
[0.48530468344688416, 0.36729779839515686, 0.14739751815795898]
[0.8438853025436401, 0.13303206861019135, 0.023082677274942398]
[0.10243020951747894, 0.23775151371955872, 0.6598182320594788]
[0.5176562070846558, 0.35099607706069946, 0.13134773075580597]
[0.9489619135856628, 0.04599454253911972, 0.005043571814894676]
[0.05599598214030266, 0.2818904221057892, 0.6621135473251343]
[0.07452625781297684, 0.13001078367233276, 0.795462965965271]
[0.014299149625003338, 0.11105713993310928, 0.8746436834335327]
[0.5752317309379578, 0.32972434163093567, 0.09504389762878418]
