[0.11502376198768616, 0.5239922404289246, 0.3609839975833893]
[0.026807457208633423, 0.11388522386550903, 0.8593073487281799]
[0.021073613315820694, 0.25051215291023254, 0.7284141778945923]
[0.061004623770713806, 0.25467461347579956, 0.6843207478523254]
[0.12867356836795807, 0.4749724566936493, 0.3963540196418762]
[0.006528140045702457, 0.05871376395225525, 0.9347581267356873]
[0.2648138701915741, 0.5933448672294617, 0.14184127748012543]
[0.02087850123643875, 0.2601792514324188, 0.7189422249794006]
[0.02391142025589943, 0.17730288207530975, 0.7987857460975647]
[0.13532963395118713, 0.3546910881996155, 0.509979248046875]
[0.17559857666492462, 0.557634711265564, 0.2667667269706726]
[0.21910719573497772, 0.699805498123169, 0.08108728379011154]
[0.46050044894218445, 0.4277472496032715, 0.11175233125686646]
[0.03216639906167984, 0.08052627742290497, 0.887307345867157]
[0.2125745266675949, 0.6345446705818176, 0.15288081765174866]
[0.03618745878338814, 0.19330254197120667, 0.7705100178718567]
[0.378587931394577, 0.43680429458618164, 0.18460774421691895]
[0.01164613850414753, 0.16409997642040253, 0.8242538571357727]
[0.3533787429332733, 0.4965246915817261, 0.150096595287323]
[0.16660815477371216, 0.45957687497138977, 0.37381497025489807]
[0.016238747164607048, 0.16935153305530548, 0.8144096732139587]
[0.5948678255081177, 0.3307676315307617, 0.07436449080705643]
[0.773286759853363, 0.2079155147075653, 0.018797628581523895]
[0.1224607452750206, 0.4080820381641388, 0.46945714950561523]
[0.3119206726551056, 0.48527762293815613, 0.2028016895055771]
[0.3417670726776123, 0.4301271140575409, 0.22810587286949158]
[0.5131006240844727, 0.42880120873451233, 0.05809822678565979]
[0.11837760359048843, 0.5256537795066833, 0.3559686541557312]
[0.055330656468868256, 0.3273579776287079, 0.6173113584518433]
[0.01628709025681019, 0.1631477028131485, 0.8205651640892029]
[0.02771683596074581, 0.1223723515868187, 0.8499108552932739]
[0.03500716760754585, 0.19885213673114777, 0.7661406993865967]
[0.16625872254371643, 0.5505766868591309, 0.2831646800041199]
[0.039690807461738586, 0.11268046498298645, 0.8476287722587585]
[0.005819566082209349, 0.05555673688650131, 0.9386237263679504]
[0.008108106441795826, 0.12809601426124573, 0.8637959361076355]
