[0.006125924177467823, 0.07076194137334824, 0.923112154006958]
[0.03460336849093437, 0.3609883785247803, 0.6044082641601562]
[0.010777573101222515, 0.07475356757640839, 0.9144688844680786]
[0.04938868433237076, 0.34642118215560913, 0.6041901111602783]
[0.038969412446022034, 0.3255541920661926, 0.6354763507843018]
[0.017131738364696503, 0.18530407547950745, 0.7975642085075378]
[0.036032333970069885, 0.2714865505695343, 0.6924811005592346]
[0.02204117365181446, 0.1536812037229538, 0.8242775797843933]
[0.4730033278465271, 0.37202098965644836, 0.15497569739818573]
[0.10140033066272736, 0.27964508533477783, 0.6189546585083008]
[0.03765593469142914, 0.14907796680927277, 0.8132660984992981]
[0.006299382075667381, 0.135921448469162, 0.8577791452407837]
[0.07708635181188583, 0.244680717587471, 0.6782328486442566]
[0.0031056858133524656, 0.03491644188761711, 0.9619778990745544]
[0.009470200166106224, 0.10165008902549744, 0.8888797760009766]
[0.021036138758063316, 0.207383394241333, 0.7715804576873779]
[0.05344634875655174, 0.6495283246040344, 0.2970253527164459]
[0.006593797355890274, 0.12676414847373962, 0.8666420578956604]
[0.012917177751660347, 0.5997921228408813, 0.38729068636894226]
[0.008880997076630592, 0.11599960923194885, 0.8751193284988403]
[0.09850604832172394, 0.28628483414649963, 0.61520916223526]
[0.014961760491132736, 0.09009946882724762, 0.8949387073516846]
[0.0025645385030657053, 0.02765948884189129, 0.9697759747505188]
[0.004371921997517347, 0.032089702785015106, 0.9635383486747742]
[0.15391704440116882, 0.5645015835762024, 0.2815813422203064]
[0.0020361882634460926, 0.02393485978245735, 0.9740289449691772]
[0.1392882764339447, 0.6873703598976135, 0.17334137856960297]
[0.2391844540834427, 0.5335723161697388, 0.22724325954914093]
[0.002443282399326563, 0.034634605050086975, 0.9629221558570862]
[0.11347313970327377, 0.6000850200653076, 0.28644174337387085]
[0.01843293569982052, 0.1849353015422821, 0.7966317534446716]
[0.006880775559693575, 0.06851637363433838, 0.9246028065681458]
[0.002978044329211116, 0.13970626890659332, 0.857315719127655]
[0.03300706297159195, 0.3519428074359894, 0.615050196647644]
[0.264304518699646, 0.5051318407058716, 0.2305636703968048]
[0.18792979419231415, 0.7202151417732239, 0.0918550118803978]
[0.07935936748981476, 0.7829865217208862, 0.137654110789299]
[0.34916380047798157, 0.5240993499755859, 0.12673687934875488]
[0.01766650751233101, 0.260544091463089, 0.7217893600463867]
[0.024239636957645416, 0.19169098138809204, 0.7840694189071655]
[0.009741285815834999, 0.14324450492858887, 0.8470142483711243]
[0.00422572111710906, 0.08571118116378784, 0.9100631475448608]
[0.011061595752835274, 0.17609980702400208, 0.812838613986969]
[0.1723017543554306, 0.33517616987228394, 0.49252212047576904]
[0.05397753790020943, 0.2610670030117035, 0.6849554777145386]
[0.016408255323767662, 0.26350292563438416, 0.7200887799263]
[0.0008316995808854699, 0.018452238291502, 0.9807161092758179]
