[0.4364853799343109, 0.4852094054222107, 0.078305184841156]
[0.2723008692264557, 0.5225799679756165, 0.20511923730373383]
[0.4347395896911621, 0.47978857159614563, 0.08547183126211166]
[0.3137068748474121, 0.5531452298164368, 0.13314791023731232]
[0.12014156579971313, 0.4174816310405731, 0.46237680315971375]
[0.011539602652192116, 0.2956264317035675, 0.6928339600563049]
[0.1412164866924286, 0.5070845484733582, 0.35169902443885803]
[0.22619347274303436, 0.5161338448524475, 0.2576727271080017]
[0.4546356797218323, 0.4587230682373047, 0.08664131164550781]
[0.10418494790792465, 0.396149605512619, 0.4996654987335205]
[0.24222534894943237, 0.634116530418396, 0.12365807592868805]
[0.021973760798573494, 0.23820705711841583, 0.7398191690444946]
[0.19743667542934418, 0.49012070894241333, 0.3124426305294037]
[0.03857235610485077, 0.24357247352600098, 0.7178550958633423]
[0.05532970279455185, 0.33168667554855347, 0.6129836440086365]
[0.33581793308258057, 0.5308105945587158, 0.13337157666683197]
[0.8903383016586304, 0.10182489454746246, 0.007836837321519852]
[0.45425868034362793, 0.46497997641563416, 0.08076129108667374]
[0.32868438959121704, 0.5929614901542664, 0.07835418730974197]
[0.06115802749991417, 0.35901883244514465, 0.5798231959342957]
[0.4048333168029785, 0.4795173108577728, 0.11564933508634567]
[0.1675642877817154, 0.6712064743041992, 0.16122925281524658]
[0.43585237860679626, 0.4966892600059509, 0.06745830178260803]
[0.19369834661483765, 0.5399332642555237, 0.26636838912963867]
[0.2862844169139862, 0.608317494392395, 0.10539799928665161]
[0.37727946043014526, 0.5322778820991516, 0.09044267237186432]
[0.17527665197849274, 0.5516287684440613, 0.2730945944786072]
[0.2893381416797638, 0.49183210730552673, 0.2188296914100647]
[0.009332009591162205, 0.12609797716140747, 0.8645700216293335]
[0.08814270794391632, 0.6860665678977966, 0.22579073905944824]
