[0.2298198640346527, 0.4376077651977539, 0.33257243037223816]
[0.008936574682593346, 0.05544551461935043, 0.9356179237365723]
[0.050172802060842514, 0.36170753836631775, 0.5881197452545166]
[0.3893928527832031, 0.4552626609802246, 0.15534448623657227]
[0.5733359456062317, 0.3659728169441223, 0.060691311955451965]
[0.3281090557575226, 0.5115992426872253, 0.16029173135757446]
[0.1308070868253708, 0.5494238138198853, 0.3197690546512604]
[0.04183368757367134, 0.15110847353935242, 0.8070578575134277]
[0.7756426930427551, 0.1812141239643097, 0.04314321279525757]
[0.026267750188708305, 0.16727206110954285, 0.8064602017402649]
[0.022109655663371086, 0.18444857001304626, 0.7934417128562927]
[0.036472517997026443, 0.3481364846229553, 0.6153910160064697]
[0.005297738593071699, 0.07242006808519363, 0.9222821593284607]
[0.09326942265033722, 0.4358058571815491, 0.4709247052669525]
[0.4450107514858246, 0.46118178963661194, 0.09380748122930527]
[0.874660849571228, 0.11202939599752426, 0.013309730216860771]
[0.8713840842247009, 0.11142873018980026, 0.017187144607305527]
[0.7610018849372864, 0.1782713085412979, 0.06072685867547989]
[0.7713556885719299, 0.20138601958751678, 0.027258314192295074]
[0.010984263382852077, 0.2806122303009033, 0.708403468132019]
[0.38565897941589355, 0.527126669883728, 0.08721436560153961]
[0.9446550011634827, 0.05008050426840782, 0.005264440085738897]
[0.09177824854850769, 0.4811314642429352, 0.42709028720855713]
[0.8141663074493408, 0.16600675880908966, 0.019826889038085938]
[0.002055751858279109, 0.03837880492210388, 0.9595654010772705]
[0.4178560674190521, 0.46199557185173035, 0.12014832347631454]
[0.028778787702322006, 0.3463660776615143, 0.6248551607131958]
[0.02314523421227932, 0.13970915973186493, 0.8371456265449524]
[0.20645178854465485, 0.44884923100471497, 0.344698965549469]
[0.2963562309741974, 0.3824611008167267, 0.32118263840675354]
[0.035318754613399506, 0.17869307100772858, 0.7859881520271301]
[0.01587136834859848, 0.28006452322006226, 0.7040640711784363]
[0.05522283539175987, 0.5500954985618591, 0.3946816325187683]
[0.011303253471851349, 0.08359258621931076, 0.9051041007041931]
[0.168105810880661, 0.5809217691421509, 0.2509724497795105]
[0.023131664842367172, 0.23137716948986053, 0.7454911470413208]
[0.11056661605834961, 0.30792564153671265, 0.581507682800293]
[0.466452956199646, 0.399742066860199, 0.13380491733551025]
[0.7591703534126282, 0.20577213168144226, 0.03505745902657509]
[0.022067617624998093, 0.583577036857605, 0.3943553864955902]
[0.16310887038707733, 0.4382184147834778, 0.3986726999282837]
[0.01636527292430401, 0.15582817792892456, 0.8278065323829651]
[0.007248278707265854, 0.10226204246282578, 0.8904896974563599]
[0.00379666849039495, 0.045482032001018524, 0.9507213234901428]
[0.02626105025410652, 0.283418744802475, 0.6903202533721924]
[0.15594156086444855, 0.5692209005355835, 0.2748374938964844]
[0.26904192566871643, 0.5011376738548279, 0.2298204004764557]
[0.05770551785826683, 0.5501323342323303, 0.39216214418411255]
[0.020927080884575844, 0.10056480765342712, 0.8785081505775452]
[0.010095673613250256, 0.06075232848525047, 0.9291519522666931]
[0.010554086416959763, 0.1317635029554367, 0.857682466506958]
[0.13828739523887634, 0.41300109028816223, 0.4487115144729614]
[0.2730838358402252, 0.5114071369171143, 0.21550904214382172]
[0.6060011386871338, 0.34255450963974, 0.05144433677196503]
[0.007323490921407938, 0.7358120083808899, 0.2568644881248474]
