[0.1142888218164444, 0.32558906078338623, 0.5601221323013306]
[0.6842727661132812, 0.26422908902168274, 0.051498133689165115]
[0.3032604455947876, 0.5021129846572876, 0.1946265697479248]
[0.39224982261657715, 0.47712844610214233, 0.1306217759847641]
[0.4719093143939972, 0.4398200213909149, 0.08827067166566849]
[0.8132783770561218, 0.15713374316692352, 0.029587898403406143]
[0.5658968091011047, 0.3661763668060303, 0.06792684644460678]
[0.38614392280578613, 0.4847855567932129, 0.12907050549983978]
[0.012453262694180012, 0.09493327140808105, 0.8926134705543518]
[0.9098853468894958, 0.08230110257863998, 0.007813561707735062]
[0.799830973148346, 0.1775147020816803, 0.02265431173145771]
[0.011111699976027012, 0.08129585534334183, 0.9075924158096313]
[0.0299302376806736, 0.24240407347679138, 0.7276656031608582]
[0.026795579120516777, 0.1457538902759552, 0.8274505138397217]
[0.023938259109854698, 0.15436893701553345, 0.8216928243637085]
[0.3917022943496704, 0.4823940694332123, 0.1259036660194397]
[0.5311142802238464, 0.3848341107368469, 0.08405160903930664]
[0.049480095505714417, 0.3015267550945282, 0.648993194103241]
[0.22592408955097198, 0.37212935090065, 0.4019465446472168]
[0.34967222809791565, 0.42540159821510315, 0.22492615878582]
[0.7809332013130188, 0.19428203999996185, 0.024784689769148827]
[0.03704096004366875, 0.3497069478034973, 0.6132520437240601]
[0.009743239730596542, 0.09241913259029388, 0.8978375792503357]
[0.04705355316400528, 0.19706518948078156, 0.7558813095092773]
[0.05065830796957016, 0.4383738040924072, 0.5109678506851196]
[0.1421736627817154, 0.6437401175498962, 0.21408624947071075]
[0.2936551570892334, 0.5148239135742188, 0.19152085483074188]
[0.015328161418437958, 0.2881154716014862, 0.6965562701225281]
[0.1432572603225708, 0.4887077510356903, 0.3680349886417389]
[0.44132500886917114, 0.40162500739097595, 0.15704995393753052]
[0.4916524887084961, 0.3908766210079193, 0.1174708753824234]
[0.022032175213098526, 0.13841328024864197, 0.8395545482635498]
