[0.01124439388513565, 0.12793169915676117, 0.860823929309845]
[0.39222943782806396, 0.4918520748615265, 0.11591849476099014]
[0.02591685578227043, 0.58906090259552, 0.38502228260040283]
[0.20019659399986267, 0.7102153301239014, 0.08958806097507477]
[0.6619719862937927, 0.303032785654068, 0.034995175898075104]
[0.010407205671072006, 0.6101073622703552, 0.3794853985309601]
[0.02414514124393463, 0.49097543954849243, 0.48487937450408936]
[0.003085335483774543, 0.04517219960689545, 0.9517425298690796]
[0.1671232134103775, 0.6105626225471497, 0.22231410443782806]
[0.03668506443500519, 0.47849851846694946, 0.48481643199920654]
[0.008707978762686253, 0.21895243227481842, 0.7723395824432373]
[0.004241893067955971, 0.11099100112915039, 0.8847671151161194]
[0.020438767969608307, 0.5213533639907837, 0.4582078456878662]
[0.014778148382902145, 0.21257151663303375, 0.7726503014564514]
[0.024341823533177376, 0.39489319920539856, 0.5807649493217468]
[0.1375730037689209, 0.7744584083557129, 0.0879686176776886]
[0.005099558271467686, 0.12061191350221634, 0.8742885589599609]
[0.14700984954833984, 0.6039594411849976, 0.2490306943655014]
[0.2669285535812378, 0.5748143792152405, 0.15825706720352173]
[0.021955836564302444, 0.2024838626384735, 0.7755603194236755]
[0.06093895062804222, 0.6562191247940063, 0.2828419804573059]
