[0.2291100174188614, 0.4085155129432678, 0.3623743951320648]
[0.3676661550998688, 0.4437871277332306, 0.18854668736457825]
[0.6937721371650696, 0.2687448561191559, 0.03748297318816185]
[0.10589093714952469, 0.35177674889564514, 0.5423323512077332]
[0.014107860624790192, 0.23030339181423187, 0.755588710308075]
[0.020535768941044807, 0.3047180473804474, 0.6747462153434753]
[0.003922463860362768, 0.03793025761842728, 0.9581472873687744]
[0.012377702631056309, 0.1783546805381775, 0.8092676401138306]
[0.0019269209587946534, 0.025410477072000504, 0.972662627696991]
[0.05272960662841797, 0.41263478994369507, 0.5346356630325317]
[0.35869133472442627, 0.4913971424102783, 0.1499115377664566]
[0.04613183066248894, 0.3459860384464264, 0.6078821420669556]
[0.28889837861061096, 0.4626210629940033, 0.24848058819770813]
[0.030176319181919098, 0.2854054570198059, 0.684418261051178]
[0.08307831734418869, 0.3343505263328552, 0.5825711488723755]
[0.48768091201782227, 0.41624563932418823, 0.09607350826263428]
[0.001724923844449222, 0.013862816616892815, 0.9844122529029846]
[0.25092214345932007, 0.4765719473361969, 0.27250581979751587]
[0.650969922542572, 0.30351439118385315, 0.04551567882299423]
[0.4325672388076782, 0.4323112666606903, 0.1351214498281479]
[0.020845036953687668, 0.16514988243579865, 0.8140050768852234]
[0.005693533923476934, 0.07033880800008774, 0.9239676594734192]
[0.011419476009905338, 0.16280820965766907, 0.8257722854614258]
[0.07402162253856659, 0.32054853439331055, 0.6054298877716064]
[0.06903073191642761, 0.44912636280059814, 0.48184293508529663]
[0.12650205194950104, 0.36980101466178894, 0.5036969184875488]
[0.041345853358507156, 0.5042194724082947, 0.45443466305732727]
[0.024039503186941147, 0.2145705372095108, 0.761389970779419]
[0.01503245159983635, 0.18945950269699097, 0.7955080270767212]
[0.00174201640766114, 0.018061893060803413, 0.9801960587501526]
[0.0028145932592451572, 0.031651049852371216, 0.9655343890190125]
[0.06437412649393082, 0.41820645332336426, 0.5174193978309631]
[0.010030143894255161, 0.048224471509456635, 0.9417453408241272]
[0.004988674074411392, 0.08759035170078278, 0.9074209928512573]
[0.002568013733252883, 0.03112262487411499, 0.9663093686103821]
[0.3465137779712677, 0.3986526131629944, 0.2548335790634155]
[0.04195500537753105, 0.21840699017047882, 0.7396379709243774]
[0.005590029526501894, 0.05863375961780548, 0.9357762336730957]
[0.004075824283063412, 0.04285125434398651, 0.9530729651451111]
[0.00813620537519455, 0.17071032524108887, 0.821153461933136]
[0.021476708352565765, 0.21225495636463165, 0.7662683725357056]
[0.0035971906036138535, 0.06080477684736252, 0.9355980753898621]
[0.0015705759869888425, 0.024108465760946274, 0.9743209481239319]
[0.007472941651940346, 0.09534963965415955, 0.8971773982048035]
[0.36954909563064575, 0.43217524886131287, 0.19827568531036377]
[0.20650291442871094, 0.5652706623077393, 0.22822634875774384]
[0.07425010949373245, 0.3635596036911011, 0.5621902942657471]
[0.006325948052108288, 0.12367182970046997, 0.8700021505355835]
[0.049000710248947144, 0.5485216379165649, 0.4024776518344879]
[0.020188268274068832, 0.20755635201931, 0.7722554206848145]
[0.07386354357004166, 0.3530544340610504, 0.5730820894241333]
[0.020105859264731407, 0.3023475110530853, 0.6775466203689575]
[0.07271917164325714, 0.3738972544670105, 0.5533835887908936]
[0.04264548048377037, 0.20978184044361115, 0.747572660446167]
[0.012447603046894073, 0.19428107142448425, 0.7932713627815247]
[0.0141129270195961, 0.16073647141456604, 0.8251506090164185]
[0.021705932915210724, 0.2188391536474228, 0.7594549059867859]
[0.05031588301062584, 0.3542724847793579, 0.5954116582870483]
[0.14719772338867188, 0.3937804698944092, 0.45902180671691895]
[0.016063708811998367, 0.07488275319337845, 0.9090535640716553]
[0.043001510202884674, 0.2242032140493393, 0.7327952980995178]
