[0.8850259780883789, 0.10548117756843567, 0.009492923505604267]
[0.9266419410705566, 0.06490260362625122, 0.00845537893474102]
[0.055241502821445465, 0.24899238348007202, 0.6957660913467407]
[0.09610173851251602, 0.3073839247226715, 0.5965143442153931]
[0.013211078010499477, 0.1502225399017334, 0.8365663290023804]
[0.16473881900310516, 0.7039759755134583, 0.13128522038459778]
[0.6621845364570618, 0.2732653319835663, 0.06455007195472717]
[0.028523866087198257, 0.22248300909996033, 0.7489931583404541]
[0.5733450651168823, 0.3087581694126129, 0.11789673566818237]
[0.9464181065559387, 0.048252981156110764, 0.005328904837369919]
[0.8109266757965088, 0.17311328649520874, 0.015960000455379486]
[0.5317455530166626, 0.3620218336582184, 0.10623261332511902]
[0.003908019512891769, 0.1313265711069107, 0.8647653460502625]
[0.012159029021859169, 0.2394482046365738, 0.7483927607536316]
[0.2548600137233734, 0.5220769643783569, 0.22306299209594727]
[0.20733113586902618, 0.46025919914245605, 0.3324096202850342]
[0.8967894315719604, 0.09275577962398529, 0.010454741306602955]
[0.24460488557815552, 0.5049298405647278, 0.2504653036594391]
[0.909794270992279, 0.07761497050523758, 0.012590735219419003]
[0.0154795590788126, 0.14806321263313293, 0.8364572525024414]
[0.3196445405483246, 0.5658327341079712, 0.11452268064022064]
[0.08044640719890594, 0.4031575918197632, 0.5163959860801697]
[0.23774977028369904, 0.45559924840927124, 0.30665096640586853]
[0.9603312611579895, 0.03465829789638519, 0.00501049542799592]
[0.8090620636940002, 0.17323064804077148, 0.017707226797938347]
[0.3921399414539337, 0.514126718044281, 0.09373339265584946]
[0.8569947481155396, 0.13579797744750977, 0.0072073196060955524]
[0.5062342882156372, 0.4280545115470886, 0.06571115553379059]
[0.5181949138641357, 0.4350426197052002, 0.046762388199567795]
[0.13794369995594025, 0.6436794400215149, 0.21837690472602844]
[0.8805189728736877, 0.11070339381694794, 0.008777722716331482]
[0.19078828394412994, 0.6503741145133972, 0.15883755683898926]
[0.24675150215625763, 0.4489423930644989, 0.3043060898780823]
[0.9326097965240479, 0.061649370938539505, 0.0057408190332353115]
[0.8063881397247314, 0.17726482450962067, 0.016347013413906097]
[0.8860520124435425, 0.10566088557243347, 0.008287031203508377]
[0.20932966470718384, 0.4886488914489746, 0.30202147364616394]
[0.7680131196975708, 0.2008596658706665, 0.031127188354730606]
[0.7678900957107544, 0.19900469481945038, 0.03310525044798851]
[0.7414001822471619, 0.2251729518175125, 0.033426862210035324]
[0.6996660232543945, 0.24724453687667847, 0.053089432418346405]
[0.9284862875938416, 0.0650978833436966, 0.0064158025197684765]
[0.6574308276176453, 0.29076898097991943, 0.051800183951854706]
[0.49311110377311707, 0.466785728931427, 0.04010305926203728]
[0.46292537450790405, 0.4526143968105316, 0.08446022123098373]
[0.6419294476509094, 0.3070487678050995, 0.05102181434631348]
[0.8464205265045166, 0.14642173051834106, 0.007157757878303528]
[0.7439913153648376, 0.21974846720695496, 0.03626023977994919]
[0.8554363250732422, 0.13486161828041077, 0.009702111594378948]
[0.49690109491348267, 0.43658214807510376, 0.06651671975851059]
[0.7390080690383911, 0.24360623955726624, 0.01738572120666504]
[0.07665608078241348, 0.41976258158683777, 0.5035812854766846]
[0.7808931469917297, 0.1991422474384308, 0.019964536651968956]
[0.5140500664710999, 0.4178638160228729, 0.06808610260486603]
[0.2499687224626541, 0.48572927713394165, 0.26430195569992065]
[0.5851929187774658, 0.3798951804637909, 0.034911900758743286]
[0.495863139629364, 0.40097707509994507, 0.10315980017185211]
[0.5644016265869141, 0.3822016716003418, 0.053396761417388916]
[0.44807180762290955, 0.45425769686698914, 0.09767042100429535]
[0.4445802569389343, 0.4820500612258911, 0.07336970418691635]
[0.8059837818145752, 0.18035514652729034, 0.01366117037832737]
[0.5464189648628235, 0.3654992878437042, 0.08808168768882751]
[0.2800110876560211, 0.5776963233947754, 0.14229248464107513]
