[0.0496181882917881, 0.26504290103912354, 0.6853389143943787]
[0.006484535522758961, 0.05324269086122513, 0.9402728080749512]
[0.01189684122800827, 0.1368826925754547, 0.851220428943634]
[0.09104004502296448, 0.3883301317691803, 0.5206298232078552]
[0.0016860340256243944, 0.017706401646137238, 0.9806075096130371]
[0.023254580795764923, 0.09924807399511337, 0.8774973750114441]
[0.05489417538046837, 0.378516286611557, 0.5665894746780396]
[0.21230371296405792, 0.6170307993888855, 0.1706654578447342]
[0.014636756852269173, 0.2113623023033142, 0.7740009427070618]
[0.14680662751197815, 0.5855985879898071, 0.2675948441028595]
[0.10267625004053116, 0.5836313962936401, 0.3136923015117645]
[0.23830190300941467, 0.6935231685638428, 0.06817497313022614]
[0.14374476671218872, 0.7015246152877808, 0.15473061800003052]
[0.28756558895111084, 0.47187188267707825, 0.24056245386600494]
[0.05082600191235542, 0.20443415641784668, 0.744739830493927]
[0.17426568269729614, 0.47268763184547424, 0.35304662585258484]
[0.0054662954062223434, 0.11453280597925186, 0.8800008296966553]
[0.0034382021985948086, 0.08524513244628906, 0.9113166928291321]
[0.01942373998463154, 0.5589235424995422, 0.42165273427963257]
[0.002350263763219118, 0.030183933675289154, 0.9674658179283142]
[0.2177005410194397, 0.5326431393623352, 0.24965636432170868]
[0.11031905561685562, 0.7724337577819824, 0.11724714934825897]
[0.19121114909648895, 0.4568467438220978, 0.35194212198257446]
[0.0028798349667340517, 0.052373096346855164, 0.9447470903396606]
[0.006802218500524759, 0.10609778016805649, 0.8871000409126282]
[0.3838706612586975, 0.39627450704574585, 0.21985481679439545]
[0.03868861123919487, 0.4007733464241028, 0.5605379939079285]
[0.003247692948207259, 0.05685051530599594, 0.9399017691612244]
[0.19126209616661072, 0.42171716690063477, 0.3870207369327545]
[0.02029121294617653, 0.10499928891658783, 0.87470942735672]
[0.03229958191514015, 0.6013760566711426, 0.3663243055343628]
[0.03829680383205414, 0.16339026391506195, 0.7983129024505615]
[0.02754647471010685, 0.24968302249908447, 0.7227705121040344]
[0.0037396021652966738, 0.03441605716943741, 0.9618443250656128]
[0.06800494343042374, 0.3480551838874817, 0.5839399695396423]
[0.00912155769765377, 0.18515948951244354, 0.8057188987731934]
[0.05400628224015236, 0.6467254161834717, 0.29926830530166626]
[0.02954663708806038, 0.7934992909431458, 0.17695407569408417]
[0.006950420793145895, 0.07034411281347275, 0.9227054715156555]
[0.44899818301200867, 0.4410819113254547, 0.10991988331079483]
[0.2846077084541321, 0.357561856508255, 0.3578304052352905]
[0.05949557572603226, 0.18997323513031006, 0.7505311369895935]
[0.43128496408462524, 0.4613286852836609, 0.10738635808229446]
[0.12203004956245422, 0.3719662129878998, 0.506003737449646]
[0.7132880091667175, 0.2494293749332428, 0.0372825562953949]
[0.01104288175702095, 0.08519729226827621, 0.903759777545929]
[0.007974674925208092, 0.08404907584190369, 0.9079762101173401]
[0.0521874725818634, 0.49469631910324097, 0.45311620831489563]
[0.03870976343750954, 0.20600394904613495, 0.7552862763404846]
[0.4565984606742859, 0.45040464401245117, 0.09299682825803757]
[0.006404762156307697, 0.056697990745306015, 0.9368972778320312]
[0.008085840381681919, 0.06470698863267899, 0.9272071123123169]
[0.006069766357541084, 0.13337352871894836, 0.8605567216873169]
[0.8929442167282104, 0.09335247427225113, 0.013703416101634502]
[0.0021606299560517073, 0.03207597881555557, 0.9657633900642395]
[0.4284394383430481, 0.4664551317691803, 0.10510535538196564]
[0.0022119784262031317, 0.017775043845176697, 0.9800129532814026]
[0.03548867255449295, 0.2236679196357727, 0.7408433556556702]
