[0.002258462132886052, 0.036687444895505905, 0.9610541462898254]
[0.056990206241607666, 0.38519445061683655, 0.5578152537345886]
[0.04102636128664017, 0.34546443819999695, 0.6135091781616211]
[0.005626355297863483, 0.11134419590234756, 0.8830295205116272]
[0.002364307874813676, 0.055639516562223434, 0.9419962167739868]
[0.02726040966808796, 0.5859226584434509, 0.38681691884994507]
[0.0032448063138872385, 0.036878861486911774, 0.9598763585090637]
[0.009409037418663502, 0.13352009654045105, 0.857070803642273]
[0.0712997317314148, 0.5277277827262878, 0.400972455739975]
[0.09017716348171234, 0.7278116941452026, 0.18201114237308502]
[0.01851128414273262, 0.5110481381416321, 0.470440536737442]
[0.0022324933670461178, 0.016360381618142128, 0.9814071655273438]
[0.044326186180114746, 0.2652854025363922, 0.6903885006904602]
[0.06419917196035385, 0.7108590006828308, 0.22494187951087952]
[0.0020699629094451666, 0.010718951933085918, 0.9872111082077026]
[0.004156927112489939, 0.02164441905915737, 0.9741986393928528]
[0.0061790733598172665, 0.3325025737285614, 0.6613183617591858]
[0.011665597558021545, 0.27094462513923645, 0.7173897624015808]
[0.42646652460098267, 0.43369802832603455, 0.1398354172706604]
[0.012906032614409924, 0.5764786601066589, 0.4106152653694153]
[0.00775485672056675, 0.05892489477992058, 0.9333202838897705]
[0.04685535281896591, 0.44942548871040344, 0.5037192106246948]
[0.022416725754737854, 0.3481854498386383, 0.6293978095054626]
[0.04118901118636131, 0.22856269776821136, 0.7302483320236206]
[0.01088678278028965, 0.12161654978990555, 0.86749666929245]
[0.08489230275154114, 0.5696582198143005, 0.3454495072364807]
[0.5953963398933411, 0.356009840965271, 0.04859381541609764]
[0.09949278086423874, 0.5745577216148376, 0.3259495198726654]
[0.004900801926851273, 0.040378957986831665, 0.9547201991081238]
[0.005487453192472458, 0.1399827003479004, 0.8545297980308533]
[0.020896948873996735, 0.8531250357627869, 0.12597791850566864]
[0.008144021965563297, 0.12785184383392334, 0.8640040755271912]
[0.3434482216835022, 0.5902133584022522, 0.06633849442005157]
[0.005084487143903971, 0.04392135515809059, 0.9509941339492798]
