[0.0935141071677208, 0.4446451663970947, 0.4618406891822815]
[0.041897933930158615, 0.38406747579574585, 0.574034571647644]
[0.0943533256649971, 0.4649178683757782, 0.4407287538051605]
[0.006120697595179081, 0.0877104103565216, 0.9061688184738159]
[0.007993388921022415, 0.07196169346570969, 0.9200448989868164]
[0.08890821039676666, 0.31555551290512085, 0.5955362319946289]
[0.23337861895561218, 0.4305858314037323, 0.33603546023368835]
[0.17123301327228546, 0.3635878562927246, 0.4651792049407959]
[0.017966708168387413, 0.2399015873670578, 0.7421317100524902]
[0.005678099580109119, 0.025493349879980087, 0.968828558921814]
[0.004879198037087917, 0.06957801431417465, 0.9255427718162537]
[0.03886650502681732, 0.42589902877807617, 0.5352345108985901]
[0.373464435338974, 0.4986823499202728, 0.12785327434539795]
[0.05650467798113823, 0.28696420788764954, 0.6565311551094055]
[0.01887138932943344, 0.22225359082221985, 0.7588750123977661]
[0.06972595304250717, 0.37744757533073425, 0.552826464176178]
[0.02808653563261032, 0.23433108627796173, 0.7375823259353638]
[0.028846727684140205, 0.08324408531188965, 0.8879091739654541]
[0.022642141208052635, 0.07847163826227188, 0.8988861441612244]
[0.04000696539878845, 0.19412371516227722, 0.7658693194389343]
[0.07742127776145935, 0.4306029975414276, 0.4919757843017578]
[0.15786363184452057, 0.44789621233940125, 0.394240140914917]
[0.08758804202079773, 0.45333975553512573, 0.45907220244407654]
[0.39511650800704956, 0.4176458418369293, 0.18723763525485992]
[0.15717244148254395, 0.3970840275287628, 0.44574347138404846]
[0.08602195978164673, 0.30450335144996643, 0.6094746589660645]
[0.42118990421295166, 0.4600110650062561, 0.11879903823137283]
[0.5874829888343811, 0.3275359869003296, 0.08498101681470871]
[0.02675298973917961, 0.3943394422531128, 0.5789075493812561]
[0.004747261293232441, 0.04781214892864227, 0.9474406242370605]
[0.014303283765912056, 0.20452851057052612, 0.7811682224273682]
[0.29164639115333557, 0.5315435528755188, 0.17681005597114563]
[0.24088935554027557, 0.42757710814476013, 0.3315335810184479]
[0.18501126766204834, 0.5507404804229736, 0.2642482817173004]
[0.009037571959197521, 0.1359410136938095, 0.8550214171409607]
[0.045235585421323776, 0.5338143110275269, 0.42095014452934265]
[0.22111597657203674, 0.5306333303451538, 0.24825067818164825]
[0.24837522208690643, 0.5947544574737549, 0.15687039494514465]
[0.09726575762033463, 0.6162213087081909, 0.28651294112205505]
[0.0058714416809380054, 0.04553087428212166, 0.9485977292060852]
[0.07791714370250702, 0.5711157321929932, 0.3509672284126282]
[0.8060221076011658, 0.1712636500597, 0.022714275866746902]
[0.00989205576479435, 0.14795662462711334, 0.8421513438224792]
[0.01585802435874939, 0.17082086205482483, 0.8133211135864258]
[0.013943315483629704, 0.1335318386554718, 0.8525248169898987]
[0.17933954298496246, 0.5913997888565063, 0.22926065325737]
[0.24591626226902008, 0.573713481426239, 0.1803702563047409]
[0.011557604186236858, 0.09377730637788773, 0.8946650624275208]
[0.3607527017593384, 0.4172392785549164, 0.22200804948806763]
[0.02086244523525238, 0.33362531661987305, 0.6455122828483582]
[0.009437431581318378, 0.1248340755701065, 0.865728497505188]
[0.207877054810524, 0.432824045419693, 0.35929885506629944]
