[0.16310414671897888, 0.5096527338027954, 0.3272430896759033]
[0.002099123317748308, 0.01724177412688732, 0.9806591272354126]
[0.030697422102093697, 0.25311121344566345, 0.7161914110183716]
[0.03238675370812416, 0.3619021773338318, 0.6057109832763672]
[0.06829588115215302, 0.2960023581981659, 0.6357017755508423]
[0.0247285608202219, 0.16539594531059265, 0.80987548828125]
[0.3735080659389496, 0.4611002504825592, 0.1653916984796524]
[0.08743029832839966, 0.7795807123184204, 0.13298894464969635]
[0.041888538748025894, 0.28256136178970337, 0.6755501627922058]
[0.250997394323349, 0.4297553598880768, 0.3192473351955414]
[0.6885759234428406, 0.2855031490325928, 0.02592090517282486]
[0.028871862217783928, 0.24082979559898376, 0.7302982807159424]
[0.017611978575587273, 0.20523701608181, 0.7771510481834412]
[0.045381881296634674, 0.3496861159801483, 0.6049319505691528]
[0.015593604184687138, 0.2032271921634674, 0.7811792492866516]
[0.06923802196979523, 0.6048144102096558, 0.3259475529193878]
[0.006923902779817581, 0.1115054339170456, 0.88157057762146]
[0.5593919157981873, 0.39109233021736145, 0.049515675753355026]
[0.049876488745212555, 0.48590773344039917, 0.4642157554626465]
[0.03845417499542236, 0.3780288100242615, 0.5835170149803162]
[0.7845160961151123, 0.18697524070739746, 0.028508653864264488]
[0.3235590159893036, 0.37380823493003845, 0.30263274908065796]
[0.3669404089450836, 0.41602668166160583, 0.21703292429447174]
[0.006804386619478464, 0.0349620059132576, 0.9582335948944092]
[0.004692352842539549, 0.08043692260980606, 0.9148707389831543]
[0.02148308791220188, 0.29145628213882446, 0.6870606541633606]
[0.009333854541182518, 0.04096706211566925, 0.9496990442276001]
[0.042253896594047546, 0.2509722411632538, 0.7067738771438599]
[0.01637658290565014, 0.121099092066288, 0.8625243306159973]
[0.05547698214650154, 0.3682512938976288, 0.5762717723846436]
[0.033481158316135406, 0.2919246554374695, 0.6745942234992981]
[0.12231947481632233, 0.3694740831851959, 0.5082064270973206]
[0.13158176839351654, 0.35064664483070374, 0.5177715420722961]
[0.8108444213867188, 0.17193278670310974, 0.017222799360752106]
[0.04656120762228966, 0.4433450400829315, 0.5100936889648438]
[0.00984464306384325, 0.2414422184228897, 0.7487131357192993]
[0.05109730735421181, 0.5572131276130676, 0.39168956875801086]
[0.011299435049295425, 0.13342322409152985, 0.8552773594856262]
[0.07069803774356842, 0.5729847550392151, 0.3563172519207001]
[0.03128838911652565, 0.1905847042798996, 0.7781268954277039]
[0.03589549660682678, 0.3118577003479004, 0.6522468328475952]
[0.18420347571372986, 0.4952559769153595, 0.32054057717323303]
[0.2599811255931854, 0.4786333739757538, 0.2613855004310608]
[0.11874989420175552, 0.42888832092285156, 0.45236173272132874]
[0.049384698271751404, 0.2567950189113617, 0.6938202977180481]
[0.04892256110906601, 0.17908044159412384, 0.7719970345497131]
[0.08128409832715988, 0.33007532358169556, 0.5886405110359192]
[0.6357508301734924, 0.33642661571502686, 0.027822522446513176]
[0.4464329183101654, 0.44802796840667725, 0.10553905367851257]
[0.0026662801392376423, 0.032196301966905594, 0.9651374816894531]
[0.0014816286275163293, 0.22613213956356049, 0.7723862528800964]
