[0.8527356386184692, 0.12768396735191345, 0.01958037167787552]
[0.08619359880685806, 0.36070650815963745, 0.5530999302864075]
[0.920561671257019, 0.07207441329956055, 0.00736395874992013]
[0.4791569709777832, 0.39039984345436096, 0.13044318556785583]
[0.5727988481521606, 0.32196474075317383, 0.10523635894060135]
[0.13143639266490936, 0.5719248056411743, 0.2966388165950775]
[0.17482209205627441, 0.41470009088516235, 0.4104779064655304]
[0.22313964366912842, 0.5008401274681091, 0.27602025866508484]
[0.0335102304816246, 0.14954021573066711, 0.8169495463371277]
[0.04058467969298363, 0.23586194217205048, 0.7235532999038696]
[0.017429430037736893, 0.2560037672519684, 0.7265667915344238]
[0.05410527437925339, 0.4261651039123535, 0.5197296142578125]
[0.02157452516257763, 0.17298315465450287, 0.8054422736167908]
[0.5175841450691223, 0.3863917589187622, 0.09602414071559906]
[0.7452036142349243, 0.2269044667482376, 0.027891896665096283]
[0.2020777016878128, 0.4111425578594208, 0.3867797553539276]
[0.10835462063550949, 0.2728716731071472, 0.6187737584114075]
[0.1930665671825409, 0.4132583439350128, 0.3936750590801239]
[0.14433209598064423, 0.5494322776794434, 0.3062356114387512]
[0.07423128187656403, 0.40577343106269836, 0.5199952721595764]
[0.008076006546616554, 0.056298766285181046, 0.9356251955032349]
[0.15314480662345886, 0.6781256198883057, 0.16872954368591309]
[0.47365570068359375, 0.42150118947029114, 0.10484309494495392]
[0.16974182426929474, 0.5878830552101135, 0.24237515032291412]
[0.44056591391563416, 0.48041537404060364, 0.07901867479085922]
[0.22935688495635986, 0.669690728187561, 0.10095231235027313]
[0.04287134110927582, 0.2907346189022064, 0.666394054889679]
[0.8603299260139465, 0.12476345151662827, 0.014906641095876694]
[0.08499564230442047, 0.38609999418258667, 0.528904378414154]
[0.030711667612195015, 0.21186524629592896, 0.7574231028556824]
[0.051605433225631714, 0.2569887042045593, 0.6914057731628418]
[0.10140129178762436, 0.3583456575870514, 0.5402531027793884]
[0.8292286992073059, 0.14313307404518127, 0.0276381466537714]
[0.7478520274162292, 0.22221924364566803, 0.029928790405392647]
[0.4983504116535187, 0.42240214347839355, 0.07924739271402359]
[0.5499411821365356, 0.3743608593940735, 0.0756978839635849]
[0.5173993110656738, 0.3631405532360077, 0.11946018785238266]
[0.28599968552589417, 0.6226329207420349, 0.09136740118265152]
[0.3490825295448303, 0.504709780216217, 0.14620764553546906]
[0.1904561072587967, 0.5192099213600159, 0.29033389687538147]
[0.691801130771637, 0.2803029716014862, 0.027895914390683174]
[0.4421534538269043, 0.36225801706314087, 0.19558854401111603]
[0.012164641171693802, 0.08155222982168198, 0.9062830805778503]
[0.7827603816986084, 0.18424396216869354, 0.032995693385601044]
[0.10498619824647903, 0.39233633875846863, 0.5026775002479553]
[0.8103841543197632, 0.16135607659816742, 0.028259729966521263]
[0.39977940917015076, 0.4110287129878998, 0.18919189274311066]
[0.6923384666442871, 0.2685987055301666, 0.03906284272670746]
[0.5929583311080933, 0.3436572551727295, 0.06338444352149963]
[0.9310435056686401, 0.06258690357208252, 0.006369506008923054]
[0.27074024081230164, 0.49965900182724, 0.22960077226161957]
[0.36455509066581726, 0.5171670913696289, 0.11827786266803741]
[0.40361282229423523, 0.4778515696525574, 0.118535615503788]
[0.5142638087272644, 0.4429874122142792, 0.04274877905845642]
[0.959219753742218, 0.03643188253045082, 0.00434831902384758]
[0.01984056644141674, 0.11820115149021149, 0.8619582653045654]
[0.04147126525640488, 0.5699121952056885, 0.38861656188964844]
[0.405389666557312, 0.47239723801612854, 0.12221315503120422]
[0.6725220084190369, 0.2569696009159088, 0.07050833851099014]
[0.017000427469611168, 0.3304620087146759, 0.6525375843048096]
[0.5916036367416382, 0.3097999393939972, 0.09859632700681686]
[0.003928759600967169, 0.12296153604984283, 0.873109757900238]
[0.8345425724983215, 0.13960959017276764, 0.025847893208265305]
[0.12642380595207214, 0.34560415148735046, 0.5279720425605774]
[0.6519548892974854, 0.27374592423439026, 0.07429921627044678]
[0.21040943264961243, 0.35786858201026917, 0.431721955537796]
[0.20931249856948853, 0.4382575452327728, 0.35242995619773865]
[0.06203185394406319, 0.3786347210407257, 0.5593333840370178]
[0.0725942924618721, 0.23757319152355194, 0.6898325681686401]
[0.5803834795951843, 0.36417266726493835, 0.05544383078813553]
[0.03084350749850273, 0.2013823240995407, 0.7677741050720215]
[0.18410980701446533, 0.7003694772720337, 0.11552070826292038]
[0.022824473679065704, 0.7733896970748901, 0.20378579199314117]
[0.09609212726354599, 0.5304926037788391, 0.37341535091400146]
[0.2810378968715668, 0.5206966996192932, 0.1982654482126236]
[0.34841516613960266, 0.5224873423576355, 0.129097580909729]
[0.4652506113052368, 0.45531609654426575, 0.07943323254585266]
[0.002937531564384699, 0.015109764412045479, 0.9819527268409729]
[0.006114279851317406, 0.07284674048423767, 0.9210390448570251]
[0.04418836906552315, 0.25675371289253235, 0.6990578770637512]
[0.0920005664229393, 0.3482855558395386, 0.5597139000892639]
[0.6927643418312073, 0.2779078483581543, 0.029327793046832085]
