[0.01273791678249836, 0.07781270891427994, 0.9094493389129639]
[0.007167221046984196, 0.1272292137145996, 0.8656036257743835]
[0.007303713355213404, 0.07323605567216873, 0.9194602370262146]
[0.009279560297727585, 0.08410564810037613, 0.9066147208213806]
[0.019161785021424294, 0.11357181519269943, 0.8672663569450378]
[0.06146996468305588, 0.561219334602356, 0.37731078267097473]
[0.04284002259373665, 0.19344162940979004, 0.7637183666229248]
[0.09316675364971161, 0.4587530493736267, 0.4480801224708557]
[0.04254429042339325, 0.2913112938404083, 0.6661444306373596]
[0.005861996207386255, 0.08733395487070084, 0.906804084777832]
[0.004567759111523628, 0.04449920356273651, 0.950933039188385]
[0.027300216257572174, 0.19865897297859192, 0.7740407586097717]
[0.0031540002673864365, 0.08752960711717606, 0.90931636095047]
[0.004137433134019375, 0.050634127110242844, 0.9452285170555115]
[0.007131404243409634, 0.1656467616558075, 0.8272218704223633]
[0.1091490313410759, 0.44183698296546936, 0.44901394844055176]
[0.03635437786579132, 0.6988967657089233, 0.26474881172180176]
[0.20616045594215393, 0.3607366681098938, 0.4331028461456299]
[0.7565183639526367, 0.2193715125322342, 0.024110082536935806]
[0.0786847174167633, 0.5473706126213074, 0.3739446699619293]
[0.005699072033166885, 0.13953012228012085, 0.854770839214325]
[0.6394378542900085, 0.2907794713973999, 0.06978268921375275]
[0.27374839782714844, 0.4075213372707367, 0.31873035430908203]
[0.004970869515091181, 0.11678674817085266, 0.8782424330711365]
[0.26360946893692017, 0.4801826775074005, 0.25620779395103455]
[0.010870399884879589, 0.24827449023723602, 0.7408551573753357]
[0.5355291366577148, 0.4153186082839966, 0.04915221780538559]
[0.13545271754264832, 0.37587887048721313, 0.4886684715747833]
[0.037312015891075134, 0.1173473373055458, 0.8453406691551208]
[0.007136481814086437, 0.05333661288022995, 0.9395268559455872]
[0.03370955213904381, 0.2637387812137604, 0.7025517225265503]
[0.1311265230178833, 0.5337573289871216, 0.33511608839035034]
[0.03562432527542114, 0.24255432188510895, 0.7218213677406311]
[0.024535901844501495, 0.336493581533432, 0.6389704942703247]
[0.0036643475759774446, 0.0859927088022232, 0.9103429317474365]
[0.011497419327497482, 0.31947091221809387, 0.6690316796302795]
[0.015513012185692787, 0.2839437425136566, 0.700543224811554]
[0.5504729151725769, 0.3835253417491913, 0.06600183248519897]
[0.583123505115509, 0.3706705868244171, 0.046205826103687286]
[0.005649235099554062, 0.08208636939525604, 0.9122644066810608]
[0.394595742225647, 0.5511987805366516, 0.05420546606183052]
[0.16717776656150818, 0.6645691990852356, 0.16825303435325623]
[0.0030286044348031282, 0.02668694593012333, 0.9702844619750977]
