[0.3160935938358307, 0.5095884203910828, 0.17431803047657013]
[0.011679376475512981, 0.04291604459285736, 0.945404589176178]
[0.905044436454773, 0.08058314025402069, 0.014372466132044792]
[0.4240048825740814, 0.4695413112640381, 0.10645382106304169]
[0.002244277624413371, 0.030651412904262543, 0.9671043753623962]
[0.09966941922903061, 0.677311360836029, 0.22301919758319855]
[0.03237200155854225, 0.1898273080587387, 0.7778006196022034]
[0.00892654899507761, 0.10170625150203705, 0.8893672823905945]
[0.25043821334838867, 0.3600188195705414, 0.38954293727874756]
[0.007346446625888348, 0.05007136985659599, 0.9425821900367737]
[0.05034071207046509, 0.14802414178848267, 0.8016350865364075]
[0.6535290479660034, 0.29323625564575195, 0.053234659135341644]
[0.4662187695503235, 0.4140712022781372, 0.1197100579738617]
[0.7638708353042603, 0.21639396250247955, 0.019735217094421387]
[0.07723161578178406, 0.22685346007347107, 0.6959148645401001]
[0.8372908234596252, 0.14387550950050354, 0.018833689391613007]
[0.8213648200035095, 0.1513870656490326, 0.0272480770945549]
[0.15943028032779694, 0.36951643228530884, 0.4710533320903778]
[0.010898132808506489, 0.05045066773891449, 0.9386512637138367]
[0.1819765716791153, 0.410133421421051, 0.4078899919986725]
[0.8312473893165588, 0.15022461116313934, 0.0185280479490757]
[0.11722784489393234, 0.38884133100509644, 0.4939308166503906]
[0.1184832975268364, 0.42134353518486023, 0.4601731598377228]
[0.00866861455142498, 0.052601125091314316, 0.9387302398681641]
[0.015263767912983894, 0.6576690077781677, 0.32706719636917114]
[0.009051092900335789, 0.07973702996969223, 0.9112118482589722]
[0.24561241269111633, 0.6209589838981628, 0.1334286630153656]
[0.47195902466773987, 0.39333978295326233, 0.13470125198364258]
[0.8417575359344482, 0.13728412985801697, 0.020958326756954193]
[0.2500877380371094, 0.4834756553173065, 0.26643669605255127]
[0.34656909108161926, 0.49905112385749817, 0.154379740357399]
[0.565947413444519, 0.3666529357433319, 0.06739963591098785]
[0.34599149227142334, 0.38195496797561646, 0.2720535397529602]
[0.05839516595005989, 0.305850088596344, 0.6357547044754028]
[0.027327612042427063, 0.33432450890541077, 0.638347864151001]
[0.5408443212509155, 0.3590914309024811, 0.1000642403960228]
[0.06449198722839355, 0.5255547761917114, 0.40995317697525024]
[0.02891317568719387, 0.28592896461486816, 0.685157835483551]
[0.19631895422935486, 0.5239102840423584, 0.27977079153060913]
[0.3647768795490265, 0.4147486388683319, 0.22047454118728638]
[0.07969043403863907, 0.40446701645851135, 0.5158425569534302]
[0.06972165405750275, 0.5401405692100525, 0.39013782143592834]
[0.48709896206855774, 0.3752971887588501, 0.13760384917259216]
[0.07595114409923553, 0.34421801567077637, 0.5798308253288269]
[0.5368707776069641, 0.3651407063007355, 0.09798850119113922]
[0.9326205849647522, 0.058801889419555664, 0.008577556349337101]
[0.02100520208477974, 0.1484285593032837, 0.8305662870407104]
[0.15294426679611206, 0.4085932672023773, 0.43846243619918823]
[0.16983915865421295, 0.5099575519561768, 0.32020333409309387]
[0.08419399708509445, 0.3045068681240082, 0.6112990975379944]
[0.7783166170120239, 0.19082626700401306, 0.03085702657699585]
[0.026817772537469864, 0.13772813975811005, 0.8354540467262268]
[0.13732554018497467, 0.39679262042045593, 0.4658818542957306]
[0.5524274706840515, 0.37372007966041565, 0.07385246455669403]
[0.13340818881988525, 0.3896682858467102, 0.47692346572875977]
[0.04004870355129242, 0.355880469083786, 0.6040708422660828]
[0.03199281170964241, 0.13152194023132324, 0.8364852666854858]
[0.014778963290154934, 0.09924149513244629, 0.8859795928001404]
[0.01252761110663414, 0.1414141058921814, 0.8460583090782166]
[0.004902698565274477, 0.08826181292533875, 0.9068354368209839]
[0.16583137214183807, 0.646265983581543, 0.18790270388126373]
[0.12681224942207336, 0.4886794984340668, 0.38450828194618225]
[0.018529370427131653, 0.10606249421834946, 0.8754081130027771]
[0.295710027217865, 0.5056991577148438, 0.19859082996845245]
[0.6472205519676208, 0.2954297661781311, 0.05734969675540924]
[0.4996432363986969, 0.3894103467464447, 0.11094643175601959]
[0.40868911147117615, 0.5093097686767578, 0.08200117945671082]
[0.0038290361408144236, 0.02683008834719658, 0.9693408608436584]
[0.020278409123420715, 0.13211728632450104, 0.8476043343544006]
[0.4025481343269348, 0.5412948131561279, 0.05615704506635666]
[0.006106319837272167, 0.06940934807062149, 0.9244843125343323]
[0.6462458968162537, 0.30200058221817017, 0.051753439009189606]
[0.12634745240211487, 0.27364322543144226, 0.6000093221664429]
[0.7176979780197144, 0.2570273280143738, 0.025274788960814476]
[0.10108723491430283, 0.3282597064971924, 0.5706530809402466]
[0.1813826560974121, 0.5230972766876221, 0.29552003741264343]
[0.46029356122016907, 0.4197007715702057, 0.12000565975904465]
[0.04442143067717552, 0.19478243589401245, 0.7607961297035217]
[0.005230418406426907, 0.08532670140266418, 0.9094428420066833]
[0.009308881126344204, 0.1040843203663826, 0.8866068124771118]
[0.10811018198728561, 0.38044631481170654, 0.5114434957504272]
[0.1128300130367279, 0.5990210175514221, 0.2881488800048828]
[0.3340986669063568, 0.46138668060302734, 0.20451457798480988]
[0.6336479783058167, 0.27166441082954407, 0.09468752145767212]
[0.018222626298666, 0.10834454745054245, 0.8734328150749207]
[0.308385968208313, 0.5009878873825073, 0.19062620401382446]
[0.3438955247402191, 0.4276677072048187, 0.22843673825263977]
[0.32409238815307617, 0.42434799671173096, 0.25155964493751526]
[0.052496038377285004, 0.5134013295173645, 0.4341025948524475]
[0.0031339379493147135, 0.022396815940737724, 0.9744691848754883]
[0.012516294606029987, 0.10610458999872208, 0.8813791275024414]
[0.05212317779660225, 0.3856560289859772, 0.5622208118438721]
[0.08190146088600159, 0.43613430857658386, 0.48196420073509216]
[0.12756091356277466, 0.401764452457428, 0.47067463397979736]
[0.0562002956867218, 0.2162739634513855, 0.7275257706642151]
[0.07364300638437271, 0.3104372024536133, 0.6159197688102722]
[0.0838860347867012, 0.40326187014579773, 0.5128520131111145]
[0.0029400945641100407, 0.02984265610575676, 0.9672173261642456]
[0.8979742527008057, 0.08812098205089569, 0.013904767110943794]
[0.8272781372070312, 0.13926266133785248, 0.03345918282866478]
[0.08297228068113327, 0.17313027381896973, 0.7438974380493164]
[0.24550803005695343, 0.43316322565078735, 0.3213287591934204]
[0.4531901180744171, 0.4792763888835907, 0.0675334557890892]
[0.15631118416786194, 0.40230751037597656, 0.4413813650608063]
[0.018125120550394058, 0.07053819298744202, 0.9113366603851318]
