[0.0011886591091752052, 0.014768095687031746, 0.9840431809425354]
[0.03691014274954796, 0.3184009790420532, 0.6446889042854309]
[0.0027630755212157965, 0.03186575695872307, 0.9653711318969727]
[0.0035705638583749533, 0.04787261784076691, 0.9485568404197693]
[0.03778114169836044, 0.2723734676837921, 0.6898453831672668]
[0.016056394204497337, 0.11235259473323822, 0.8715910315513611]
[0.012829727493226528, 0.07551463693380356, 0.911655604839325]
[0.011779524385929108, 0.265331506729126, 0.7228889465332031]
[0.02448851987719536, 0.18114683032035828, 0.7943646311759949]
[0.01950809732079506, 0.21407152712345123, 0.7664204239845276]
[0.005189282353967428, 0.11143646389245987, 0.8833742737770081]
[0.6841769218444824, 0.27639615535736084, 0.03942691162228584]
[0.010092034004628658, 0.06155421584844589, 0.9283537268638611]
[0.05467558279633522, 0.35127711296081543, 0.5940473079681396]
[0.016385609284043312, 0.13740932941436768, 0.8462051153182983]
[0.01753893680870533, 0.2451511025428772, 0.737309992313385]
[0.003510796232149005, 0.07502129673957825, 0.9214679002761841]
[0.3907542824745178, 0.4565892219543457, 0.1526564508676529]
[0.143209308385849, 0.4467150866985321, 0.4100755751132965]
[0.010422158055007458, 0.10357913374900818, 0.8859987854957581]
[0.022178931161761284, 0.1265532672405243, 0.8512677550315857]
[0.13385877013206482, 0.4386555850505829, 0.4274856150150299]
[0.122235968708992, 0.3247959613800049, 0.5529680848121643]
[0.1256960928440094, 0.43034428358078003, 0.44395962357521057]
[0.12743635475635529, 0.5221529006958008, 0.3504107892513275]
[0.029477901756763458, 0.13849446177482605, 0.8320276141166687]
[0.002489896956831217, 0.01771567016839981, 0.979794442653656]
[0.019725894555449486, 0.10018081963062286, 0.8800932765007019]
[0.021539784967899323, 0.2984411120414734, 0.6800190806388855]
[0.015576379373669624, 0.12810781598091125, 0.8563157916069031]
[0.06492951512336731, 0.5627362132072449, 0.37233424186706543]
[0.016647232696413994, 0.30884239077568054, 0.6745104193687439]
[0.04085911810398102, 0.21735772490501404, 0.7417832016944885]
[0.02741570584475994, 0.5501673221588135, 0.42241692543029785]
[0.5625675916671753, 0.36045777797698975, 0.07697465270757675]
[0.025205722078680992, 0.25665250420570374, 0.7181417942047119]
[0.006276312284171581, 0.09971033781766891, 0.8940134048461914]
[0.0915091261267662, 0.45317524671554565, 0.45531558990478516]
[0.004125379957258701, 0.06669595837593079, 0.9291786551475525]
[0.09945937246084213, 0.5702360272407532, 0.3303046226501465]
[0.47164541482925415, 0.415393203496933, 0.1129613146185875]
[0.6366308331489563, 0.2679262161254883, 0.09544302523136139]
[0.02788575366139412, 0.17792993783950806, 0.7941842675209045]
[0.043706487864255905, 0.2701033055782318, 0.6861901879310608]
[0.006186163984239101, 0.14679811894893646, 0.8470156788825989]
[0.4577382504940033, 0.45250269770622253, 0.08975912630558014]
[0.6020757555961609, 0.3564680814743042, 0.041456207633018494]
[0.011372948065400124, 0.09035364538431168, 0.8982734084129333]
[0.33684471249580383, 0.5650206208229065, 0.09813470393419266]
[0.023735541850328445, 0.23265992105007172, 0.7436045408248901]
[0.0925571545958519, 0.6693516969680786, 0.2380911260843277]
[0.003914440982043743, 0.0373527854681015, 0.9587327837944031]
[0.016949139535427094, 0.6000808477401733, 0.38297006487846375]
