[0.0032485558185726404, 0.03022140823304653, 0.9665300250053406]
[0.1386050283908844, 0.5450769066810608, 0.3163180649280548]
[0.11731430888175964, 0.5345481634140015, 0.3481375277042389]
[0.010605883784592152, 0.17908404767513275, 0.8103100657463074]
[0.004251703154295683, 0.029961148276925087, 0.9657871723175049]
[0.04684591293334961, 0.42934203147888184, 0.5238120555877686]
[0.003968501929193735, 0.0711885392665863, 0.9248430132865906]
[0.029652433469891548, 0.08624152839183807, 0.8841060996055603]
[0.012601623311638832, 0.17345157265663147, 0.8139467835426331]
[0.0054124644957482815, 0.0913303941488266, 0.9032571911811829]
[0.0027306671254336834, 0.053857143968343735, 0.943412184715271]
[0.011100665666162968, 0.1181911826133728, 0.870708167552948]
[0.003755775047466159, 0.07277944684028625, 0.9234647750854492]
[0.015442170202732086, 0.3119920790195465, 0.672565758228302]
[0.0055347708985209465, 0.0787021815776825, 0.9157630205154419]
[0.006639213301241398, 0.12628136575222015, 0.8670793771743774]
[0.128099724650383, 0.37392693758010864, 0.49797335267066956]
[0.19028940796852112, 0.6346335411071777, 0.17507699131965637]
[0.046011291444301605, 0.4451814591884613, 0.5088073015213013]
[0.004662361927330494, 0.03391608968377113, 0.961421549320221]
[0.00658692792057991, 0.1541782170534134, 0.8392348289489746]
[0.001748354290612042, 0.03558225557208061, 0.9626694321632385]
[0.0011853824835270643, 0.02246836945414543, 0.9763462543487549]
[0.2997947633266449, 0.40269148349761963, 0.29751378297805786]
[0.048518527299165726, 0.22889050841331482, 0.722590982913971]
[0.008832795545458794, 0.46860265731811523, 0.5225645303726196]
[0.3334198594093323, 0.46091312170028687, 0.2056669145822525]
[0.43139833211898804, 0.4608842134475708, 0.10771745443344116]
[0.01294244546443224, 0.09001747518777847, 0.8970401287078857]
[0.013846595771610737, 0.08282553404569626, 0.9033278822898865]
[0.05058563873171806, 0.3825985789299011, 0.5668157339096069]
[0.002918088110163808, 0.042987506836652756, 0.954094409942627]
[0.2439752072095871, 0.6283414959907532, 0.12768328189849854]
[0.003617645939812064, 0.14688333868980408, 0.849498987197876]
[0.0026025499682873487, 0.035553835332393646, 0.9618436694145203]
[0.009233644232153893, 0.11578669399023056, 0.8749796152114868]
[0.0676429346203804, 0.7340248823165894, 0.19833217561244965]
[0.00994767714291811, 0.21821539103984833, 0.7718369364738464]
[0.002614390105009079, 0.03183489292860031, 0.9655507206916809]
[0.0026746015064418316, 0.055397775024175644, 0.9419276714324951]
