[0.041195694357156754, 0.17834265530109406, 0.7804616689682007]
[0.0188076701015234, 0.34374693036079407, 0.6374453902244568]
[0.013809992000460625, 0.09884849190711975, 0.8873414993286133]
[0.33740150928497314, 0.442501038312912, 0.22009749710559845]
[0.12417103350162506, 0.3732861280441284, 0.5025428533554077]
[0.03365107625722885, 0.19401946663856506, 0.7723293900489807]
[0.7397983074188232, 0.2242259383201599, 0.03597573563456535]
[0.33207792043685913, 0.4659940004348755, 0.20192807912826538]
[0.02419310249388218, 0.36616700887680054, 0.6096398830413818]
[0.006296152248978615, 0.12019718438386917, 0.8735067248344421]
[0.2435234934091568, 0.5180168151855469, 0.23845964670181274]
[0.040228839963674545, 0.23440396785736084, 0.7253671884536743]
[0.01772475428879261, 0.16011583805084229, 0.822159469127655]
[0.009570482186973095, 0.2544512450695038, 0.7359782457351685]
[0.21620634198188782, 0.44240716099739075, 0.34138646721839905]
[0.0635717362165451, 0.3385271728038788, 0.5979011058807373]
[0.11689332127571106, 0.5626154541969299, 0.3204912543296814]
[0.6341239809989929, 0.34277382493019104, 0.02310221455991268]
[0.255515456199646, 0.4857875108718872, 0.258696973323822]
[0.11442118138074875, 0.4012402594089508, 0.4843386709690094]
[0.006476346869021654, 0.042478278279304504, 0.9510453343391418]
[0.34578901529312134, 0.43976712226867676, 0.2144438624382019]
[0.05809395760297775, 0.15662029385566711, 0.7852857708930969]
[0.08338908106088638, 0.5644702315330505, 0.3521406054496765]
[0.029682310298085213, 0.21368806064128876, 0.7566297054290771]
[0.025843357667326927, 0.20723077654838562, 0.7669258117675781]
[0.07163560390472412, 0.36371704936027527, 0.5646473169326782]
[0.13126441836357117, 0.4380454123020172, 0.4306902289390564]
[0.2499195635318756, 0.5345368981361389, 0.21554361283779144]
[0.20590117573738098, 0.5141196250915527, 0.27997922897338867]
[0.015613916330039501, 0.10972088575363159, 0.8746652007102966]
[0.039576075971126556, 0.5203247666358948, 0.44009920954704285]
[0.006754640489816666, 0.0851408839225769, 0.9081044793128967]
[0.02219836413860321, 0.274635910987854, 0.7031657099723816]
[0.3264205753803253, 0.5653662085533142, 0.10821319371461868]
[0.0165416169911623, 0.07725559175014496, 0.9062027931213379]
[0.006252435967326164, 0.26336997747421265, 0.7303776144981384]
[0.0081479512155056, 0.0629899650812149, 0.9288620352745056]
[0.012052040547132492, 0.19500650465488434, 0.7929413914680481]
[0.009089067578315735, 0.20051683485507965, 0.790394127368927]
[0.10136422514915466, 0.38763052225112915, 0.5110052227973938]
[0.5191612839698792, 0.42101311683654785, 0.05982561782002449]
[0.3636092245578766, 0.4033396542072296, 0.23305106163024902]
[0.6737557053565979, 0.27974000573158264, 0.04650432616472244]
[0.11457740515470505, 0.43676140904426575, 0.448661208152771]
[0.797252893447876, 0.1864107996225357, 0.01633628085255623]
[0.2534470558166504, 0.4532482922077179, 0.2933046221733093]
[0.005181754939258099, 0.04160251095890999, 0.9532157182693481]
[0.023799600079655647, 0.10115261375904083, 0.8750478029251099]
[0.0021144102793186903, 0.02124701999127865, 0.9766384959220886]
[0.017963167279958725, 0.06058729812502861, 0.921449601650238]
[0.18731467425823212, 0.4935602843761444, 0.3191249668598175]
[0.14236418902873993, 0.7391226887702942, 0.11851305514574051]
