[0.0214373879134655, 0.22089311480522156, 0.7576694488525391]
[0.0040746950544416904, 0.05923107638955116, 0.9366942048072815]
[0.003577817464247346, 0.07835445553064346, 0.9180677533149719]
[0.01405309233814478, 0.1449938416481018, 0.8409531116485596]
[0.053349342197179794, 0.3299420177936554, 0.6167086362838745]
[0.023397622630000114, 0.1504087746143341, 0.8261935710906982]
[0.1361350417137146, 0.5227314829826355, 0.3411335349082947]
[0.016759470105171204, 0.5004243850708008, 0.4828161299228668]
[0.002733777742832899, 0.04820523411035538, 0.9490610361099243]
[0.003507038811221719, 0.08080442994832993, 0.9156885147094727]
[0.04292631149291992, 0.3247514069080353, 0.6323222517967224]
[0.0027598373126238585, 0.03512583300471306, 0.9621142745018005]
[0.0026204220484942198, 0.03295014798641205, 0.9644294381141663]
[0.0045121596194803715, 0.07228194922208786, 0.9232059121131897]
[0.07082116603851318, 0.5071774125099182, 0.4220014810562134]
[0.00837909895926714, 0.11179966479539871, 0.879821240901947]
[0.032606206834316254, 0.209967702627182, 0.7574261426925659]
[0.008069650270044804, 0.15604937076568604, 0.8358809947967529]
[0.009014644660055637, 0.25994449853897095, 0.731040894985199]
[0.05013887584209442, 0.5145484805107117, 0.4353126585483551]
[0.003444769885390997, 0.031070969998836517, 0.9654842615127563]
[0.26637932658195496, 0.4773562550544739, 0.25626447796821594]
[0.027704274281859398, 0.2102704644203186, 0.7620253562927246]
[0.1653454601764679, 0.46551626920700073, 0.369138240814209]
[0.1536255180835724, 0.4181821942329407, 0.42819228768348694]
[0.014719629660248756, 0.3900865316390991, 0.5951938033103943]
[0.0017450707964599133, 0.02814542129635811, 0.9701095223426819]
[0.2006528079509735, 0.37734484672546387, 0.4220023453235626]
[0.0028529849369078875, 0.0321933776140213, 0.964953601360321]
[0.04041565582156181, 0.17637097835540771, 0.7832133173942566]
[0.08552000671625137, 0.6563968062400818, 0.25808319449424744]
[0.018617330119013786, 0.1133505329489708, 0.8680321574211121]
[0.03505340963602066, 0.34194913506507874, 0.6229974627494812]
[0.06746324151754379, 0.2802712023258209, 0.6522655487060547]
[0.1471642553806305, 0.4580763876438141, 0.3947593867778778]
[0.009807148948311806, 0.053157560527324677, 0.937035322189331]
[0.051206570118665695, 0.23828114569187164, 0.7105122804641724]
[0.008582644164562225, 0.10270821303129196, 0.8887091279029846]
[0.21665330231189728, 0.4426124095916748, 0.3407343029975891]
[0.006197002716362476, 0.07547322660684586, 0.9183297753334045]
[0.004397175740450621, 0.05347960442304611, 0.9421232342720032]
[0.0690617561340332, 0.30196866393089294, 0.6289694905281067]
[0.0029929301235824823, 0.02607656642794609, 0.9709304571151733]
[0.2883997857570648, 0.5571821331977844, 0.15441812574863434]
[0.01954931579530239, 0.795062243938446, 0.18538841605186462]
