[0.022218594327569008, 0.19183366000652313, 0.7859477996826172]
[0.19767439365386963, 0.5240127444267273, 0.2783128321170807]
[0.0405723936855793, 0.20393095910549164, 0.7554965615272522]
[0.003988105803728104, 0.12182359397411346, 0.8741883039474487]
[0.04579200595617294, 0.3066440522670746, 0.6475639343261719]
[0.06249763444066048, 0.6075648069381714, 0.32993754744529724]
[0.053385257720947266, 0.40394455194473267, 0.5426701903343201]
[0.0062538073398172855, 0.07377950102090836, 0.9199666976928711]
[0.0034056897275149822, 0.05088641494512558, 0.9457079172134399]
[0.004722868092358112, 0.038926802575588226, 0.9563503265380859]
[0.0535847507417202, 0.4851628839969635, 0.4612523913383484]
[0.0019572123419493437, 0.031248996034264565, 0.9667938351631165]
[0.03136356174945831, 0.24528680741786957, 0.7233496904373169]
[0.06487789750099182, 0.35834911465644836, 0.5767729878425598]
[0.0030374284833669662, 0.06078089773654938, 0.9361816644668579]
[0.17593783140182495, 0.34607845544815063, 0.4779837429523468]
[0.002211583312600851, 0.02971320040524006, 0.9680752158164978]
[0.12604187428951263, 0.5417382121086121, 0.3322199583053589]
[0.4560128450393677, 0.41522908210754395, 0.1287580281496048]
[0.21187207102775574, 0.5120750665664673, 0.27605289220809937]
[0.13064827024936676, 0.7985367178916931, 0.07081498205661774]
[0.11829347163438797, 0.24594973027706146, 0.6357568502426147]
[0.004891789983958006, 0.036620400846004486, 0.958487868309021]
[0.04744667932391167, 0.3427564203739166, 0.6097968220710754]
[0.9464995861053467, 0.0502261146903038, 0.0032743324991315603]
[0.01323754247277975, 0.1281348466873169, 0.8586276173591614]
[0.38160428404808044, 0.4517059028148651, 0.16668975353240967]
[0.12085701525211334, 0.2973915934562683, 0.5817514061927795]
[0.3536067008972168, 0.4695920944213867, 0.17680123448371887]
[0.3778079152107239, 0.4644385874271393, 0.15775348246097565]
[0.0038640021812170744, 0.030866194516420364, 0.9652698636054993]
[0.19795751571655273, 0.6000658273696899, 0.20197665691375732]
[0.011720582842826843, 0.15986992418766022, 0.8284094929695129]
[0.002145160920917988, 0.039481185376644135, 0.9583736062049866]
[0.04745673015713692, 0.16253776848316193, 0.7900055050849915]
[0.005748304072767496, 0.13120470941066742, 0.8630470037460327]
[0.08633191883563995, 0.4466695487499237, 0.4669986069202423]
[0.027141613885760307, 0.21974673867225647, 0.7531116604804993]
[0.026987014338374138, 0.2683153450489044, 0.7046976685523987]
[0.12092476338148117, 0.3062637746334076, 0.5728114247322083]
[0.5864399075508118, 0.30087801814079285, 0.11268208175897598]
[0.46742311120033264, 0.40793144702911377, 0.12464538961648941]
[0.014690706506371498, 0.31621116399765015, 0.6690980792045593]
[0.050419412553310394, 0.5015746355056763, 0.44800591468811035]
[0.28471189737319946, 0.5121425986289978, 0.20314553380012512]
[0.3326699435710907, 0.5133520364761353, 0.15397800505161285]
[0.02681874670088291, 0.26414668560028076, 0.7090345621109009]
[0.05027807503938675, 0.28656691312789917, 0.6631550192832947]
[0.0278585497289896, 0.7078381180763245, 0.2643033564090729]
[0.05578814446926117, 0.28702473640441895, 0.6571871638298035]
[0.06432274729013443, 0.6354321241378784, 0.300245076417923]
[0.005243092309683561, 0.07946500182151794, 0.9152919054031372]
[0.4963172376155853, 0.4005820155143738, 0.1031007245182991]
[0.11529102921485901, 0.47376012802124023, 0.41094884276390076]
[0.00960953813046217, 0.14247223734855652, 0.8479182720184326]
[0.40966227650642395, 0.45101770758628845, 0.13932006061077118]
[0.5602746605873108, 0.289541095495224, 0.1501842588186264]
[0.017747197300195694, 0.13297823071479797, 0.8492745757102966]
[0.35638612508773804, 0.5110658407211304, 0.13254807889461517]
[0.3522416055202484, 0.5524942874908447, 0.09526407718658447]
[0.40386611223220825, 0.41864442825317383, 0.17748945951461792]
[0.035484522581100464, 0.3587339222431183, 0.6057815551757812]
[0.4114516079425812, 0.3101192116737366, 0.27842921018600464]
[0.0715402141213417, 0.24369379878044128, 0.6847659945487976]
[0.05891063064336777, 0.2153158336877823, 0.7257735133171082]
[0.12311124801635742, 0.5192742347717285, 0.35761454701423645]
[0.03186556324362755, 0.11261831223964691, 0.8555161356925964]
[0.09920647740364075, 0.42382633686065674, 0.4769671857357025]
[0.056111544370651245, 0.23591186106204987, 0.7079765796661377]
[0.08861766010522842, 0.19510293006896973, 0.7162793874740601]
[0.14659236371517181, 0.5543525218963623, 0.2990550994873047]
[0.007479129359126091, 0.061197180300951004, 0.931323766708374]
[0.06660671532154083, 0.2953926622867584, 0.6380006074905396]
[0.9006528854370117, 0.09056583791971207, 0.008781219832599163]
[0.006175928749144077, 0.07740020006895065, 0.9164239168167114]
[0.008405070751905441, 0.07786912471055984, 0.9137258529663086]
[0.34117060899734497, 0.46868130564689636, 0.19014804065227509]
[0.07757719606161118, 0.3184884786605835, 0.6039343476295471]
[0.013967840000987053, 0.16005608439445496, 0.8259760737419128]
