[0.001748875598423183, 0.01629354991018772, 0.9819575548171997]
[0.0026339974720031023, 0.024158140644431114, 0.9732078909873962]
[0.001469765673391521, 0.021884020417928696, 0.9766462445259094]
[0.05928105488419533, 0.3581492304801941, 0.5825697183609009]
[0.03061779774725437, 0.6291117668151855, 0.340270459651947]
[0.6306180953979492, 0.2971173822879791, 0.07226451486349106]
[0.1089387983083725, 0.7870621681213379, 0.10399894416332245]
[0.007224643137305975, 0.07849056273698807, 0.9142848253250122]
[0.03479708358645439, 0.41209667921066284, 0.5531061887741089]
[0.0363343171775341, 0.1688362956047058, 0.7948293685913086]
[0.03317723795771599, 0.23386122286319733, 0.7329615354537964]
[0.04273213818669319, 0.45589131116867065, 0.5013765692710876]
[0.1873083859682083, 0.5941892266273499, 0.21850231289863586]
[0.15619908273220062, 0.6398217678070068, 0.20397913455963135]
[0.08754226565361023, 0.431567907333374, 0.48088985681533813]
[0.057651665061712265, 0.7011956572532654, 0.24115261435508728]
[0.04988933354616165, 0.5893170833587646, 0.3607935607433319]
[0.0019997297786176205, 0.021104218438267708, 0.9768959879875183]
[0.5039514303207397, 0.38308557868003845, 0.11296295374631882]
[0.007857299409806728, 0.1250946819782257, 0.8670480251312256]
[0.013103303499519825, 0.07598302513360977, 0.9109137058258057]
[0.6071748733520508, 0.3225867748260498, 0.07023835182189941]
[0.13647760450839996, 0.5475649833679199, 0.31595736742019653]
[0.049843188375234604, 0.2899174392223358, 0.6602393984794617]
[0.0054503073915839195, 0.04607915133237839, 0.9484705328941345]
[0.2444084733724594, 0.3549122214317322, 0.40067926049232483]
[0.00932851992547512, 0.14961077272891998, 0.8410606980323792]
[0.005192346405237913, 0.027562502771615982, 0.9672451615333557]
[0.2657252550125122, 0.591511070728302, 0.1427636742591858]
[0.16483791172504425, 0.5431593060493469, 0.29200276732444763]
[0.3920934498310089, 0.45742323994636536, 0.15048325061798096]
[0.00870112981647253, 0.14143596589565277, 0.8498628735542297]
[0.002532688435167074, 0.02223920077085495, 0.9752281308174133]
[0.12185075134038925, 0.4032087028026581, 0.4749405086040497]
[0.0021646127570420504, 0.040454331785440445, 0.957381010055542]
[0.04922234266996384, 0.8016347289085388, 0.14914296567440033]
[0.027609704062342644, 0.1934194713830948, 0.7789708971977234]
[0.5837754607200623, 0.33826085925102234, 0.07796363532543182]
[0.007033154834061861, 0.08713600039482117, 0.9058308601379395]
[0.007614536676555872, 0.05119415745139122, 0.9411912560462952]
[0.041917283087968826, 0.19649705290794373, 0.7615856528282166]
[0.0045551094226539135, 0.05189136043190956, 0.9435535669326782]
[0.003938294481486082, 0.0860215425491333, 0.9100401401519775]
[0.06647036224603653, 0.3030640184879303, 0.6304656267166138]
[0.025405989959836006, 0.25444692373275757, 0.7201470732688904]
[0.048378847539424896, 0.23867350816726685, 0.71294766664505]
[0.1932222545146942, 0.34674739837646484, 0.46003031730651855]
[0.00894711259752512, 0.11807464808225632, 0.8729782700538635]
[0.6956871747970581, 0.2375461608171463, 0.06676660478115082]
[0.32883307337760925, 0.5635976791381836, 0.10756924748420715]
[0.17269565165042877, 0.353890985250473, 0.473413348197937]
[0.015012292191386223, 0.07623529434204102, 0.9087523818016052]
