[0.011480385437607765, 0.0917251780629158, 0.8967944383621216]
[0.008260255679488182, 0.16854514181613922, 0.8231945633888245]
[0.02653828077018261, 0.1930849552154541, 0.7803767919540405]
[0.004399710334837437, 0.0750434622168541, 0.9205567836761475]
[0.08209595829248428, 0.5194529891014099, 0.3984510600566864]
[0.0831952914595604, 0.28619036078453064, 0.6306142807006836]
[0.523140013217926, 0.3925285041332245, 0.0843314602971077]
[0.04406731575727463, 0.2733815908432007, 0.6825510859489441]
[0.022857004776597023, 0.10588079690933228, 0.8712621927261353]
[0.01538733672350645, 0.21261084079742432, 0.7720018029212952]
[0.009312708862125874, 0.0767325907945633, 0.9139546751976013]
[0.031296078115701675, 0.07517153024673462, 0.893532395362854]
[0.1851801574230194, 0.6972841620445251, 0.11753568053245544]
[0.2770266532897949, 0.4944208264350891, 0.22855252027511597]
[0.07480616122484207, 0.5266618132591248, 0.39853203296661377]
[0.012878157198429108, 0.10951140522956848, 0.877610445022583]
[0.070182204246521, 0.6419548988342285, 0.2878628969192505]
[0.015004856511950493, 0.12606622278690338, 0.858928918838501]
[0.004007935989648104, 0.054356448352336884, 0.9416356086730957]
[0.08263451606035233, 0.5667022466659546, 0.3506631851196289]
[0.006228746846318245, 0.05071183294057846, 0.9430594444274902]
[0.018380487337708473, 0.1276157796382904, 0.8540037274360657]
[0.03094802051782608, 0.21698500216007233, 0.7520669102668762]
[0.02493232488632202, 0.165952667593956, 0.8091149926185608]
[0.2142658233642578, 0.41533133387565613, 0.37040284276008606]
[0.002292977413162589, 0.016790537163615227, 0.980916440486908]
[0.0178992822766304, 0.05306527391076088, 0.929035484790802]
[0.0540836863219738, 0.3504088521003723, 0.5955075025558472]
[0.13977091014385223, 0.5461662411689758, 0.31406277418136597]
[0.019084082916378975, 0.07487385720014572, 0.9060419797897339]
[0.00706105912104249, 0.053611814975738525, 0.9393271207809448]
[0.007763916626572609, 0.12529705464839935, 0.8669390678405762]
[0.17140991985797882, 0.5230845212936401, 0.30550557374954224]
[0.023126758635044098, 0.06982032209634781, 0.9070529341697693]
[0.034766532480716705, 0.18076010048389435, 0.7844733595848083]
[0.24753785133361816, 0.5992361307144165, 0.15322598814964294]
[0.04481632634997368, 0.31052425503730774, 0.6446593999862671]
[0.08920492231845856, 0.3858543932437897, 0.5249406099319458]
[0.09860846400260925, 0.30116263031959534, 0.6002289056777954]
[0.29986292123794556, 0.4665322005748749, 0.23360490798950195]
[0.007846437394618988, 0.16908498108386993, 0.8230685591697693]
[0.3603322505950928, 0.5232375264167786, 0.11643022298812866]
[0.008457149378955364, 0.08535514026880264, 0.9061877131462097]
[0.1633400321006775, 0.35750290751457214, 0.479157030582428]
[0.23445692658424377, 0.5128909945487976, 0.2526520788669586]
[0.2315545231103897, 0.5753428339958191, 0.1931026577949524]
[0.011095155030488968, 0.18630191683769226, 0.8026028871536255]
[0.03193562105298042, 0.32383424043655396, 0.6442301273345947]
[0.7109065055847168, 0.2505951225757599, 0.03849833458662033]
[0.18609187006950378, 0.2619485855102539, 0.5519595742225647]
[0.0076282997615635395, 0.08216829597949982, 0.9102034568786621]
[0.17709802091121674, 0.4322304427623749, 0.3906715512275696]
[0.10344352573156357, 0.4296068251132965, 0.4669496715068817]
[0.04853777959942818, 0.2768609821796417, 0.6746011972427368]
[0.22471077740192413, 0.5581070184707642, 0.2171821892261505]
[0.009126996621489525, 0.10336330533027649, 0.8875096440315247]
