[0.04574508219957352, 0.1983063966035843, 0.755948543548584]
[0.02185676246881485, 0.1634024977684021, 0.8147407174110413]
[0.0015625922242179513, 0.014006772078573704, 0.9844306111335754]
[0.0035528801381587982, 0.04293838143348694, 0.9535087943077087]
[0.028030872344970703, 0.5406660437583923, 0.4313030540943146]
[0.1815113127231598, 0.395164430141449, 0.423324316740036]
[0.03041536919772625, 0.0955822542309761, 0.8740023374557495]
[0.04417650029063225, 0.46943390369415283, 0.4863896071910858]
[0.7054051756858826, 0.23329053819179535, 0.06130421534180641]
[0.3552762269973755, 0.5125182271003723, 0.13220559060573578]
[0.5204209685325623, 0.4251364469528198, 0.05444253608584404]
[0.5049516558647156, 0.39842841029167175, 0.09661990404129028]
[0.5059097409248352, 0.4390815794467926, 0.05500871688127518]
[0.2393961250782013, 0.5794036388397217, 0.1812002807855606]
[0.2014882117509842, 0.5438174605369568, 0.2546944320201874]
[0.03869897872209549, 0.164564311504364, 0.7967367172241211]
[0.7774758338928223, 0.19482147693634033, 0.027702772989869118]
[0.0033986505586653948, 0.02634173072874546, 0.9702596664428711]
[0.012045281939208508, 0.07903598248958588, 0.9089187383651733]
[0.009170006960630417, 0.11658711731433868, 0.874242901802063]
[0.8624742031097412, 0.11898788064718246, 0.018537819385528564]
[0.8042999505996704, 0.17463476955890656, 0.021065348759293556]
[0.12839822471141815, 0.40812769532203674, 0.4634740650653839]
[0.007735550869256258, 0.029469909146428108, 0.9627944827079773]
[0.058402255177497864, 0.1980213075876236, 0.7435764074325562]
[0.0044053541496396065, 0.047795675694942474, 0.9477989077568054]
