[0.715716540813446, 0.21150024235248566, 0.0727832019329071]
[0.3746204376220703, 0.508047342300415, 0.11733220517635345]
[0.009006270207464695, 0.13241706788539886, 0.8585766553878784]
[0.09004657715559006, 0.3456164002418518, 0.5643370151519775]
[0.058699287474155426, 0.3470271825790405, 0.5942735075950623]
[0.038785774260759354, 0.20627519488334656, 0.754939079284668]
[0.4164524972438812, 0.44898420572280884, 0.13456332683563232]
[0.5224213600158691, 0.37377217411994934, 0.10380638390779495]
[0.3304597735404968, 0.5477039813995361, 0.12183626741170883]
[0.03003891371190548, 0.3369804620742798, 0.6329806447029114]
[0.07509966939687729, 0.576126217842102, 0.3487740755081177]
[0.07703176140785217, 0.3242522180080414, 0.5987160205841064]
[0.017505686730146408, 0.15583056211471558, 0.8266637325286865]
[0.048683032393455505, 0.30294519662857056, 0.6483717560768127]
[0.10698074102401733, 0.6370672583580017, 0.25595200061798096]
[0.3461708724498749, 0.4471771717071533, 0.2066519856452942]
[0.3407996594905853, 0.4807085394859314, 0.17849187552928925]
[0.10975226759910583, 0.31901153922080994, 0.571236252784729]
[0.049191560596227646, 0.3314308822154999, 0.619377613067627]
[0.42900198698043823, 0.41319403052330017, 0.15780393779277802]
[0.8548494577407837, 0.129513680934906, 0.015636863186955452]
[0.0821903720498085, 0.398194283246994, 0.5196153521537781]
[0.6514667272567749, 0.31218403577804565, 0.036349255591630936]
[0.7724732160568237, 0.21184292435646057, 0.015683883801102638]
[0.09543794393539429, 0.37138351798057556, 0.5331785082817078]
[0.5653704404830933, 0.37995612621307373, 0.05467347800731659]
[0.8085072040557861, 0.1792684942483902, 0.012224339880049229]
[0.017735207453370094, 0.30823495984077454, 0.6740297675132751]
[0.080194391310215, 0.4195728600025177, 0.5002327561378479]
[0.042789869010448456, 0.18538270890712738, 0.7718274593353271]
[0.13357537984848022, 0.4669383466243744, 0.3994862735271454]
[0.005247634835541248, 0.042149897664785385, 0.9526025056838989]
[0.28357523679733276, 0.5324746370315552, 0.1839500218629837]
[0.20431840419769287, 0.5675207376480103, 0.22816093266010284]
[0.8180153965950012, 0.16652560234069824, 0.015458991751074791]
[0.8797059059143066, 0.11179465800523758, 0.008499451912939548]
[0.0680592730641365, 0.44779932498931885, 0.48414134979248047]
[0.04795931652188301, 0.2756059467792511, 0.6764347553253174]
[0.4121829569339752, 0.4168548285961151, 0.17096219956874847]
[0.03267495706677437, 0.20598933100700378, 0.7613356709480286]
[0.6385507583618164, 0.3225352168083191, 0.038914065808057785]
[0.5491805672645569, 0.36883270740509033, 0.08198672533035278]
[0.14887340366840363, 0.40376582741737366, 0.4473607540130615]
[0.06143059581518173, 0.4159834384918213, 0.5225859880447388]
[0.9318240284919739, 0.06048097833991051, 0.007694967091083527]
[0.6974555850028992, 0.25197723507881165, 0.05056716129183769]
[0.9460902810096741, 0.0487690232694149, 0.005140659864991903]
[0.8521378636360168, 0.12925909459590912, 0.018603023141622543]
