[0.347208172082901, 0.3913782835006714, 0.26141348481178284]
[0.28188997507095337, 0.4107455611228943, 0.30736446380615234]
[0.17177832126617432, 0.43731656670570374, 0.39090514183044434]
[0.18449801206588745, 0.3935055732727051, 0.4219963848590851]
[0.01656811125576496, 0.11702156811952591, 0.8664103150367737]
[0.3274478614330292, 0.5350252985954285, 0.13752688467502594]
[0.010600734502077103, 0.14704814553260803, 0.8423511385917664]
[0.04596756771206856, 0.1987466961145401, 0.7552857398986816]
[0.049945298582315445, 0.33510059118270874, 0.6149540543556213]
[0.002398591721430421, 0.04244093969464302, 0.9551604986190796]
[0.03786855190992355, 0.12488747388124466, 0.8372439742088318]
[0.16564083099365234, 0.4432690441608429, 0.39109006524086]
[0.005148513708263636, 0.03808729350566864, 0.9567641615867615]
[0.044461265206336975, 0.2528631389141083, 0.7026755213737488]
[0.04198498651385307, 0.27320873737335205, 0.684806227684021]
[0.6389550566673279, 0.29859161376953125, 0.062453415244817734]
[0.05759517103433609, 0.2937878370285034, 0.6486169695854187]
[0.08618993312120438, 0.3727412223815918, 0.5410688519477844]
[0.2716478705406189, 0.3380446135997772, 0.3903075158596039]
[0.020201636478304863, 0.08983190357685089, 0.8899664878845215]
[0.029095333069562912, 0.31131643056869507, 0.6595882177352905]
[0.03495913743972778, 0.22114740312099457, 0.7438935041427612]
[0.012926538474857807, 0.07409874349832535, 0.9129747152328491]
[0.0023476933129131794, 0.03075554594397545, 0.9668967723846436]
[0.10331167280673981, 0.3063669204711914, 0.59032142162323]
[0.02629798650741577, 0.14442113041877747, 0.8292808532714844]
[0.0283180084079504, 0.39894381165504456, 0.5727382302284241]
[0.0489724837243557, 0.15321305394172668, 0.7978144288063049]
[0.026342611759901047, 0.22198957204818726, 0.7516677975654602]
[0.07042557746171951, 0.40013861656188965, 0.5294357538223267]
[0.0493088997900486, 0.341471403837204, 0.6092196702957153]
[0.0777921974658966, 0.4666111171245575, 0.4555967152118683]
[0.02123485505580902, 0.08541595190763474, 0.8933492302894592]
[0.4965377449989319, 0.4267096519470215, 0.07675261050462723]
[0.03315122425556183, 0.25410643219947815, 0.7127423286437988]
[0.1985829472541809, 0.418895423412323, 0.3825216293334961]
