[0.7471326589584351, 0.21444083750247955, 0.03842649981379509]
[0.9574056267738342, 0.038966428488492966, 0.003627937054261565]
[0.31532546877861023, 0.5649791955947876, 0.11969532072544098]
[0.5576252937316895, 0.3561527132987976, 0.08622197061777115]
[0.3674112558364868, 0.5508516430854797, 0.08173709362745285]
[0.011541743762791157, 0.06715934723615646, 0.9212989211082458]
[0.3859616219997406, 0.4855273365974426, 0.12851104140281677]
[0.05648445338010788, 0.36630815267562866, 0.5772073864936829]
[0.4438517093658447, 0.3929910957813263, 0.16315719485282898]
[0.6406004428863525, 0.3102929890155792, 0.0491066537797451]
[0.21480931341648102, 0.42436063289642334, 0.36083006858825684]
[0.04352150112390518, 0.2937275469303131, 0.6627508997917175]
[0.6875810027122498, 0.25386378169059753, 0.0585552342236042]
[0.7667141556739807, 0.21250174939632416, 0.020784147083759308]
[0.5868388414382935, 0.34233197569847107, 0.07082915306091309]
[0.7517953515052795, 0.22116641700267792, 0.02703821286559105]
[0.2615809440612793, 0.45373326539993286, 0.28468579053878784]
[0.1761515736579895, 0.5510575175285339, 0.27279093861579895]
[0.4016790986061096, 0.44791606068611145, 0.15040479600429535]
[0.24045555293560028, 0.48620688915252686, 0.27333754301071167]
[0.44694599509239197, 0.43135836720466614, 0.12169564515352249]
[0.027226753532886505, 0.31819361448287964, 0.6545796990394592]
[0.870441198348999, 0.1210268884897232, 0.008531938306987286]
[0.26148200035095215, 0.46654587984085083, 0.271972119808197]
[0.6123293042182922, 0.3256036043167114, 0.06206713244318962]
[0.08978424221277237, 0.5931150317192078, 0.31710073351860046]
[0.6689468026161194, 0.28301092982292175, 0.048042286187410355]
[0.09846963733434677, 0.5578491687774658, 0.3436812162399292]
[0.4812653958797455, 0.39274293184280396, 0.12599167227745056]
[0.6760993599891663, 0.2703453302383423, 0.05355532839894295]
[0.227152019739151, 0.4783516526222229, 0.2944962978363037]
[0.7946392893791199, 0.18297694623470306, 0.02238372154533863]
[0.07429677248001099, 0.3267643451690674, 0.5989388227462769]
[0.09688951820135117, 0.32897302508354187, 0.5741374492645264]
[0.5702406764030457, 0.3608042299747467, 0.06895504891872406]
[0.9234457612037659, 0.07056204229593277, 0.005992134101688862]
[0.027791017666459084, 0.30627989768981934, 0.6659290790557861]
[0.14131711423397064, 0.3920761048793793, 0.46660682559013367]
[0.0018928208155557513, 0.04143894836306572, 0.9566682577133179]
