[0.9587346315383911, 0.03692946210503578, 0.0043358881957829]
[0.014820133335888386, 0.1383395791053772, 0.8468403220176697]
[0.0853239893913269, 0.44610410928726196, 0.4685719311237335]
[0.027623800560832024, 0.29378050565719604, 0.6785957217216492]
[0.243767648935318, 0.5518126487731934, 0.20441971719264984]
[0.096522256731987, 0.526434063911438, 0.3770436644554138]
[0.16807740926742554, 0.6090127825737, 0.2229098528623581]
[0.07369056344032288, 0.5267321467399597, 0.3995773196220398]
[0.3360920548439026, 0.4857219159603119, 0.1781860589981079]
[0.4713655114173889, 0.4114212393760681, 0.11721326410770416]
[0.024845020845532417, 0.28662940859794617, 0.6885255575180054]
[0.30627793073654175, 0.48389187455177307, 0.20983028411865234]
[0.14404815435409546, 0.6138509511947632, 0.24210090935230255]
[0.7898722887039185, 0.1833616942167282, 0.026766085997223854]
[0.21796914935112, 0.6255989074707031, 0.15643198788166046]
[0.6419638395309448, 0.31465229392051697, 0.043383896350860596]
[0.4846852123737335, 0.36809229850769043, 0.14722247421741486]
[0.591614842414856, 0.3468892276287079, 0.06149590387940407]
[0.32433658838272095, 0.4638810157775879, 0.21178236603736877]
[0.31636491417884827, 0.3793196976184845, 0.30431538820266724]
[0.4220319092273712, 0.42877399921417236, 0.1491941511631012]
[0.23671667277812958, 0.4734269082546234, 0.2898564040660858]
[0.513195812702179, 0.3770761489868164, 0.10972800850868225]
[0.5193483829498291, 0.4281333088874817, 0.052518319338560104]
[0.9138272404670715, 0.07556971907615662, 0.010603047907352448]
[0.4269341826438904, 0.38925203680992126, 0.18381373584270477]
[0.5284062623977661, 0.3451157212257385, 0.12647795677185059]
[0.6258081793785095, 0.32614338397979736, 0.04804840311408043]
[0.08544523268938065, 0.4557393789291382, 0.4588152766227722]
[0.5303943157196045, 0.42896902561187744, 0.04063666611909866]
[0.2860472798347473, 0.47288578748703003, 0.24106691777706146]
[0.2670782804489136, 0.519997239112854, 0.21292440593242645]
[0.4184563457965851, 0.45425593852996826, 0.12728774547576904]
[0.4440804123878479, 0.462490439414978, 0.09342921525239944]
[0.31457284092903137, 0.45781323313713074, 0.2276138961315155]
[0.5823444128036499, 0.3621627390384674, 0.05549290031194687]
[0.5887666344642639, 0.37272268533706665, 0.03851066529750824]
[0.5774793028831482, 0.35683467984199524, 0.06568590551614761]
[0.7065247297286987, 0.25436949729919434, 0.03910569101572037]
[0.9331480264663696, 0.05876673385500908, 0.008085251785814762]
[0.40477654337882996, 0.5090711712837219, 0.08615228533744812]
[0.3584470748901367, 0.5193807482719421, 0.12217225879430771]
[0.6878085732460022, 0.2889288365840912, 0.02326262556016445]
[0.21715614199638367, 0.4235936403274536, 0.3592502474784851]
[0.15289641916751862, 0.5829434394836426, 0.2641601264476776]
[0.4406508207321167, 0.47079694271087646, 0.08855228126049042]
[0.4938521385192871, 0.3919965624809265, 0.11415134370326996]
[0.06440416723489761, 0.3094196021556854, 0.6261762976646423]
[0.07274109125137329, 0.5561333894729614, 0.37112560868263245]
[0.14385563135147095, 0.6752081513404846, 0.18093623220920563]
[0.18662869930267334, 0.6987651586532593, 0.114606112241745]
[0.047831494361162186, 0.535385251045227, 0.41678330302238464]
[0.6226803064346313, 0.3323499262332916, 0.044969696551561356]
[0.5565478205680847, 0.3680211305618286, 0.0754309743642807]
[0.016360217705368996, 0.13654974102973938, 0.8470900058746338]
[0.004677954595535994, 0.13855493068695068, 0.8567671179771423]
