[0.006809237878769636, 0.10347016155719757, 0.889720618724823]
[0.021406635642051697, 0.2491295337677002, 0.7294638156890869]
[0.04059714451432228, 0.23332376778125763, 0.7260791063308716]
[0.15385477244853973, 0.5373134613037109, 0.3088317811489105]
[0.7470265626907349, 0.22374580800533295, 0.029227599501609802]
[0.2997942268848419, 0.5163143277168274, 0.1838914155960083]
[0.01294857170432806, 0.15722773969173431, 0.8298236727714539]
[0.0592736192047596, 0.3948904871940613, 0.5458359122276306]
[0.005000651814043522, 0.1476704478263855, 0.8473289012908936]
[0.021246489137411118, 0.22594062983989716, 0.7528128623962402]
[0.05015140399336815, 0.47190988063812256, 0.477938711643219]
[0.003965770360082388, 0.0651923418045044, 0.930841863155365]
[0.22396154701709747, 0.527929961681366, 0.24810849130153656]
[0.06399938464164734, 0.6196789145469666, 0.3163217604160309]
[0.33257585763931274, 0.5262166261672974, 0.1412074863910675]
[0.07393617928028107, 0.2569189667701721, 0.6691449284553528]
[0.09625683724880219, 0.4622151553630829, 0.44152796268463135]
[0.09000089764595032, 0.39924994111061096, 0.5107491612434387]
[0.01600935310125351, 0.1327728033065796, 0.8512178659439087]
[0.23824460804462433, 0.453636109828949, 0.30811935663223267]
[0.5549415349960327, 0.3723786473274231, 0.07267990708351135]
[0.05164451152086258, 0.3078050911426544, 0.6405503749847412]
[0.18868182599544525, 0.3767145574092865, 0.43460363149642944]
[0.09648007154464722, 0.3233392536640167, 0.5801807045936584]
[0.010990554466843605, 0.058997876942157745, 0.9300116300582886]
[0.03573460504412651, 0.19185996055603027, 0.7724054455757141]
[0.01295245811343193, 0.07432092726230621, 0.9127265810966492]
[0.009430727921426296, 0.06963779032230377, 0.9209314584732056]
[0.003447496797889471, 0.04306269437074661, 0.9534898400306702]
[0.060517147183418274, 0.3862958252429962, 0.5531869530677795]
