[0.014658434316515923, 0.09963583946228027, 0.8857057690620422]
[0.12262492626905441, 0.5824829339981079, 0.2948920726776123]
[0.033411696553230286, 0.1653427928686142, 0.8012455105781555]
[0.4474065601825714, 0.4450646936893463, 0.10752875357866287]
[0.4048110246658325, 0.43110671639442444, 0.16408231854438782]
[0.006699980236589909, 0.0805799588561058, 0.9127201437950134]
[0.0937468633055687, 0.4937804043292999, 0.4124727249145508]
[0.2340906411409378, 0.47915199398994446, 0.28675737977027893]
[0.02090711146593094, 0.3179483413696289, 0.6611445546150208]
[0.01246697548776865, 0.22198085486888885, 0.7655521631240845]
[0.00442472193390131, 0.18051782250404358, 0.8150574564933777]
[0.02777770906686783, 0.46831968426704407, 0.5039025545120239]
[0.012411111034452915, 0.10014733672142029, 0.8874415755271912]
[0.1868634968996048, 0.528954803943634, 0.2841816842556]
[0.3211930990219116, 0.5464881062507629, 0.13231882452964783]
[0.34049367904663086, 0.4928327202796936, 0.1666736602783203]
[0.2129867523908615, 0.6768925786018372, 0.11012072116136551]
[0.2628040313720703, 0.565004289150238, 0.17219172418117523]
[0.5513906478881836, 0.39139989018440247, 0.05720943585038185]
[0.16959987580776215, 0.6178473830223083, 0.2125527262687683]
[0.43259331583976746, 0.49566179513931274, 0.07174480706453323]
[0.00896614883095026, 0.11828786134719849, 0.8727460503578186]
[0.09614235907793045, 0.5217896103858948, 0.3820679783821106]
[0.6537362933158875, 0.2865852415561676, 0.059678513556718826]
[0.27216172218322754, 0.4018569886684418, 0.3259812593460083]
[0.01052150223404169, 0.07558192312717438, 0.9138965606689453]
[0.024237193167209625, 0.282355397939682, 0.6934073567390442]
[0.3000074625015259, 0.509706437587738, 0.19028614461421967]
