[0.9277958869934082, 0.06394428014755249, 0.00825989618897438]
[0.8095763325691223, 0.1634407788515091, 0.026982968673110008]
[0.744721531867981, 0.22099246084690094, 0.0342860147356987]
[0.7442173957824707, 0.22439923882484436, 0.03138335049152374]
[0.8046883344650269, 0.17837506532669067, 0.016936521977186203]
[0.8976098895072937, 0.09267373383045197, 0.00971634965389967]
[0.7177709341049194, 0.2611575424671173, 0.0210715364664793]
[0.828765332698822, 0.15321533381938934, 0.018019309267401695]
[0.8686209917068481, 0.11599809676408768, 0.015380993485450745]
[0.2570594549179077, 0.6064702272415161, 0.13647037744522095]
[0.8797016739845276, 0.11101924628019333, 0.009279112331569195]
[0.811346709728241, 0.1684619039297104, 0.02019137516617775]
[0.7133702635765076, 0.23494014143943787, 0.051689550280570984]
[0.6278758645057678, 0.33736953139305115, 0.034754615277051926]
[0.9561570882797241, 0.0391397699713707, 0.004703123588114977]
[0.8030799031257629, 0.17711906135082245, 0.019801078364253044]
[0.9172548055648804, 0.07266061007976532, 0.010084607638418674]
[0.31269118189811707, 0.40169817209243774, 0.28561073541641235]
[0.5661439299583435, 0.3877318501472473, 0.04612424969673157]
[0.9361980557441711, 0.05732027813792229, 0.006481706630438566]
[0.18447071313858032, 0.3952372670173645, 0.42029204964637756]
[0.6536484360694885, 0.30259042978286743, 0.04376120865345001]
[0.29518139362335205, 0.5518159866333008, 0.15300261974334717]
[0.7240203619003296, 0.24156774580478668, 0.034411896020174026]
[0.7149953842163086, 0.2363569289445877, 0.048647694289684296]
[0.504594624042511, 0.38052070140838623, 0.1148846372961998]
[0.1694178432226181, 0.5090747475624084, 0.32150742411613464]
[0.07473418861627579, 0.541188657283783, 0.3840772211551666]
[0.4528771936893463, 0.46628043055534363, 0.08084231615066528]
[0.8259754180908203, 0.16061939299106598, 0.013405151665210724]
[0.8153828382492065, 0.15517106652259827, 0.02944612130522728]
[0.46457937359809875, 0.3835398554801941, 0.15188072621822357]
[0.6758049726486206, 0.2883075177669525, 0.0358874686062336]
[0.6685377955436707, 0.3061821162700653, 0.025280050933361053]
[0.5926109552383423, 0.3631158471107483, 0.04427318647503853]
[0.6517713069915771, 0.30046331882476807, 0.04776546359062195]
[0.9502204656600952, 0.04563344269990921, 0.004146145191043615]
[0.7330741882324219, 0.22582750022411346, 0.04109836742281914]
[0.7522823810577393, 0.2275323122739792, 0.020185332745313644]
[0.012992285192012787, 0.2729615867137909, 0.7140461206436157]
[0.42969492077827454, 0.4105616509914398, 0.15974341332912445]
[0.6601766347885132, 0.29506126046180725, 0.04476204514503479]
[0.7299704551696777, 0.24568817019462585, 0.024341385811567307]
[0.8582748174667358, 0.12973421812057495, 0.011990985833108425]
