[0.7799844741821289, 0.16594868898391724, 0.05406681075692177]
[0.038175757974386215, 0.35107389092445374, 0.6107503771781921]
[0.11262184381484985, 0.7141004204750061, 0.17327776551246643]
[0.002356640063226223, 0.026868384331464767, 0.9707749485969543]
[0.003410809673368931, 0.3840358853340149, 0.6125532388687134]
[0.01786397024989128, 0.09781420975923538, 0.8843218684196472]
[0.20837317407131195, 0.42195096611976624, 0.3696758449077606]
[0.06598848849534988, 0.47520115971565247, 0.458810418844223]
[0.6594293713569641, 0.29809898138046265, 0.04247165471315384]
[0.37295469641685486, 0.4542764127254486, 0.17276892066001892]
[0.02072557806968689, 0.4802866578102112, 0.49898770451545715]
[0.04160233959555626, 0.31727489829063416, 0.6411227583885193]
[0.0023955421056598425, 0.05070507898926735, 0.9468993544578552]
[0.004794785752892494, 0.21592119336128235, 0.7792840003967285]
[0.03354906290769577, 0.6891588568687439, 0.2772921025753021]
[0.14735697209835052, 0.6651780009269714, 0.18746505677700043]
[0.01314734946936369, 0.3641050457954407, 0.6227476000785828]
[0.011066875420510769, 0.4699722230434418, 0.5189608931541443]
[0.03133544325828552, 0.3700825572013855, 0.5985820889472961]
[0.45621204376220703, 0.4833844304084778, 0.060403481125831604]
[0.6697205901145935, 0.2947864830493927, 0.03549297899007797]
[0.47890323400497437, 0.4169616401195526, 0.10413513332605362]
[0.046863239258527756, 0.5719946622848511, 0.38114216923713684]
[0.7954336404800415, 0.1878550946712494, 0.016711197793483734]
[0.35460326075553894, 0.4513057768344879, 0.19409096240997314]
[0.008855871856212616, 0.24540993571281433, 0.7457342147827148]
[0.004527315031737089, 0.03646773472428322, 0.9590049386024475]
[0.0019004673231393099, 0.011769638396799564, 0.986329972743988]
[0.13059185445308685, 0.4739692807197571, 0.3954388499259949]
[0.13095694780349731, 0.5598329305648804, 0.30921006202697754]
[0.0030016284435987473, 0.14672473073005676, 0.8502736687660217]
[0.013601130805909634, 0.21352878212928772, 0.7728700637817383]
[0.03970063477754593, 0.27692675590515137, 0.6833726167678833]
[0.0015687422128394246, 0.025378786027431488, 0.9730525016784668]
