[0.00693224323913455, 0.017798669636249542, 0.9752690196037292]
[0.0069849127903580666, 0.14068396389484406, 0.8523311018943787]
[0.04926829785108566, 0.32239288091659546, 0.6283388733863831]
[0.007507645059376955, 0.032471418380737305, 0.960020899772644]
[0.054258089512586594, 0.5659908056259155, 0.3797510862350464]
[0.002698145341128111, 0.03093118965625763, 0.966370701789856]
[0.03081921488046646, 0.16470305621623993, 0.8044777512550354]
[0.006591763813048601, 0.06018844619393349, 0.9332197904586792]
[0.009553855285048485, 0.21655535697937012, 0.7738907933235168]
[0.11721286922693253, 0.5058698058128357, 0.3769173324108124]
[0.05247636139392853, 0.1338265836238861, 0.8136970400810242]
[0.004940557759255171, 0.08273293823003769, 0.9123265147209167]
[0.026209697127342224, 0.3565931022167206, 0.6171972751617432]
[0.021708274260163307, 0.14430831372737885, 0.8339834213256836]
[0.050748635083436966, 0.230521097779274, 0.7187302708625793]
[0.07116594165563583, 0.36868563294410706, 0.5601484179496765]
[0.0574464350938797, 0.7143705487251282, 0.2281830608844757]
[0.08607257902622223, 0.4242452085018158, 0.4896821677684784]
[0.0071912179701030254, 0.09264111518859863, 0.90016770362854]
[0.009051625616848469, 0.06573113054037094, 0.9252172708511353]
[0.005450539756566286, 0.07598966360092163, 0.9185598492622375]
[0.0632479339838028, 0.32779476046562195, 0.6089572906494141]
[0.00474137719720602, 0.046461258083581924, 0.9487974047660828]
[0.001962280133739114, 0.023723838850855827, 0.9743139147758484]
[0.20191898941993713, 0.5310838222503662, 0.26699721813201904]
[0.00929038692265749, 0.11988851428031921, 0.8708210587501526]
[0.29404038190841675, 0.5741792321205139, 0.13178040087223053]
[0.0028167457785457373, 0.052448950707912445, 0.9447343349456787]
[0.006021569482982159, 0.0719364657998085, 0.9220420122146606]
[0.4737221896648407, 0.3692011833190918, 0.1570766568183899]
[0.044334396719932556, 0.1961938887834549, 0.7594717144966125]
[0.3174198865890503, 0.46883806586265564, 0.21374206244945526]
[0.5513021945953369, 0.3924340307712555, 0.056263767182826996]
[0.2864147126674652, 0.4924127757549286, 0.221172496676445]
[0.004157993942499161, 0.0813540369272232, 0.9144879579544067]
[0.35942864418029785, 0.3904441297054291, 0.25012722611427307]
[0.8184311389923096, 0.16650715470314026, 0.015061688609421253]
[0.6280674934387207, 0.29088544845581055, 0.08104699850082397]
[0.014422946609556675, 0.06931177526712418, 0.9162652492523193]
[0.05342666059732437, 0.3535812795162201, 0.5929920673370361]
[0.4392751455307007, 0.46731045842170715, 0.09341442584991455]
[0.5124967694282532, 0.4206806719303131, 0.06682249903678894]
[0.028794679790735245, 0.5645223259925842, 0.40668293833732605]
[0.00195843493565917, 0.010538503527641296, 0.9875029921531677]
[0.4646058976650238, 0.3781420886516571, 0.1572520136833191]
[0.22097435593605042, 0.5108799934387207, 0.2681456506252289]
[0.002257363637909293, 0.06190839782357216, 0.9358342885971069]
[0.0033801584504544735, 0.037702228873968124, 0.9589175581932068]
[0.002251060213893652, 0.020930681377649307, 0.976818323135376]
