[0.1282862275838852, 0.6223939061164856, 0.2493198812007904]
[0.025911657139658928, 0.6049187183380127, 0.36916959285736084]
[0.028792114928364754, 0.7789099812507629, 0.19229789078235626]
[0.18104325234889984, 0.6918972730636597, 0.12705956399440765]
[0.13042835891246796, 0.7473579049110413, 0.12221377342939377]
[0.022263474762439728, 0.443325400352478, 0.5344110727310181]
[0.5628789663314819, 0.38785722851753235, 0.04926377162337303]
[0.2909829020500183, 0.535271406173706, 0.17374564707279205]
[0.006952157709747553, 0.14971527457237244, 0.8433325886726379]
[0.010817830450832844, 0.3526185154914856, 0.6365636587142944]
[0.26040008664131165, 0.6719081401824951, 0.06769172847270966]
[0.5919308662414551, 0.3861907422542572, 0.021878385916352272]
[0.775551974773407, 0.21457314491271973, 0.00987487193197012]
[0.34963154792785645, 0.5515227913856506, 0.09884563833475113]
[0.12912331521511078, 0.720119297504425, 0.15075737237930298]
[0.047663405537605286, 0.24227137863636017, 0.7100651860237122]
[0.0269800815731287, 0.31756770610809326, 0.6554522514343262]
[0.567341148853302, 0.3672260046005249, 0.06543289124965668]
