[0.009996592067182064, 0.052016712725162506, 0.9379866719245911]
[0.007594661321491003, 0.053964439779520035, 0.9384409189224243]
[0.046618953347206116, 0.6734461784362793, 0.2799348831176758]
[0.005245513282716274, 0.12627804279327393, 0.8684764504432678]
[0.006432667840272188, 0.13939277827739716, 0.8541746139526367]
[0.036380015313625336, 0.7498146295547485, 0.2138054072856903]
[0.012814376503229141, 0.6025609970092773, 0.3846246004104614]
[0.02448531612753868, 0.21345911920070648, 0.7620555758476257]
[0.03792658448219299, 0.4441206157207489, 0.5179527997970581]
[0.10242680460214615, 0.7152729630470276, 0.18230026960372925]
[0.02145516872406006, 0.22389744222164154, 0.754647433757782]
[0.032045070081949234, 0.20276406407356262, 0.7651908993721008]
[0.016131775453686714, 0.1711675524711609, 0.8127006888389587]
[0.028831757605075836, 0.27590039372444153, 0.695267915725708]
[0.030076468363404274, 0.2427101880311966, 0.7272133231163025]
[0.02006882056593895, 0.08719049394130707, 0.8927407264709473]
[0.4232177436351776, 0.48520195484161377, 0.0915803536772728]
[0.018049852922558784, 0.21586699783802032, 0.7660831212997437]
[0.2214001566171646, 0.5502127408981323, 0.22838716208934784]
[0.010370058938860893, 0.1118151843547821, 0.8778147101402283]
[0.011343402788043022, 0.14461296796798706, 0.8440436720848083]
[0.0035531597677618265, 0.026099780574440956, 0.9703471064567566]
