[0.005963091738522053, 0.03418939560651779, 0.9598474502563477]
[0.010592051781713963, 0.19614332914352417, 0.7932645678520203]
[0.03650122508406639, 0.6078969240188599, 0.35560178756713867]
[0.2899024486541748, 0.4592475891113281, 0.25084996223449707]
[0.011952201835811138, 0.25799188017845154, 0.7300558686256409]
[0.04293499141931534, 0.31039243936538696, 0.6466725468635559]
[0.002647626446560025, 0.03980211168527603, 0.9575502872467041]
[0.005304374266415834, 0.10915607213973999, 0.8855395317077637]
[0.007200527936220169, 0.11476454138755798, 0.8780349493026733]
[0.022244812920689583, 0.1317978948354721, 0.8459572792053223]
[0.3210318982601166, 0.4977189004421234, 0.1812492460012436]
[0.2022915929555893, 0.4709555208683014, 0.32675284147262573]
[0.03344285860657692, 0.20666001737117767, 0.7598971724510193]
[0.024241775274276733, 0.325478196144104, 0.6502800583839417]
[0.004063921049237251, 0.06771621108055115, 0.9282198548316956]
[0.006258365698158741, 0.04639377072453499, 0.94734787940979]
[0.012716013938188553, 0.04271635413169861, 0.9445676207542419]
[0.05079961195588112, 0.12604573369026184, 0.8231546878814697]
[0.5990285873413086, 0.3608493208885193, 0.040122054517269135]
[0.012363443151116371, 0.12212053686380386, 0.8655160069465637]
[0.023068252950906754, 0.097235769033432, 0.8796959519386292]
[0.14400339126586914, 0.3249070346355438, 0.5310896039009094]
[0.4318957030773163, 0.4837723672389984, 0.08433189988136292]
[0.015644513070583344, 0.11579916626214981, 0.8685563206672668]
[0.5708879232406616, 0.3836026191711426, 0.04550950974225998]
[0.2774302661418915, 0.4270016551017761, 0.2955680191516876]
[0.10749522596597672, 0.40354612469673157, 0.4889586567878723]
[0.025797957554459572, 0.22182871401309967, 0.7523732781410217]
[0.014214691706001759, 0.18191035091876984, 0.8038749694824219]
[0.006962826941162348, 0.05364564433693886, 0.939391553401947]
[0.11185252666473389, 0.5832993984222412, 0.3048481047153473]
[0.0019168651197105646, 0.06250856816768646, 0.9355745911598206]
