[0.3105523884296417, 0.5842117071151733, 0.10523595660924911]
[0.029637673869729042, 0.23880434036254883, 0.7315579056739807]
[0.026903856545686722, 0.3725913465023041, 0.6005047559738159]
[0.029751121997833252, 0.8079267144203186, 0.16232222318649292]
[0.07945551723241806, 0.8100438714027405, 0.11050058156251907]
[0.12664827704429626, 0.7169679403305054, 0.1563837230205536]
[0.8263821005821228, 0.1420666128396988, 0.031551294028759]
[0.9579014182090759, 0.03768819943070412, 0.004410338122397661]
[0.6493269801139832, 0.3177518844604492, 0.03292104974389076]
[0.38680577278137207, 0.3920561671257019, 0.22113803029060364]
[0.6543273329734802, 0.2793303430080414, 0.0663423165678978]
[0.3821132779121399, 0.5050579905509949, 0.11282873153686523]
[0.026283498853445053, 0.21895752847194672, 0.7547590136528015]
[0.25670525431632996, 0.5571149587631226, 0.1861797571182251]
[0.4703889489173889, 0.3904363512992859, 0.1391746550798416]
[0.1290866583585739, 0.4959774911403656, 0.37493589520454407]
[0.03580307960510254, 0.27896833419799805, 0.6852285861968994]
[0.2779684066772461, 0.4774976074695587, 0.24453400075435638]
[0.001470227842219174, 0.08665633201599121, 0.9118734002113342]
[0.10233968496322632, 0.758483350276947, 0.13917690515518188]
[0.1268584132194519, 0.49413618445396423, 0.3790053725242615]
[0.002351555973291397, 0.041960425674915314, 0.9556879997253418]
[0.03285541385412216, 0.22023442387580872, 0.7469101548194885]
[0.3369680643081665, 0.578145444393158, 0.08488650619983673]
[0.864589273929596, 0.12151699513196945, 0.013893789611756802]
[0.012624642811715603, 0.735742449760437, 0.2516328990459442]
[0.5037448406219482, 0.4373994767665863, 0.05885574221611023]
[0.5785646438598633, 0.3526689112186432, 0.06876645982265472]
[0.7942540049552917, 0.18112286925315857, 0.024623079225420952]
[0.48280614614486694, 0.405795693397522, 0.11139816790819168]
[0.9410207271575928, 0.053309325128793716, 0.005669944453984499]
[0.029021460562944412, 0.09573429822921753, 0.8752442598342896]
[0.05469584837555885, 0.15840618312358856, 0.7868980169296265]
[0.10047021508216858, 0.6465466022491455, 0.2529831826686859]
[0.01321398001164198, 0.1212410107254982, 0.8655450344085693]
[0.006505928002297878, 0.07811340689659119, 0.9153806567192078]
[0.014827814884483814, 0.26083144545555115, 0.7243407964706421]
[0.6076933145523071, 0.3408924639225006, 0.05141425132751465]
[0.011124156415462494, 0.28580451011657715, 0.7030713558197021]
