[0.035987116396427155, 0.15995928645133972, 0.804053544998169]
[0.034460797905921936, 0.6058208346366882, 0.35971832275390625]
[0.2097363919019699, 0.5254591107368469, 0.2648044526576996]
[0.07682891935110092, 0.7406542897224426, 0.18251684308052063]
[0.004137041047215462, 0.13096939027309418, 0.8648935556411743]
[0.11352262645959854, 0.735816478729248, 0.15066096186637878]
[0.02441207319498062, 0.37933966517448425, 0.596248209476471]
[0.3586227297782898, 0.5263851284980774, 0.11499210447072983]
[0.3049406409263611, 0.5162862539291382, 0.17877306044101715]
[0.08983548730611801, 0.5964682698249817, 0.3136962056159973]
[0.13556623458862305, 0.6274503469467163, 0.23698341846466064]
[0.4847663342952728, 0.4057619571685791, 0.10947173833847046]
[0.20951320230960846, 0.6315485239028931, 0.15893825888633728]
[0.003941096365451813, 0.05494345724582672, 0.9411154389381409]
[0.04198956489562988, 0.8596904277801514, 0.09831999242305756]
[0.01054772362112999, 0.2973943054676056, 0.6920580267906189]
[0.1016894280910492, 0.33846068382263184, 0.5598498582839966]
[0.02629762887954712, 0.5650488138198853, 0.40865352749824524]
[0.025386519730091095, 0.4579373300075531, 0.516676127910614]
[0.31392067670822144, 0.5978941321372986, 0.08818519860506058]
[0.009422940202057362, 0.3687190115451813, 0.6218580603599548]
[0.03641880676150322, 0.734248697757721, 0.22933240234851837]
[0.06287703663110733, 0.5897340178489685, 0.3473888635635376]
[0.0706394836306572, 0.27345728874206543, 0.6559032201766968]
[0.017205538228154182, 0.24231624603271484, 0.7404782176017761]
[0.37068384885787964, 0.5042630434036255, 0.12505315244197845]
[0.009977228008210659, 0.12021992355585098, 0.8698028326034546]
[0.011838284321129322, 0.18290191888809204, 0.8052598237991333]
[0.09786627441644669, 0.7018163204193115, 0.20031747221946716]
[0.30205947160720825, 0.547902524471283, 0.1500379741191864]
[0.03990931808948517, 0.24434657394886017, 0.7157440781593323]
[0.060623686760663986, 0.7284746170043945, 0.21090169250965118]
[0.16106276214122772, 0.6191997528076172, 0.2197374552488327]
[0.003258081851527095, 0.07212214916944504, 0.924619734287262]
[0.009847338311374187, 0.21312399208545685, 0.7770286798477173]
[0.005646058823913336, 0.15859369933605194, 0.8357602953910828]
[0.0013920156052336097, 0.020742051303386688, 0.9778659343719482]
[0.007209075149148703, 0.06432464718818665, 0.928466260433197]
[0.021701660007238388, 0.33622559905052185, 0.6420727968215942]
[0.1764908730983734, 0.4968150556087494, 0.3266940414905548]
[0.015563808381557465, 0.11945275962352753, 0.8649834990501404]
[0.042066916823387146, 0.2517230808734894, 0.7062100172042847]
[0.6852803826332092, 0.28448304533958435, 0.03023669309914112]
[0.029950140044093132, 0.16769687831401825, 0.8023529648780823]
[0.06530109792947769, 0.42623987793922424, 0.5084590315818787]
[0.004778787959367037, 0.08660520613193512, 0.9086159467697144]
[0.09887135028839111, 0.32740262150764465, 0.5737260580062866]
[0.0038187289610505104, 0.12340900301933289, 0.8727722764015198]
[0.0348338857293129, 0.10454709827899933, 0.860619068145752]
[0.26803117990493774, 0.6078907251358032, 0.12407811731100082]
[0.16245464980602264, 0.6453065276145935, 0.19223880767822266]
[0.04330933466553688, 0.6244179606437683, 0.3322727680206299]
[0.0065392376855015755, 0.11572939902544022, 0.8777313232421875]
[0.027047423645853996, 0.5559107065200806, 0.4170418381690979]
[0.06361079961061478, 0.6795901656150818, 0.2567990720272064]
[0.08904626220464706, 0.4981739819049835, 0.412779837846756]
[0.24099399149417877, 0.6742947697639465, 0.08471120148897171]
[0.003091717604547739, 0.13863976299762726, 0.8582684993743896]
[0.015852438285946846, 0.7243348360061646, 0.25981274247169495]
[0.006998084019869566, 0.2440091371536255, 0.7489927411079407]
[0.0936092883348465, 0.6685374975204468, 0.23785318434238434]
[0.436210572719574, 0.47584640979766846, 0.08794296532869339]
[0.03355839475989342, 0.18409506976604462, 0.7823464870452881]
[0.08924726396799088, 0.2704700529575348, 0.6402826905250549]
[0.006442408077418804, 0.22178636491298676, 0.7717711925506592]
[0.1891108602285385, 0.6215720772743225, 0.18931707739830017]
[0.004692269954830408, 0.27983972430229187, 0.7154680490493774]
[0.09412651509046555, 0.5802764296531677, 0.3255971670150757]
[0.03149988502264023, 0.5701276659965515, 0.39837244153022766]
[0.6428384780883789, 0.30677950382232666, 0.050382100045681]
[0.012963301502168179, 0.20952637493610382, 0.7775103449821472]
[0.06958941370248795, 0.46374282240867615, 0.46666771173477173]
[0.03146497905254364, 0.1331835240125656, 0.8353514671325684]
[0.013320866972208023, 0.09232679754495621, 0.8943523168563843]
[0.0031315551605075598, 0.1506611853837967, 0.8462072610855103]
