[0.061179060488939285, 0.6660842299461365, 0.27273669838905334]
[0.26071903109550476, 0.4458307921886444, 0.2934502065181732]
[0.13317282497882843, 0.6210504770278931, 0.24577677249908447]
[0.019917650148272514, 0.6075676083564758, 0.3725147545337677]
[0.04589268937706947, 0.30822867155075073, 0.6458786129951477]
[0.03527272120118141, 0.1671081781387329, 0.797619104385376]
[0.5611034035682678, 0.36840441823005676, 0.07049219310283661]
[0.3609248697757721, 0.5801788568496704, 0.058896247297525406]
[0.09424594789743423, 0.6294271945953369, 0.2763269245624542]
[0.018781794235110283, 0.2485426664352417, 0.7326756119728088]
[0.0042613414116203785, 0.023722751066088676, 0.972015917301178]
[0.07354290038347244, 0.48625755310058594, 0.44019949436187744]
[0.019132867455482483, 0.5365753769874573, 0.44429171085357666]
[0.65290367603302, 0.31994906067848206, 0.02714722417294979]
[0.6127650141716003, 0.3447340428829193, 0.042500849813222885]
[0.709631621837616, 0.2644059360027313, 0.025962430983781815]
[0.6331450939178467, 0.31329670548439026, 0.053558140993118286]
[0.01913784258067608, 0.1878998577594757, 0.7929623126983643]
[0.0032074828632175922, 0.08574424684047699, 0.9110482335090637]
[0.019832806661725044, 0.24584463238716125, 0.7343225479125977]
[0.4902450144290924, 0.43387266993522644, 0.07588233053684235]
[0.004443903919309378, 0.0693289265036583, 0.9262271523475647]
[0.19003073871135712, 0.660686194896698, 0.1492830365896225]
[0.014878134243190289, 0.2607651650905609, 0.7243566513061523]
[0.01329577062278986, 0.30456969141960144, 0.6821345090866089]
[0.2839905619621277, 0.6004027128219604, 0.11560677736997604]
[0.015467014163732529, 0.06896640360355377, 0.915566623210907]
[0.8438224792480469, 0.13310028612613678, 0.023077288642525673]
[0.10997077077627182, 0.4669472277164459, 0.42308202385902405]
[0.04917643964290619, 0.37999671697616577, 0.5708267688751221]
[0.24881611764431, 0.45796114206314087, 0.29322269558906555]
[0.0024508885107934475, 0.1008845716714859, 0.896664559841156]
