[0.0039703501388430595, 0.044377073645591736, 0.9516525864601135]
[0.07322753965854645, 0.3564918637275696, 0.5702806115150452]
[0.039706308394670486, 0.44535648822784424, 0.5149372816085815]
[0.08348966389894485, 0.527809202671051, 0.38870111107826233]
[0.025014987215399742, 0.15674546360969543, 0.8182395100593567]
[0.009306427091360092, 0.15929986536502838, 0.8313937187194824]
[0.027827583253383636, 0.24189624190330505, 0.7302761673927307]
[0.01253408845514059, 0.06575813889503479, 0.9217077493667603]
[0.06792043149471283, 0.3207769989967346, 0.6113025546073914]
[0.04740649089217186, 0.2742670178413391, 0.6783264875411987]
[0.03773192688822746, 0.4818066954612732, 0.4804614186286926]
[0.0054610236547887325, 0.06851528584957123, 0.9260237216949463]
[0.020608076825737953, 0.18262842297554016, 0.7967634797096252]
[0.007152685429900885, 0.06414487957954407, 0.9287024736404419]
[0.01062794029712677, 0.3552760183811188, 0.634096086025238]
[0.008917095139622688, 0.17322205007076263, 0.8178608417510986]
[0.5510885119438171, 0.3267660140991211, 0.12214542180299759]
[0.003489747876301408, 0.022007623687386513, 0.9745026230812073]
[0.21055057644844055, 0.5176814198493958, 0.2717679738998413]
[0.5625439882278442, 0.3369869589805603, 0.10046905279159546]
[0.4180743396282196, 0.41729292273521423, 0.16463279724121094]
[0.022593671455979347, 0.13540223240852356, 0.8420040607452393]
[0.020421965047717094, 0.219869002699852, 0.7597090005874634]
[0.10789021849632263, 0.6822959780693054, 0.20981378853321075]
[0.03834831342101097, 0.5785267353057861, 0.3831249177455902]
[0.006141322664916515, 0.08993396162986755, 0.9039246439933777]
[0.1895231455564499, 0.5626556873321533, 0.24782110750675201]
[0.04450048878788948, 0.32795414328575134, 0.6275453567504883]
[0.002819917630404234, 0.07825082540512085, 0.9189292192459106]
[0.03649521619081497, 0.46703824400901794, 0.4964665174484253]
[0.1394621580839157, 0.47172296047210693, 0.38881486654281616]
[0.013069313019514084, 0.10612564533948898, 0.8808050751686096]
[0.006393529940396547, 0.105553038418293, 0.8880534768104553]
[0.1970403790473938, 0.5286133885383606, 0.2743462324142456]
[0.02600068598985672, 0.3346843719482422, 0.6393149495124817]
[0.691633939743042, 0.2717597782611847, 0.03660627827048302]
[0.26575392484664917, 0.6230968236923218, 0.11114916950464249]
[0.04682218283414841, 0.4573383033275604, 0.49583950638771057]
[0.1000862568616867, 0.5282015204429626, 0.37171226739883423]
[0.47997722029685974, 0.43748682737350464, 0.08253587782382965]
[0.16853347420692444, 0.4013712406158447, 0.4300953149795532]
[0.014483227394521236, 0.1863170564174652, 0.7991997003555298]
[0.1379772126674652, 0.5872516632080078, 0.27477118372917175]
[0.0012022044975310564, 0.041791800409555435, 0.9570059776306152]
[0.019304554909467697, 0.815936803817749, 0.16475865244865417]
[0.0027234195731580257, 0.10797817260026932, 0.8892984390258789]
