[0.23451513051986694, 0.5140478014945984, 0.2514370381832123]
[0.10786323994398117, 0.5396074056625366, 0.352529376745224]
[0.060268402099609375, 0.7839376330375671, 0.15579397976398468]
[0.012596490792930126, 0.14949581027030945, 0.8379077911376953]
[0.1369524449110031, 0.5650105476379395, 0.29803693294525146]
[0.25421759486198425, 0.5157662630081177, 0.23001618683338165]
[0.18846464157104492, 0.5414511561393738, 0.2700841724872589]
[0.09288132935762405, 0.7095712423324585, 0.19754746556282043]
[0.06448538601398468, 0.7292824983596802, 0.20623210072517395]
[0.1560443788766861, 0.7181136012077332, 0.12584203481674194]
[0.25005367398262024, 0.5575729608535767, 0.19237330555915833]
[0.49893173575401306, 0.414356529712677, 0.08671173453330994]
[0.5192381739616394, 0.40048089623451233, 0.08028100430965424]
[0.006184189580380917, 0.2813563644886017, 0.7124594449996948]
[0.024059677496552467, 0.3646664619445801, 0.6112738847732544]
[0.6557010412216187, 0.30738070607185364, 0.03691814839839935]
[0.43211254477500916, 0.4773276746273041, 0.09055979549884796]
[0.25620102882385254, 0.67478346824646, 0.06901546567678452]
[0.07471895962953568, 0.47070515155792236, 0.4545758366584778]
[0.04810602590441704, 0.5880596041679382, 0.3638343811035156]
[0.05635109916329384, 0.5214301943778992, 0.42221879959106445]
[0.015476315282285213, 0.17101742327213287, 0.8135062456130981]
[0.15782088041305542, 0.529773473739624, 0.31240564584732056]
[0.2855028212070465, 0.4982219636440277, 0.21627530455589294]
[0.0014242164324969053, 0.02135138399899006, 0.9772244691848755]
[0.2795190215110779, 0.5987597703933716, 0.12172114849090576]
[0.5491688251495361, 0.36879920959472656, 0.08203203231096268]
[0.0028385750483721495, 0.30801352858543396, 0.6891478896141052]
[0.015491546131670475, 0.1604919284582138, 0.8240164518356323]
[0.08157570660114288, 0.5616278648376465, 0.3567964434623718]
[0.29698580503463745, 0.6528046131134033, 0.05020952969789505]
[0.012644553557038307, 0.5424445867538452, 0.4449108839035034]
[0.024000488221645355, 0.17138388752937317, 0.8046156167984009]
[0.035931169986724854, 0.49779295921325684, 0.4662758708000183]
[0.34298795461654663, 0.4419916570186615, 0.21502038836479187]
[0.006340420804917812, 0.10281508415937424, 0.8908445239067078]
[0.4046153128147125, 0.4593808650970459, 0.13600382208824158]
[0.003493059426546097, 0.055973418056964874, 0.9405335187911987]
