[0.12630954384803772, 0.7479294538497925, 0.1257610023021698]
[0.01550696324557066, 0.8326976895332336, 0.15179546177387238]
[0.38792964816093445, 0.5382185578346252, 0.07385177910327911]
[0.042262207716703415, 0.3993973433971405, 0.5583404302597046]
[0.002604665467515588, 0.04176720604300499, 0.9556281566619873]
[0.0039019775576889515, 0.03765547275543213, 0.9584425091743469]
[0.3949853777885437, 0.43059688806533813, 0.17441771924495697]
[0.19474159181118011, 0.7287200093269348, 0.07653839141130447]
[0.004683209583163261, 0.15169718861579895, 0.8436195850372314]
[0.15719178318977356, 0.5760413408279419, 0.26676690578460693]
[0.006129291374236345, 0.0651816800236702, 0.9286890029907227]
[0.39271479845046997, 0.5002273321151733, 0.10705795884132385]
[0.2384120374917984, 0.5851730704307556, 0.17641490697860718]
[0.0018955753184854984, 0.06193045154213905, 0.9361740350723267]
[0.002886278787627816, 0.061771079897880554, 0.9353426098823547]
[0.007504190318286419, 0.07051372528076172, 0.9219821095466614]
[0.5444507598876953, 0.3575808107852936, 0.0979684516787529]
[0.26161372661590576, 0.5217520594596863, 0.21663416922092438]
[0.0013555752811953425, 0.014881311915814877, 0.9837630987167358]
[0.22712264955043793, 0.6763336062431335, 0.0965437963604927]
[0.10451649129390717, 0.6873583793640137, 0.20812517404556274]
[0.003933887928724289, 0.05642552673816681, 0.9396406412124634]
[0.013548753224313259, 0.2523527443408966, 0.734098494052887]
[0.17454999685287476, 0.6140945553779602, 0.21135544776916504]
[0.012310455553233624, 0.18466979265213013, 0.8030197620391846]
[0.04930878430604935, 0.29182717204093933, 0.6588640213012695]
[0.4769895374774933, 0.41423287987709045, 0.10877757519483566]
[0.08797295391559601, 0.49399226903915405, 0.41803479194641113]
[0.03878629952669144, 0.7007599472999573, 0.2604537904262543]
[0.02734573371708393, 0.2655096650123596, 0.707144558429718]
[0.08841369301080704, 0.36223268508911133, 0.5493536591529846]
[0.013637147843837738, 0.29519784450531006, 0.6911649703979492]
[0.0320497490465641, 0.4062548577785492, 0.561695396900177]
[0.0884781926870346, 0.6089227199554443, 0.30259910225868225]
[0.6780767440795898, 0.2750537693500519, 0.046869486570358276]
[0.024522682651877403, 0.19751253724098206, 0.7779647707939148]
[0.03476080298423767, 0.25931164622306824, 0.7059274911880493]
