[0.0016054316656664014, 0.022346673533320427, 0.976047933101654]
[0.13070277869701385, 0.30520448088645935, 0.5640926957130432]
[0.11779070645570755, 0.5526219010353088, 0.3295873999595642]
[0.010375958867371082, 0.08748243749141693, 0.9021416306495667]
[0.00845938827842474, 0.7036923766136169, 0.28784820437431335]
[0.10066847503185272, 0.6505575776100159, 0.24877393245697021]
[0.21873119473457336, 0.5599098205566406, 0.22135894000530243]
[0.004400743171572685, 0.1556982398033142, 0.8399010300636292]
[0.10822637379169464, 0.7791919708251953, 0.11258166283369064]
[0.0017068834276869893, 0.061839085072278976, 0.9364539980888367]
[0.0061550866812467575, 0.15551161766052246, 0.8383333086967468]
[0.0029128235764801502, 0.15955814719200134, 0.8375290632247925]
[0.009067346341907978, 0.13882030546665192, 0.852112352848053]
[0.1567048877477646, 0.486042857170105, 0.35725218057632446]
[0.022574016824364662, 0.17127129435539246, 0.806154727935791]
[0.00258844206109643, 0.08501900732517242, 0.9123924970626831]
[0.0811280757188797, 0.3157902956008911, 0.6030817031860352]
[0.01915556751191616, 0.7573055624961853, 0.2235388159751892]
[0.06025652214884758, 0.8407062888145447, 0.09903715550899506]
[0.5308310985565186, 0.3602416515350342, 0.10892720520496368]
[0.007531452924013138, 0.12613415718078613, 0.8663344383239746]
[0.01623053103685379, 0.17752473056316376, 0.8062447309494019]
[0.48956841230392456, 0.44428926706314087, 0.06614232063293457]
[0.016483064740896225, 0.1696099191904068, 0.8139070868492126]
[0.011614629998803139, 0.17255911231040955, 0.8158262968063354]
[0.010528527200222015, 0.1936325877904892, 0.7958388924598694]
[0.040501151233911514, 0.27278709411621094, 0.6867117881774902]
[0.052741751074790955, 0.5885340571403503, 0.3587242066860199]
[0.5107215642929077, 0.42215490341186523, 0.06712346524000168]
[0.04093761369585991, 0.35006046295166016, 0.6090019345283508]
[0.280381441116333, 0.6078770160675049, 0.1117415502667427]
[0.08173715323209763, 0.7753503918647766, 0.14291243255138397]
[0.13637280464172363, 0.5929685235023499, 0.2706586420536041]
[0.006471164524555206, 0.23895886540412903, 0.754569947719574]
[0.02328786440193653, 0.43648797273635864, 0.5402241349220276]
[0.01490422710776329, 0.1588291972875595, 0.8262665867805481]
[0.04602643847465515, 0.6605469584465027, 0.29342660307884216]
[0.0026649399660527706, 0.024377981200814247, 0.9729570746421814]
[0.012511935085058212, 0.6076574921607971, 0.37983062863349915]
[0.0037491037510335445, 0.07534032315015793, 0.9209105968475342]
[0.08065356314182281, 0.2578966021537781, 0.6614498496055603]
[0.003706113900989294, 0.04090232029557228, 0.955391526222229]
