[0.0026805864181369543, 0.20371629297733307, 0.7936031222343445]
[0.2804882228374481, 0.47290897369384766, 0.2466028332710266]
[0.0027894836384803057, 0.03126583993434906, 0.9659446477890015]
[0.01917777583003044, 0.21303099393844604, 0.767791211605072]
[0.004649180453270674, 0.15987147390842438, 0.8354793787002563]
[0.11955181509256363, 0.7006850242614746, 0.17976313829421997]
[0.006797352805733681, 0.1110147088766098, 0.8821879625320435]
[0.10877171903848648, 0.30445146560668945, 0.5867767930030823]
[0.005999137181788683, 0.17171089351177216, 0.8222899436950684]
[0.07057352364063263, 0.5774975419044495, 0.3519289493560791]
[0.012169281020760536, 0.4073407053947449, 0.5804900527000427]
[0.3319278061389923, 0.49903637170791626, 0.16903582215309143]
[0.5746048092842102, 0.3618380129337311, 0.0635572075843811]
[0.031644001603126526, 0.7833407521247864, 0.1850152462720871]
[0.0681033506989479, 0.7933006882667542, 0.13859598338603973]
[0.016468709334731102, 0.16964134573936462, 0.8138899207115173]
[0.01603596843779087, 0.6289418935775757, 0.355022132396698]
[0.02652096375823021, 0.6657291650772095, 0.30774986743927]
[0.007890340872108936, 0.11543560028076172, 0.8766740560531616]
[0.011089811101555824, 0.10692726820707321, 0.8819828629493713]
[0.418641597032547, 0.5008980631828308, 0.0804603099822998]
[0.01564452052116394, 0.21313242614269257, 0.7712230682373047]
[0.020884547382593155, 0.4075062572956085, 0.5716091394424438]
