[0.5944625735282898, 0.31325381994247437, 0.09228359907865524]
[0.04990248754620552, 0.37563711404800415, 0.5744604468345642]
[0.09774291515350342, 0.5137324333190918, 0.3885246515274048]
[0.01463786419481039, 0.1418805718421936, 0.8434815406799316]
[0.16075783967971802, 0.44189366698265076, 0.39734846353530884]
[0.01545342430472374, 0.14507557451725006, 0.8394709825515747]
[0.12670455873012543, 0.6647064089775085, 0.2085890918970108]
[0.07162168622016907, 0.7791213393211365, 0.14925698935985565]
[0.0066759586334228516, 0.20512913167476654, 0.7881948947906494]
[0.004441109020262957, 0.06881369650363922, 0.9267451763153076]
[0.8339782953262329, 0.14466342329978943, 0.02135823294520378]
[0.2847272455692291, 0.6009883880615234, 0.11428430676460266]
[0.0066628833301365376, 0.21486766636371613, 0.7784695029258728]
[0.045394279062747955, 0.32016947865486145, 0.6344361901283264]
[0.02561204321682453, 0.2529456615447998, 0.7214422225952148]
[0.16810882091522217, 0.35083404183387756, 0.48105713725090027]
[0.22613652050495148, 0.49368664622306824, 0.2801768183708191]
[0.0032526974100619555, 0.023007838055491447, 0.973739504814148]
[0.7585129737854004, 0.21276485919952393, 0.028722207993268967]
[0.01108425110578537, 0.10581675916910172, 0.8830990195274353]
[0.45812472701072693, 0.4040204882621765, 0.13785482943058014]
