[0.0062757860869169235, 0.14082394540309906, 0.8529003262519836]
[0.017452476546168327, 0.18883459270000458, 0.7937129139900208]
[0.005136493593454361, 0.12463073432445526, 0.8702327609062195]
[0.024399088695645332, 0.4413827359676361, 0.5342181324958801]
[0.006862906739115715, 0.10572595149278641, 0.8874111771583557]
[0.13241764903068542, 0.5525015592575073, 0.31508076190948486]
[0.044359102845191956, 0.5511474013328552, 0.404493510723114]
[0.0034992233850061893, 0.2112494856119156, 0.7852512001991272]
[0.11342489719390869, 0.6483790278434753, 0.23819608986377716]
[0.047148678451776505, 0.38141000270843506, 0.5714413523674011]
[0.00944860465824604, 0.10025599598884583, 0.8902953863143921]
[0.07624636590480804, 0.4182288646697998, 0.505524754524231]
[0.005903204903006554, 0.06586507707834244, 0.9282317161560059]
[0.0014620748115703464, 0.01618451252579689, 0.9823534488677979]
[0.003822421422228217, 0.028370054438710213, 0.9678075313568115]
[0.003323671640828252, 0.14867109060287476, 0.8480052351951599]
[0.4340924024581909, 0.4460155665874481, 0.11989206075668335]
[0.033210184425115585, 0.28008562326431274, 0.686704158782959]
