[0.03299887105822563, 0.4260554611682892, 0.5409456491470337]
[0.011665369383990765, 0.3197326064109802, 0.6686020493507385]
[0.009724333882331848, 0.12387216091156006, 0.8664035201072693]
[0.011500773951411247, 0.16031514108181, 0.8281841278076172]
[0.05881509929895401, 0.7987155914306641, 0.14246922731399536]
[0.03329680114984512, 0.7516988515853882, 0.2150043398141861]
[0.09533065557479858, 0.5173919796943665, 0.38727739453315735]
[0.019481956958770752, 0.3342604339122772, 0.6462576389312744]
[0.013136672787368298, 0.21530050039291382, 0.7715628743171692]
[0.023991139605641365, 0.31433379650115967, 0.6616750955581665]
[0.014184374362230301, 0.36550629138946533, 0.6203093528747559]
[0.036485426127910614, 0.5220229029655457, 0.4414917528629303]
[0.02775159850716591, 0.8296664953231812, 0.14258190989494324]
[0.0066135348752141, 0.1160547286272049, 0.8773317337036133]
[0.005167889874428511, 0.05658084526658058, 0.938251256942749]
[0.003355232533067465, 0.041234876960515976, 0.9554099440574646]
[0.030585555359721184, 0.7049012184143066, 0.2645132839679718]
[0.3631925880908966, 0.5163021683692932, 0.12050514668226242]
[0.3640470504760742, 0.5036717653274536, 0.13228119909763336]
[0.2629235088825226, 0.6318360567092896, 0.10524046421051025]
[0.0385136753320694, 0.354117751121521, 0.6073685884475708]
[0.3033091127872467, 0.45485973358154297, 0.24183116853237152]
[0.35832130908966064, 0.5200049877166748, 0.12167373299598694]
[0.008062881417572498, 0.15958717465400696, 0.8323498964309692]
[0.007484194356948137, 0.06531303375959396, 0.9272027015686035]
