[0.016861068084836006, 0.23124077916145325, 0.7518981695175171]
[0.0025657673832029104, 0.036220088601112366, 0.9612141251564026]
[0.0023479736410081387, 0.0258907712996006, 0.9717612862586975]
[0.0017099127871915698, 0.05002523958683014, 0.9482648968696594]
[0.21844542026519775, 0.4805642366409302, 0.3009903132915497]
[0.3055184483528137, 0.49020662903785706, 0.20427483320236206]
[0.11750796437263489, 0.6152525544166565, 0.26723945140838623]
[0.010536505840718746, 0.09219300746917725, 0.8972705006599426]
[0.010097465477883816, 0.13896338641643524, 0.8509392142295837]
[0.5075845122337341, 0.39013785123825073, 0.10227756947278976]
[0.13075342774391174, 0.44694775342941284, 0.4222988188266754]
[0.011017156764864922, 0.06512017548084259, 0.923862636089325]
[0.006633267737925053, 0.19441986083984375, 0.7989468574523926]
[0.0077851274982094765, 0.12819628417491913, 0.8640186190605164]
[0.04381845146417618, 0.33226922154426575, 0.6239122748374939]
[0.175783172249794, 0.5256683230400085, 0.2985484302043915]
[0.07548464834690094, 0.461394727230072, 0.46312063932418823]
[0.0834876075387001, 0.5220844149589539, 0.394428014755249]
[0.004416510462760925, 0.09788306802511215, 0.8977003693580627]
[0.030574288219213486, 0.2490776777267456, 0.7203480005264282]
[0.9369074106216431, 0.05647329241037369, 0.006619255989789963]
[0.05538824200630188, 0.47412461042404175, 0.47048714756965637]
[0.00881081260740757, 0.2577056586742401, 0.7334834933280945]
[0.0016038857866078615, 0.014876969158649445, 0.9835191369056702]
[0.06162261217832565, 0.28600481152534485, 0.6523725390434265]
[0.01392273884266615, 0.05628839507699013, 0.9297888278961182]
[0.002984226681292057, 0.0167938731610775, 0.9802219271659851]
[0.09506124258041382, 0.4449983537197113, 0.4599403738975525]
[0.22589990496635437, 0.40665897727012634, 0.3674410879611969]
[0.136520653963089, 0.38950809836387634, 0.47397133708000183]
[0.3581711947917938, 0.4790775775909424, 0.16275115311145782]
[0.4573252499103546, 0.44209322333335876, 0.10058154165744781]
[0.6989253759384155, 0.2634889483451843, 0.037585701793432236]
[0.550321638584137, 0.35142719745635986, 0.09825123101472855]
[0.07205500453710556, 0.5451127290725708, 0.3828323185443878]
[0.43809181451797485, 0.44073954224586487, 0.12116867303848267]
[0.05744054913520813, 0.40818163752555847, 0.5343778133392334]
[0.053815919905900955, 0.25442853569984436, 0.6917555332183838]
[0.49548789858818054, 0.3627229630947113, 0.14178913831710815]
[0.020844269543886185, 0.19607530534267426, 0.7830803990364075]
[0.002146681770682335, 0.05518586188554764, 0.9426674246788025]
