[0.001155220321379602, 0.012720015831291676, 0.9861246943473816]
[0.021849188953638077, 0.2158002257347107, 0.7623505592346191]
[0.04897832125425339, 0.4822178781032562, 0.46880385279655457]
[0.01567276380956173, 0.22549693286418915, 0.7588303089141846]
[0.011621720157563686, 0.15005171298980713, 0.838326632976532]
[0.018646279349923134, 0.7607707381248474, 0.22058308124542236]
[0.04651963338255882, 0.5538671016693115, 0.39961329102516174]
[0.028046192601323128, 0.4570896029472351, 0.5148642659187317]
[0.021100081503391266, 0.33327439427375793, 0.6456255316734314]
[0.014297883957624435, 0.3803900480270386, 0.6053121089935303]
[0.004257603082805872, 0.07949242740869522, 0.9162500500679016]
[0.00438707135617733, 0.03695378825068474, 0.9586591720581055]
[0.0040974863804876804, 0.06590777635574341, 0.9299947023391724]
[0.01582065038383007, 0.3103296160697937, 0.6738497614860535]
[0.01540199015289545, 0.11479616165161133, 0.8698018193244934]
[0.11448140442371368, 0.7894116640090942, 0.09610689431428909]
[0.0553574375808239, 0.46039092540740967, 0.48425164818763733]
[0.018237711861729622, 0.19646231830120087, 0.7852999567985535]
[0.010931729339063168, 0.26445382833480835, 0.7246144413948059]
[0.16031485795974731, 0.4256592094898224, 0.4140259921550751]
[0.04292118176817894, 0.2861431837081909, 0.6709356904029846]
[0.10265689343214035, 0.5883697867393494, 0.3089733123779297]
[0.005265738349407911, 0.13125936686992645, 0.8634748458862305]
[0.002148617757484317, 0.04855478182435036, 0.9492966532707214]
