[0.8140655159950256, 0.15944062173366547, 0.026493804529309273]
[0.9051311612129211, 0.08609800040721893, 0.008770882152020931]
[0.17930607497692108, 0.5944544076919556, 0.22623957693576813]
[0.013062559999525547, 0.16763606667518616, 0.8193013668060303]
[0.02422128990292549, 0.2462701052427292, 0.729508638381958]
[0.5944831371307373, 0.3663729727268219, 0.03914396092295647]
[0.11616673320531845, 0.6117376089096069, 0.2720956802368164]
[0.18541181087493896, 0.5389168858528137, 0.2756713032722473]
[0.01913795806467533, 0.3404815196990967, 0.6403805017471313]
[0.04549663886427879, 0.6994341015815735, 0.2550693452358246]
[0.008642613887786865, 0.07221581786870956, 0.9191415905952454]
[0.3820733428001404, 0.49780991673469543, 0.1201167181134224]
[0.13726885616779327, 0.5394721031188965, 0.3232590854167938]
[0.42081886529922485, 0.4650164842605591, 0.11416471749544144]
[0.5827900171279907, 0.3711546063423157, 0.04605542868375778]
[0.0996779203414917, 0.46740055084228516, 0.43292155861854553]
[0.9266551733016968, 0.0677056759595871, 0.005639198701828718]
[0.04398679360747337, 0.2374580204486847, 0.718555212020874]
[0.038119807839393616, 0.6037290692329407, 0.3581511378288269]
[0.1607380509376526, 0.3778114318847656, 0.4614504873752594]
[0.005171599797904491, 0.06913311779499054, 0.9256953001022339]
[0.05980612710118294, 0.6893619298934937, 0.2508320212364197]
[0.5414748787879944, 0.38107165694236755, 0.07745347172021866]
[0.018845418468117714, 0.19886890053749084, 0.7822856903076172]
[0.5323756337165833, 0.36727073788642883, 0.10035356879234314]
[0.07137289643287659, 0.3218833804130554, 0.6067436933517456]
[0.02121857926249504, 0.17566780745983124, 0.8031136393547058]
[0.022264882922172546, 0.41142168641090393, 0.5663133859634399]
[0.1283961534500122, 0.44797855615615845, 0.42362532019615173]
[0.020142313092947006, 0.4388073682785034, 0.5410502552986145]
[0.1515159159898758, 0.6718699932098389, 0.17661412060260773]
[0.06028542295098305, 0.5918968915939331, 0.34781765937805176]
[0.024220773950219154, 0.40082016587257385, 0.5749590992927551]
[0.017977776005864143, 0.33675867319107056, 0.6452635526657104]
[0.006366973277181387, 0.06177588552236557, 0.931857168674469]
[0.022150084376335144, 0.22456501424312592, 0.7532849311828613]
[0.0048356009647250175, 0.09161026775836945, 0.9035540819168091]
[0.04818485677242279, 0.2934756278991699, 0.6583395004272461]
[0.010054783895611763, 0.08960404247045517, 0.9003411531448364]
[0.03369731083512306, 0.3054235875606537, 0.6608791351318359]
[0.016319196671247482, 0.18238545954227448, 0.8012953400611877]
[0.365449458360672, 0.5141743421554565, 0.12037619203329086]
[0.009954026900231838, 0.09739312529563904, 0.8926528692245483]
[0.20888632535934448, 0.47760504484176636, 0.31350865960121155]
[0.04464631900191307, 0.6638148427009583, 0.29153892397880554]
[0.0025345641188323498, 0.14587876200675964, 0.851586639881134]
[0.17577148973941803, 0.5028147101402283, 0.3214137852191925]
[0.027709946036338806, 0.43924230337142944, 0.5330477356910706]
[0.07112537324428558, 0.6054136753082275, 0.3234608769416809]
[0.37363818287849426, 0.5256690979003906, 0.10069272667169571]
[0.12978200614452362, 0.4590870141983032, 0.41113096475601196]
[0.1817002296447754, 0.5514655709266663, 0.26683416962623596]
