[0.03399107605218887, 0.5223085880279541, 0.4437003433704376]
[0.082656130194664, 0.3053220212459564, 0.6120218634605408]
[0.19405899941921234, 0.6491976380348206, 0.15674328804016113]
[0.01411047950387001, 0.2748855948448181, 0.7110039591789246]
[0.007923828437924385, 0.2167944610118866, 0.7752817273139954]
[0.02004936710000038, 0.7206850051879883, 0.2592655420303345]
[0.0026905725244432688, 0.06862974166870117, 0.9286797046661377]
[0.009476459585130215, 0.32355958223342896, 0.6669639945030212]
[0.018549850210547447, 0.5042189359664917, 0.47723114490509033]
[0.3100583553314209, 0.5488833785057068, 0.14105820655822754]
[0.20480911433696747, 0.46034812927246094, 0.3348427712917328]
[0.11636926978826523, 0.5798306465148926, 0.303800106048584]
[0.03555271029472351, 0.3257502019405365, 0.63869708776474]
[0.5936796069145203, 0.364871621131897, 0.041448745876550674]
[0.3415070176124573, 0.5880118608474731, 0.07048115134239197]
[0.1458093672990799, 0.5436350107192993, 0.31055569648742676]
[0.6906898021697998, 0.2860281765460968, 0.023281987756490707]
[0.5823076963424683, 0.38112372159957886, 0.03656858950853348]
[0.0248757004737854, 0.15195459127426147, 0.8231697082519531]
[0.0064942492172122, 0.14103399217128754, 0.8524717688560486]
[0.655516505241394, 0.3115558326244354, 0.03292771056294441]
[0.2757817506790161, 0.48293977975845337, 0.2412785291671753]
[0.09626447409391403, 0.3889787793159485, 0.5147566795349121]
[0.11618630588054657, 0.6632928252220154, 0.22052089869976044]
[0.015641337260603905, 0.21830521523952484, 0.7660534977912903]
[0.04331791773438454, 0.3072459399700165, 0.6494361162185669]
[0.17602995038032532, 0.47885507345199585, 0.34511497616767883]
[0.3100840449333191, 0.5243399739265442, 0.1655760109424591]
[0.38388535380363464, 0.5217502117156982, 0.09436441212892532]
[0.11578319221735, 0.44414249062538147, 0.4400743246078491]
[0.639157772064209, 0.285115122795105, 0.07572714239358902]
[0.0033776904456317425, 0.09149815142154694, 0.9051241278648376]
[0.015604048036038876, 0.406070739030838, 0.5783252716064453]
[0.0013613697374239564, 0.07715528458356857, 0.9214832782745361]
