[0.0020428826101124287, 0.0237504281103611, 0.9742066264152527]
[0.013519532047212124, 0.4177888035774231, 0.5686915516853333]
[0.009810099378228188, 0.16170217096805573, 0.8284876942634583]
[0.10759811103343964, 0.701893150806427, 0.19050876796245575]
[0.006735117640346289, 0.10316455364227295, 0.8901003003120422]
[0.02575621008872986, 0.5355286002159119, 0.4387151300907135]
[0.09169916063547134, 0.6910859942436218, 0.21721474826335907]
[0.06628899276256561, 0.4235486388206482, 0.510162353515625]
[0.027117934077978134, 0.5269575119018555, 0.4459245800971985]
[0.009894035756587982, 0.44202354550361633, 0.5480824112892151]
[0.03327755630016327, 0.5516623258590698, 0.4150601327419281]
[0.007671327330172062, 0.07928073406219482, 0.9130479693412781]
[0.36873704195022583, 0.5205035209655762, 0.11075939238071442]
[0.027449579909443855, 0.312863826751709, 0.6596865653991699]
[0.00491822324693203, 0.08320105075836182, 0.9118807315826416]
[0.07183811813592911, 0.625153124332428, 0.30300870537757874]
[0.05958844721317291, 0.4439908266067505, 0.49642080068588257]
[0.1654219925403595, 0.7125522494316101, 0.12202585488557816]
[0.0042233155108988285, 0.09277308732271194, 0.9030035734176636]
[0.3385770916938782, 0.44637641310691833, 0.2150464951992035]
[0.05074021592736244, 0.25201669335365295, 0.6972430348396301]
[0.017633575946092606, 0.15386880934238434, 0.8284976482391357]
[0.0025412102695554495, 0.05559404194355011, 0.9418647289276123]
[0.0019180355593562126, 0.02268080972135067, 0.9754011631011963]
[0.00886122789233923, 0.23622004687786102, 0.7549187541007996]
[0.01289033330976963, 0.10565342754125595, 0.881456196308136]
[0.001722920686006546, 0.007776109967380762, 0.9905009269714355]
