[0.02275550551712513, 0.4157848060131073, 0.5614596605300903]
[0.39935144782066345, 0.4935597777366638, 0.10708877444267273]
[0.7301102876663208, 0.23972393572330475, 0.03016580082476139]
[0.7200591564178467, 0.2416047602891922, 0.03833607956767082]
[0.4691064655780792, 0.431037038564682, 0.09985645860433578]
[0.04140875115990639, 0.6742148995399475, 0.2843763828277588]
[0.8740963935852051, 0.10971380025148392, 0.016189871355891228]
[0.07717966288328171, 0.35239291191101074, 0.5704273581504822]
[0.009337044321000576, 0.09235341101884842, 0.898309588432312]
[0.014188925735652447, 0.3874591290950775, 0.5983519554138184]
[0.09108497947454453, 0.6942960619926453, 0.21461895108222961]
[0.14572958648204803, 0.49791163206100464, 0.3563588261604309]
[0.23611080646514893, 0.49678462743759155, 0.26710453629493713]
[0.7346776127815247, 0.1909065693616867, 0.07441580295562744]
[0.608280599117279, 0.3391559422016144, 0.05256342142820358]
[0.7922541499137878, 0.18912480771541595, 0.018621034920215607]
[0.1681455820798874, 0.6438066363334656, 0.18804775178432465]
[0.3229342997074127, 0.612590491771698, 0.06447512656450272]
[0.6589174270629883, 0.3134970963001251, 0.02758548967540264]
[0.27079081535339355, 0.5348523259162903, 0.19435684382915497]
[0.9365137219429016, 0.05749136209487915, 0.005994924809783697]
[0.4907127618789673, 0.44931507110595703, 0.059972211718559265]
[0.42953723669052124, 0.4980299174785614, 0.07243281602859497]
[0.29096361994743347, 0.5938336253166199, 0.11520273238420486]
[0.05117398127913475, 0.31944963335990906, 0.6293764114379883]
[0.06701945513486862, 0.2257007509469986, 0.7072798013687134]
[0.001501126796938479, 0.0376434400677681, 0.9608554244041443]
