[0.920157253742218, 0.06633943319320679, 0.01350337639451027]
[0.2458980530500412, 0.6296387910842896, 0.12446326017379761]
[0.04187750071287155, 0.29620492458343506, 0.661917507648468]
[0.0026055211201310158, 0.10263471305370331, 0.8947597742080688]
[0.11907025426626205, 0.38386955857276917, 0.4970601499080658]
[0.010069919750094414, 0.45295092463493347, 0.5369791388511658]
[0.0033532220404595137, 0.09644937515258789, 0.9001973867416382]
[0.0027473890222609043, 0.12260235100984573, 0.874650239944458]
[0.019069690257310867, 0.11369618773460388, 0.8672341108322144]
[0.002561909379437566, 0.05695798248052597, 0.9404801726341248]
[0.021381430327892303, 0.685711145401001, 0.2929074764251709]
[0.01612352393567562, 0.5678418874740601, 0.41603463888168335]
[0.002453198656439781, 0.04292319342494011, 0.9546236395835876]
[0.06406660377979279, 0.7003157138824463, 0.23561768233776093]
[0.040840525180101395, 0.7902812361717224, 0.16887828707695007]
[0.01235365029424429, 0.41164419054985046, 0.5760021209716797]
[0.8186858296394348, 0.16095173358917236, 0.02036237344145775]
[0.5411685705184937, 0.4023742973804474, 0.056457094848155975]
[0.11376374214887619, 0.44240930676460266, 0.44382694363594055]
[0.7023714780807495, 0.2654148042201996, 0.03221370279788971]
[0.4500289261341095, 0.4817958474159241, 0.06817521899938583]
[0.9312499165534973, 0.06216127797961235, 0.006588798947632313]
[0.680523157119751, 0.2892518937587738, 0.030224977061152458]
[0.031533755362033844, 0.22819235920906067, 0.7402739524841309]
[0.3635594844818115, 0.5001204013824463, 0.13631999492645264]
[0.2170596718788147, 0.6208626627922058, 0.16207771003246307]
[0.9146351218223572, 0.0765148401260376, 0.00884994026273489]
[0.8038731217384338, 0.16895677149295807, 0.02717013843357563]
[0.8042045831680298, 0.17566251754760742, 0.02013293467462063]
[0.4130442440509796, 0.4596743881702423, 0.1272813081741333]
[0.005009244661778212, 0.0726596787571907, 0.9223310947418213]
[0.027282634750008583, 0.5692266225814819, 0.40349075198173523]
[0.07658784836530685, 0.481848806142807, 0.44156333804130554]
[0.1755584329366684, 0.5916978716850281, 0.23274371027946472]
[0.13816696405410767, 0.7096543908119202, 0.15217864513397217]
[0.008646734990179539, 0.05821843072772026, 0.9331348538398743]
[0.23186075687408447, 0.6312836408615112, 0.13685563206672668]
[0.28739333152770996, 0.581548810005188, 0.1310579478740692]
[0.20668300986289978, 0.6526240706443787, 0.14069296419620514]
[0.32066982984542847, 0.5560345649719238, 0.12329565733671188]
[0.7235752940177917, 0.22005753219127655, 0.0563671737909317]
[0.13416516780853271, 0.658903956413269, 0.20693084597587585]
[0.09358496963977814, 0.3831409215927124, 0.5232741832733154]
[0.28725355863571167, 0.4448535144329071, 0.26789286732673645]
[0.8563177585601807, 0.1295316368341446, 0.014150548726320267]
[0.8656833171844482, 0.12223467230796814, 0.01208201702684164]
[0.5306897759437561, 0.3787088990211487, 0.09060131013393402]
[0.013176286593079567, 0.12865610420703888, 0.8581675887107849]
