[0.009853333234786987, 0.3125033974647522, 0.6776432394981384]
[0.006446432322263718, 0.11566997319459915, 0.8778836131095886]
[0.03733111545443535, 0.2683650851249695, 0.6943037509918213]
[0.06715132296085358, 0.5355716347694397, 0.39727702736854553]
[0.058648813515901566, 0.6001467108726501, 0.3412044942378998]
[0.3061739504337311, 0.6322078108787537, 0.06161822751164436]
[0.3877480924129486, 0.5169886350631714, 0.09526324272155762]
[0.15049387514591217, 0.6818162798881531, 0.16768981516361237]
[0.2624571919441223, 0.4854249358177185, 0.2521178722381592]
[0.12201668322086334, 0.32772406935691833, 0.5502591729164124]
[0.002173625398427248, 0.04134168475866318, 0.9564846754074097]
[0.7708186507225037, 0.21098312735557556, 0.01819823496043682]
[0.38677096366882324, 0.5289275050163269, 0.08430153876543045]
[0.00890923012048006, 0.1289350539445877, 0.8621557354927063]
[0.0025359997525811195, 0.03140730783343315, 0.9660566449165344]
[0.5849043130874634, 0.3628378212451935, 0.05225788801908493]
[0.0982070192694664, 0.24102354049682617, 0.6607694029808044]
[0.021983472630381584, 0.3995828926563263, 0.578433632850647]
[0.040942586958408356, 0.3207125961780548, 0.6383448243141174]
[0.19139112532138824, 0.5468157529830933, 0.2617931067943573]
[0.07910856604576111, 0.42692434787750244, 0.49396705627441406]
[0.07248684763908386, 0.7372136116027832, 0.19029946625232697]
[0.31564223766326904, 0.48385339975357056, 0.20050442218780518]
