[0.005449597258120775, 0.08410083502531052, 0.9104495644569397]
[0.020849645137786865, 0.19275395572185516, 0.7863963842391968]
[0.019952723756432533, 0.1403326392173767, 0.8397146463394165]
[0.010443023405969143, 0.0851699560880661, 0.9043869972229004]
[0.07656600326299667, 0.5916587710380554, 0.3317751884460449]
[0.061768144369125366, 0.4587431252002716, 0.47948870062828064]
[0.02109537273645401, 0.2314126044511795, 0.7474920153617859]
[0.008389151655137539, 0.20042945444583893, 0.7911814451217651]
[0.017277488484978676, 0.16210952401161194, 0.8206129670143127]
[0.019769582897424698, 0.14264923334121704, 0.8375811576843262]
[0.2874906063079834, 0.5231968760490417, 0.18931251764297485]
[0.2178872525691986, 0.5079622268676758, 0.27415043115615845]
[0.004774235188961029, 0.06028945371508598, 0.9349363446235657]
[0.6295028328895569, 0.31845566630363464, 0.05204149708151817]
[0.13528576493263245, 0.5180051326751709, 0.34670913219451904]
[0.1787216067314148, 0.47243091464042664, 0.3488474190235138]
[0.031766362488269806, 0.5074487328529358, 0.460784912109375]
[0.3578748404979706, 0.47078603506088257, 0.17133910953998566]
[0.008722661063075066, 0.17893880605697632, 0.8123385310173035]
[0.04932604730129242, 0.30936336517333984, 0.6413105726242065]
[0.029224177822470665, 0.5338048934936523, 0.4369710087776184]
[0.004968186374753714, 0.12306751310825348, 0.8719643354415894]
[0.007237677928060293, 0.18415115773677826, 0.8086111545562744]
[0.010010686703026295, 0.1970842331647873, 0.7929050326347351]
[0.014437180943787098, 0.06219630688428879, 0.9233664870262146]
