[0.13110105693340302, 0.454571396112442, 0.4143275022506714]
[0.008442925289273262, 0.0928449034690857, 0.898712158203125]
[0.009581219404935837, 0.0618751086294651, 0.9285436272621155]
[0.0021802710834890604, 0.03679991140961647, 0.96101975440979]
[0.07934409379959106, 0.5025358200073242, 0.4181201159954071]
[0.05544925481081009, 0.21349114179611206, 0.7310596108436584]
[0.036516837775707245, 0.3091140389442444, 0.6543691158294678]
[0.0021532687824219465, 0.026281611993908882, 0.9715651273727417]
[0.04559464752674103, 0.2413954883813858, 0.7130098342895508]
[0.04469802975654602, 0.3708946406841278, 0.5844072699546814]
[0.030599389225244522, 0.4058542251586914, 0.563546359539032]
[0.051307082176208496, 0.11978840082883835, 0.8289045095443726]
[0.005454444792121649, 0.20077815651893616, 0.7937673330307007]
[0.007366505451500416, 0.17170196771621704, 0.8209314942359924]
[0.03603384643793106, 0.5456257462501526, 0.41834044456481934]
[0.029340805485844612, 0.4828002154827118, 0.48785895109176636]
[0.0058935461565852165, 0.0933380201458931, 0.9007684588432312]
[0.02646767348051071, 0.2482149302959442, 0.7253173589706421]
[0.034803442656993866, 0.20914804935455322, 0.7560484409332275]
[0.004979267716407776, 0.09424097090959549, 0.9007797837257385]
[0.0230412557721138, 0.706931471824646, 0.2700272500514984]
[0.021029995754361153, 0.18950234353542328, 0.7894676923751831]
[0.09017640352249146, 0.5762191414833069, 0.3336044251918793]
[0.00540717039257288, 0.07809969037771225, 0.9164931774139404]
[0.05398980528116226, 0.39081501960754395, 0.555195152759552]
[0.031276553869247437, 0.2388603389263153, 0.7298631072044373]
[0.006961601786315441, 0.07611503452062607, 0.9169233441352844]
[0.002671543974429369, 0.01695476472377777, 0.980373740196228]
[0.02499023638665676, 0.16095848381519318, 0.8140512704849243]
[0.012312239035964012, 0.1751837283372879, 0.8125039935112]
[0.007249761372804642, 0.15737295150756836, 0.8353772759437561]
[0.05753891542553902, 0.442035049200058, 0.5004259943962097]
[0.024723554030060768, 0.4617253243923187, 0.5135511159896851]
[0.04015582054853439, 0.30989870429039, 0.6499454379081726]
[0.005347357131540775, 0.03901844844222069, 0.9556342363357544]
[0.12533457577228546, 0.400796502828598, 0.47386887669563293]
[0.06365621089935303, 0.5607576966285706, 0.37558606266975403]
[0.009886948391795158, 0.09560389816761017, 0.8945091962814331]
[0.008344225585460663, 0.2146216481924057, 0.7770341634750366]
[0.0020203469321131706, 0.1506606936454773, 0.8473188877105713]
